Algorithm,Task,Dim,Pop_Size,Generations,hyperparam_mutation_rate,hyperparam_sigma,hyperparam_elite_ratio,hyperparam_crossover_rate,Mean_Fitness,Fitness_Std,Mean_GPS,Compile_Time,Mean_Exec_Time
Standard_GA,sphere,50,128,200,0.8,0.5,0.5,0.5,485.3296862792969,39.35403296133339,41536.15909941592,0.9343737240124028,0.004815081710403319
Standard_GA,sphere,50,128,200,0.8,0.5,0.5,0.7,485.3296862792969,39.35403296133339,41419.69088752359,0.8352173540042713,0.004828621259948704
Standard_GA,sphere,50,128,200,0.8,0.5,0.5,0.8,485.3296862792969,39.35403296133339,42269.03208252908,0.8439734439889435,0.00473159639921505
Standard_GA,sphere,50,128,200,0.8,0.5,0.5,0.9,485.3296862792969,39.35403296133339,42259.55788270059,0.8464452939806506,0.004732657179119997
Standard_GA,sphere,50,128,200,0.8,0.5,0.5,1.0,485.3296862792969,39.35403296133339,42120.19472913249,0.8445340049802326,0.004748316129262093
Standard_GA,sphere,50,128,200,0.8,0.5,0.2,0.5,485.3296862792969,39.35403296133339,41499.61033377851,1.0081769239914138,0.004819322359689977
Standard_GA,sphere,50,128,200,0.8,0.5,0.2,0.7,485.3296862792969,39.35403296133339,41108.62876566076,1.0026194480014965,0.004865158629836514
Standard_GA,sphere,50,128,200,0.8,0.5,0.2,0.8,485.3296862792969,39.35403296133339,41082.08494975777,1.0069660450099036,0.004868302089453209
Standard_GA,sphere,50,128,200,0.8,0.5,0.2,0.9,485.3296862792969,39.35403296133339,41885.92359121597,1.0178011059761047,0.004774873820424546
Standard_GA,sphere,50,128,200,0.8,0.5,0.2,1.0,485.3296862792969,39.35403296133339,41419.03141660577,1.0369634040107485,0.004828698140918277
Standard_GA,sphere,50,128,200,0.8,0.5,0.4,0.5,485.3296862792969,39.35403296133339,40532.38041456386,1.0426656699855812,0.004934326529910322
Standard_GA,sphere,50,128,200,0.8,0.5,0.4,0.7,485.3296862792969,39.35403296133339,41029.77278963698,1.0489595760009252,0.004874509079672862
Standard_GA,sphere,50,128,200,0.8,0.5,0.4,0.8,485.3296862792969,39.35403296133339,41195.4080980581,1.0199760489922483,0.004854910030844622
Standard_GA,sphere,50,128,200,0.8,0.5,0.4,0.9,485.3296862792969,39.35403296133339,41252.45948652028,1.0539413160004187,0.004848195780068636
Standard_GA,sphere,50,128,200,0.8,0.5,0.4,1.0,485.3296862792969,39.35403296133339,41312.92236253678,1.1518020489893388,0.004841100279591047
Standard_GA,sphere,50,128,200,0.8,0.5,0.3,0.5,485.3296862792969,39.35403296133339,41138.181928367376,1.0349190910055768,0.0048616635598591525
Standard_GA,sphere,50,128,200,0.8,0.5,0.3,0.7,485.3296862792969,39.35403296133339,40829.53771224848,1.0260133830015548,0.004898414510826114
Standard_GA,sphere,50,128,200,0.8,0.5,0.3,0.8,485.3296862792969,39.35403296133339,40997.341411400594,1.0258487050014082,0.004878365111362654
Standard_GA,sphere,50,128,200,0.8,0.5,0.3,0.9,485.3296862792969,39.35403296133339,41069.16247244367,0.9962775360036176,0.004869833908451256
Standard_GA,sphere,50,128,200,0.8,0.5,0.3,1.0,485.3296862792969,39.35403296133339,40667.384548207134,1.03382364398567,0.004917945971246809
Standard_GA,sphere,50,128,200,0.8,0.5,0.6,0.5,485.3296862792969,39.35403296133339,40235.99602418187,1.0926653310016263,0.004970673520292621
Standard_GA,sphere,50,128,200,0.8,0.5,0.6,0.7,485.3296862792969,39.35403296133339,40732.924553470555,1.000232248014072,0.0049100329080829395
Standard_GA,sphere,50,128,200,0.8,0.5,0.6,0.8,485.3296862792969,39.35403296133339,40851.139210239555,0.9823909660044592,0.004895824299310334
Standard_GA,sphere,50,128,200,0.8,0.5,0.6,0.9,485.3296862792969,39.35403296133339,40645.56240420635,1.029739185993094,0.004920586360967718
Standard_GA,sphere,50,128,200,0.8,0.5,0.6,1.0,485.3296862792969,39.35403296133339,40793.76633878247,1.0324701219797134,0.004902709848829545
Standard_GA,sphere,50,128,200,0.8,0.5,0.7,0.5,485.3296862792969,39.35403296133339,40783.914990213,1.0466045409848448,0.004903894097660668
Standard_GA,sphere,50,128,200,0.8,0.5,0.7,0.7,485.3296862792969,39.35403296133339,40298.66557882397,1.088919020985486,0.00496294349024538
Standard_GA,sphere,50,128,200,0.8,0.5,0.7,0.8,485.3296862792969,39.35403296133339,41004.947621438754,1.1019264990172815,0.004877460199350025
Standard_GA,sphere,50,128,200,0.8,0.5,0.7,0.9,485.3296862792969,39.35403296133339,41051.55705808123,1.1241480500029866,0.004871922390593681
Standard_GA,sphere,50,128,200,0.8,0.5,0.7,1.0,485.3296862792969,39.35403296133339,40866.92930618435,1.0864690559974406,0.004893932658887934
Standard_GA,sphere,50,128,200,0.8,0.8,0.5,0.5,485.3296862792969,39.35403296133339,41486.07955930309,0.839381728990702,0.004820894192089326
Standard_GA,sphere,50,128,200,0.8,0.8,0.5,0.7,485.3296862792969,39.35403296133339,41105.74569806999,0.8609549299872015,0.004865499861480203
Standard_GA,sphere,50,128,200,0.8,0.8,0.5,0.8,485.3296862792969,39.35403296133339,42058.789595925075,0.8558308600040618,0.004755248591827695
Standard_GA,sphere,50,128,200,0.8,0.8,0.5,0.9,485.3296862792969,39.35403296133339,42123.079714300104,0.9393965479976032,0.004747990919859149
Standard_GA,sphere,50,128,200,0.8,0.8,0.5,1.0,485.3296862792969,39.35403296133339,42057.462854411584,0.8505655959888827,0.004755398600536864
Standard_GA,sphere,50,128,200,0.8,0.8,0.2,0.5,485.3296862792969,39.35403296133339,40946.63066644139,1.0106028099835385,0.004884406769124325
Standard_GA,sphere,50,128,200,0.8,0.8,0.2,0.7,485.3296862792969,39.35403296133339,40808.11569585195,1.015854171011597,0.004900985909043812
Standard_GA,sphere,50,128,200,0.8,0.8,0.2,0.8,485.3296862792969,39.35403296133339,41189.02328906192,1.0175102739885915,0.0048556626020581466
Standard_GA,sphere,50,128,200,0.8,0.8,0.2,0.9,485.3296862792969,39.35403296133339,41096.03081375627,1.0278774469916243,0.004866650039912201
Standard_GA,sphere,50,128,200,0.8,0.8,0.2,1.0,485.3296862792969,39.35403296133339,41047.93732928391,0.9957378919934854,0.004872352011152543
Standard_GA,sphere,50,128,200,0.8,0.8,0.4,0.5,485.3296862792969,39.35403296133339,40828.060934376954,1.1437280850077514,0.004898591689707246
Standard_GA,sphere,50,128,200,0.8,0.8,0.4,0.7,485.3296862792969,39.35403296133339,40976.50400811956,1.0713905490119942,0.004880845861334819
Standard_GA,sphere,50,128,200,0.8,0.8,0.4,0.8,485.3296862792969,39.35403296133339,40583.55969088474,1.055543943977682,0.004928103929851204
Standard_GA,sphere,50,128,200,0.8,0.8,0.4,0.9,485.3296862792969,39.35403296133339,41384.632024897815,1.0511995959968772,0.0048327118114684705
Standard_GA,sphere,50,128,200,0.8,0.8,0.4,1.0,485.3296862792969,39.35403296133339,41324.52713590938,1.0367899170087185,0.004839740799507126
Standard_GA,sphere,50,128,200,0.8,0.8,0.3,0.5,485.3296862792969,39.35403296133339,40622.710906036904,1.0322298709943425,0.004923354338970966
Standard_GA,sphere,50,128,200,0.8,0.8,0.3,0.7,485.3296862792969,39.35403296133339,41141.69383929801,1.0112285699869972,0.004861248561646789
Standard_GA,sphere,50,128,200,0.8,0.8,0.3,0.8,485.3296862792969,39.35403296133339,41031.99571749144,1.0266888499900233,0.004874245000828523
Standard_GA,sphere,50,128,200,0.8,0.8,0.3,0.9,485.3296862792969,39.35403296133339,41694.13939386879,1.0316057500021998,0.004796837227186188
Standard_GA,sphere,50,128,200,0.8,0.8,0.3,1.0,485.3296862792969,39.35403296133339,41468.26022023547,1.028300976002356,0.00482296578004025
Standard_GA,sphere,50,128,200,0.8,0.8,0.6,0.5,485.3296862792969,39.35403296133339,41545.221776376595,1.0471933020162396,0.004814031348214485
Standard_GA,sphere,50,128,200,0.8,0.8,0.6,0.7,485.3296862792969,39.35403296133339,40773.47643061719,1.0156190280104056,0.004905149560654536
Standard_GA,sphere,50,128,200,0.8,0.8,0.6,0.8,485.3296862792969,39.35403296133339,40534.887671150245,1.0312176059815101,0.0049340213206596675
Standard_GA,sphere,50,128,200,0.8,0.8,0.6,0.9,485.3296862792969,39.35403296133339,41456.86658830216,1.0042387150169816,0.004824291280528996
Standard_GA,sphere,50,128,200,0.8,0.8,0.6,1.0,485.3296862792969,39.35403296133339,41939.666910648084,1.0175521269848105,0.004768755088734906
Standard_GA,sphere,50,128,200,0.8,0.8,0.7,0.5,485.3296862792969,39.35403296133339,41514.10923259901,1.1790987949934788,0.004817639200191479
Standard_GA,sphere,50,128,200,0.8,0.8,0.7,0.7,485.3296862792969,39.35403296133339,41345.091865356415,1.0982175840181299,0.004837333549803588
Standard_GA,sphere,50,128,200,0.8,0.8,0.7,0.8,485.3296862792969,39.35403296133339,40682.587255922444,1.0971509450173471,0.004916108180186712
Standard_GA,sphere,50,128,200,0.8,0.8,0.7,0.9,485.3296862792969,39.35403296133339,41749.89341906781,1.095697320997715,0.004790431390865706
Standard_GA,sphere,50,128,200,0.8,0.8,0.7,1.0,485.3296862792969,39.35403296133339,41702.68701138795,1.0705520670162514,0.004795854040421546
Standard_GA,sphere,50,128,200,0.8,1.0,0.5,0.5,485.3296862792969,39.35403296133339,42525.17437167309,0.8375216689892113,0.004703096529410687
Standard_GA,sphere,50,128,200,0.8,1.0,0.5,0.7,485.3296862792969,39.35403296133339,42841.184418656594,0.8502166739781387,0.00466840501059778
Standard_GA,sphere,50,128,200,0.8,1.0,0.5,0.8,485.3296862792969,39.35403296133339,42715.59655003427,0.8420980299997609,0.00468213056010427
Standard_GA,sphere,50,128,200,0.8,1.0,0.5,0.9,485.3296862792969,39.35403296133339,42713.48620193317,0.8559898489911575,0.004682361890445463
Standard_GA,sphere,50,128,200,0.8,1.0,0.5,1.0,485.3296862792969,39.35403296133339,42491.095371308744,0.8360558369895443,0.004706868539215065
Standard_GA,sphere,50,128,200,0.8,1.0,0.2,0.5,485.3296862792969,39.35403296133339,41418.370611167105,1.00105504898238,0.004828775179921649
Standard_GA,sphere,50,128,200,0.8,1.0,0.2,0.7,485.3296862792969,39.35403296133339,41822.96247890122,1.0198609130166005,0.00478206200961722
Standard_GA,sphere,50,128,200,0.8,1.0,0.2,0.8,485.3296862792969,39.35403296133339,41904.31757669781,1.010356087994296,0.004772777879843489
Standard_GA,sphere,50,128,200,0.8,1.0,0.2,0.9,485.3296862792969,39.35403296133339,41840.0310030561,1.027210558007937,0.00478011118073482
Standard_GA,sphere,50,128,200,0.8,1.0,0.2,1.0,485.3296862792969,39.35403296133339,42097.351694193305,1.013388422987191,0.004750892679730896
Standard_GA,sphere,50,128,200,0.8,1.0,0.4,0.5,485.3296862792969,39.35403296133339,42270.88886538334,1.0353114639874548,0.004731388560030609
Standard_GA,sphere,50,128,200,0.8,1.0,0.4,0.7,485.3296862792969,39.35403296133339,41759.014573110006,1.0881162789883092,0.004789385047624819
Standard_GA,sphere,50,128,200,0.8,1.0,0.4,0.8,485.3296862792969,39.35403296133339,41696.478347764154,1.044848499004729,0.004796568149758968
Standard_GA,sphere,50,128,200,0.8,1.0,0.4,0.9,485.3296862792969,39.35403296133339,41555.421334943705,1.0790850300109014,0.004812849769659806
Standard_GA,sphere,50,128,200,0.8,1.0,0.4,1.0,485.3296862792969,39.35403296133339,41691.045579571866,1.2337515279941726,0.004797193191479892
Standard_GA,sphere,50,128,200,0.8,1.0,0.3,0.5,485.3296862792969,39.35403296133339,41154.650417018885,1.003998371976195,0.004859718111401889
Standard_GA,sphere,50,128,200,0.8,1.0,0.3,0.7,485.3296862792969,39.35403296133339,41105.65099470822,1.02338814700488,0.0048655110711115414
Standard_GA,sphere,50,128,200,0.8,1.0,0.3,0.8,485.3296862792969,39.35403296133339,40598.31614795967,1.0269990229862742,0.004926312689203769
Standard_GA,sphere,50,128,200,0.8,1.0,0.3,0.9,485.3296862792969,39.35403296133339,40531.09753352126,1.0419888150063343,0.004934482710086741
Standard_GA,sphere,50,128,200,0.8,1.0,0.3,1.0,485.3296862792969,39.35403296133339,41453.23416149832,0.9940640820132103,0.004824714019196108
Standard_GA,sphere,50,128,200,0.8,1.0,0.6,0.5,485.3296862792969,39.35403296133339,40346.30696907202,1.04623715498019,0.004957083188637626
Standard_GA,sphere,50,128,200,0.8,1.0,0.6,0.7,485.3296862792969,39.35403296133339,40337.19702479705,1.0283970549935475,0.004958202719863038
Standard_GA,sphere,50,128,200,0.8,1.0,0.6,0.8,485.3296862792969,39.35403296133339,40695.51224885628,1.0511665120138787,0.00491454681236064
Standard_GA,sphere,50,128,200,0.8,1.0,0.6,0.9,485.3296862792969,39.35403296133339,41034.894054737735,1.0470575119834393,0.004873900727834553
Standard_GA,sphere,50,128,200,0.8,1.0,0.6,1.0,485.3296862792969,39.35403296133339,41713.89209937038,1.0487988170061726,0.004794565789343324
Standard_GA,sphere,50,128,200,0.8,1.0,0.7,0.5,485.3296862792969,39.35403296133339,41325.01690125179,1.0973356379836332,0.004839683441095985
Standard_GA,sphere,50,128,200,0.8,1.0,0.7,0.7,485.3296862792969,39.35403296133339,40939.022787327405,1.0662847349885851,0.0048853144599706865
Standard_GA,sphere,50,128,200,0.8,1.0,0.7,0.8,485.3296862792969,39.35403296133339,40975.796375226484,1.0822058700141497,0.004880930151266512
Standard_GA,sphere,50,128,200,0.8,1.0,0.7,0.9,485.3296862792969,39.35403296133339,40832.087875155405,1.0783789090055507,0.0048981085809646175
Standard_GA,sphere,50,128,200,0.8,1.0,0.7,1.0,485.3296862792969,39.35403296133339,41277.36837304627,1.0694568259932566,0.004845270129444543
Standard_GA,sphere,50,128,200,0.9,0.5,0.5,0.5,485.3296862792969,39.35403296133339,41977.91294364553,0.8468123159836978,0.00476441028091358
Standard_GA,sphere,50,128,200,0.9,0.5,0.5,0.7,485.3296862792969,39.35403296133339,41740.9540599715,0.8330416759999935,0.004791457323008217
Standard_GA,sphere,50,128,200,0.9,0.5,0.5,0.8,485.3296862792969,39.35403296133339,41601.65221052648,0.8454430339916144,0.004807501370087266
Standard_GA,sphere,50,128,200,0.9,0.5,0.5,0.9,485.3296862792969,39.35403296133339,41663.825544995525,0.8466571050230414,0.004800327319535427
Standard_GA,sphere,50,128,200,0.9,0.5,0.5,1.0,485.3296862792969,39.35403296133339,42308.47871016769,0.8391299679933582,0.0047271848598029464
Standard_GA,sphere,50,128,200,0.9,0.5,0.2,0.5,485.3296862792969,39.35403296133339,41931.02060500172,1.0567406349873636,0.004769738420727663
Standard_GA,sphere,50,128,200,0.9,0.5,0.2,0.7,485.3296862792969,39.35403296133339,42223.25502887297,1.0220385159773286,0.004736726239207201
Standard_GA,sphere,50,128,200,0.9,0.5,0.2,0.8,485.3296862792969,39.35403296133339,42235.661357848614,1.0309413250070065,0.004735334870347287
Standard_GA,sphere,50,128,200,0.9,0.5,0.2,0.9,485.3296862792969,39.35403296133339,42433.89040127395,1.0402890300028957,0.00471321385120973
Standard_GA,sphere,50,128,200,0.9,0.5,0.2,1.0,485.3296862792969,39.35403296133339,42487.202987167555,1.0144659310171846,0.004707299750007224
Standard_GA,sphere,50,128,200,0.9,0.5,0.4,0.5,485.3296862792969,39.35403296133339,41962.020197254,1.0948316730209626,0.004766214759438298
Standard_GA,sphere,50,128,200,0.9,0.5,0.4,0.7,485.3296862792969,39.35403296133339,42194.360691388,1.0788153749890625,0.0047399699088418856
Standard_GA,sphere,50,128,200,0.9,0.5,0.4,0.8,485.3296862792969,39.35403296133339,41793.29737807621,1.0031279789982364,0.004785456342215184
Standard_GA,sphere,50,128,200,0.9,0.5,0.4,0.9,485.3296862792969,39.35403296133339,41408.079263376196,1.0338364739727695,0.004829975298489444
Standard_GA,sphere,50,128,200,0.9,0.5,0.4,1.0,485.3296862792969,39.35403296133339,41427.307459429554,1.0378267150081228,0.004827733499114402
Standard_GA,sphere,50,128,200,0.9,0.5,0.3,0.5,485.3296862792969,39.35403296133339,41154.80295573351,1.0210872589959763,0.0048597000990412195
Standard_GA,sphere,50,128,200,0.9,0.5,0.3,0.7,485.3296862792969,39.35403296133339,42106.11120428946,1.0222890239965636,0.0047499043316929605
Standard_GA,sphere,50,128,200,0.9,0.5,0.3,0.8,485.3296862792969,39.35403296133339,42193.74292079448,1.0030765079718549,0.004740039308089763
Standard_GA,sphere,50,128,200,0.9,0.5,0.3,0.9,485.3296862792969,39.35403296133339,42055.60867990892,1.019013309996808,0.004755608259583824
Standard_GA,sphere,50,128,200,0.9,0.5,0.3,1.0,485.3296862792969,39.35403296133339,42170.76724717721,1.0291363799769897,0.004742621798359323
Standard_GA,sphere,50,128,200,0.9,0.5,0.6,0.5,485.3296862792969,39.35403296133339,42088.93629859032,1.0559585899754893,0.004751842588302679
Standard_GA,sphere,50,128,200,0.9,0.5,0.6,0.7,485.3296862792969,39.35403296133339,41062.655255286605,1.0481528879899997,0.004870605633186642
Standard_GA,sphere,50,128,200,0.9,0.5,0.6,0.8,485.3296862792969,39.35403296133339,41621.62867609156,1.0321057649853174,0.004805193990760018
Standard_GA,sphere,50,128,200,0.9,0.5,0.6,0.9,485.3296862792969,39.35403296133339,41421.730317153415,1.037723121989984,0.004828383519197814
Standard_GA,sphere,50,128,200,0.9,0.5,0.6,1.0,485.3296862792969,39.35403296133339,42374.357732551325,1.0222165700106416,0.004719835549185519
Standard_GA,sphere,50,128,200,0.9,0.5,0.7,0.5,485.3296862792969,39.35403296133339,42510.101611570964,1.072228264005389,0.00470476410118863
Standard_GA,sphere,50,128,200,0.9,0.5,0.7,0.7,485.3296862792969,39.35403296133339,41905.21445920294,1.0619388579798397,0.004772675729764159
Standard_GA,sphere,50,128,200,0.9,0.5,0.7,0.8,485.3296862792969,39.35403296133339,41529.27190758969,1.0897247070097364,0.00481588024093071
Standard_GA,sphere,50,128,200,0.9,0.5,0.7,0.9,485.3296862792969,39.35403296133339,41173.31310889906,1.1194720200146548,0.004857515339390375
Standard_GA,sphere,50,128,200,0.9,0.5,0.7,1.0,485.3296862792969,39.35403296133339,41073.275413377916,1.1184063050022814,0.004869346259511076
Standard_GA,sphere,50,128,200,0.9,0.8,0.5,0.5,485.3296862792969,39.35403296133339,41610.30741297774,0.8378607449994888,0.004806501379935071
Standard_GA,sphere,50,128,200,0.9,0.8,0.5,0.7,485.3296862792969,39.35403296133339,41503.623572170276,0.8505531459813938,0.004818856350029818
Standard_GA,sphere,50,128,200,0.9,0.8,0.5,0.8,485.3296862792969,39.35403296133339,41672.47374725956,0.8425821800192352,0.004799331117537804
Standard_GA,sphere,50,128,200,0.9,0.8,0.5,0.9,485.3296862792969,39.35403296133339,41890.57072551798,0.8492667109821923,0.004774344119359739
Standard_GA,sphere,50,128,200,0.9,0.8,0.5,1.0,485.3296862792969,39.35403296133339,41503.59065748977,0.8357203839987051,0.004818860171653796
Standard_GA,sphere,50,128,200,0.9,0.8,0.2,0.5,485.3296862792969,39.35403296133339,40783.50963005687,1.029537488007918,0.004903942839009687
Standard_GA,sphere,50,128,200,0.9,0.8,0.2,0.7,485.3296862792969,39.35403296133339,40729.127542329836,1.0543261090060696,0.004910490650509018
Standard_GA,sphere,50,128,200,0.9,0.8,0.2,0.8,485.3296862792969,39.35403296133339,41109.872588002734,1.028553345007822,0.004865011429355946
Standard_GA,sphere,50,128,200,0.9,0.8,0.2,0.9,485.3296862792969,39.35403296133339,41311.65375089668,1.0207060869724955,0.004841248941665981
Standard_GA,sphere,50,128,200,0.9,0.8,0.2,1.0,485.3296862792969,39.35403296133339,41269.143800862774,1.0507036640192382,0.004846235748555045
Standard_GA,sphere,50,128,200,0.9,0.8,0.4,0.5,485.3296862792969,39.35403296133339,41786.442539354146,1.0722563230083324,0.0047862413703114726
Standard_GA,sphere,50,128,200,0.9,0.8,0.4,0.7,485.3296862792969,39.35403296133339,41389.560115696375,1.0101553689746652,0.00483213639963651
Standard_GA,sphere,50,128,200,0.9,0.8,0.4,0.8,485.3296862792969,39.35403296133339,41311.45665081978,1.029475294984877,0.004841272039629985
Standard_GA,sphere,50,128,200,0.9,0.8,0.4,0.9,485.3296862792969,39.35403296133339,41204.68047918026,1.0730816640134435,0.004853817519615404
Standard_GA,sphere,50,128,200,0.9,0.8,0.4,1.0,485.3296862792969,39.35403296133339,41676.12965115925,1.0557492289808579,0.004798910111712757
Standard_GA,sphere,50,128,200,0.9,0.8,0.3,0.5,485.3296862792969,39.35403296133339,41390.206971431566,1.0282560490013566,0.004832060881890357
Standard_GA,sphere,50,128,200,0.9,0.8,0.3,0.7,485.3296862792969,39.35403296133339,41261.410258986594,1.0012889100180473,0.004847144068626221
Standard_GA,sphere,50,128,200,0.9,0.8,0.3,0.8,485.3296862792969,39.35403296133339,41156.09664484057,1.014454090007348,0.004859547340602149
Standard_GA,sphere,50,128,200,0.9,0.8,0.3,0.9,485.3296862792969,39.35403296133339,41185.57885279493,1.018022606993327,0.004856068691296968
Standard_GA,sphere,50,128,200,0.9,0.8,0.3,1.0,485.3296862792969,39.35403296133339,40638.54617744184,1.0239108050009236,0.004921435897995252
Standard_GA,sphere,50,128,200,0.9,0.8,0.6,0.5,485.3296862792969,39.35403296133339,41219.26198226642,1.0258126069966238,0.004852100459393114
Standard_GA,sphere,50,128,200,0.9,0.8,0.6,0.7,485.3296862792969,39.35403296133339,40905.0475763103,1.0541661349998321,0.004889372139878105
Standard_GA,sphere,50,128,200,0.9,0.8,0.6,0.8,485.3296862792969,39.35403296133339,41284.62613016816,1.0032324670173693,0.004844418340362608
Standard_GA,sphere,50,128,200,0.9,0.8,0.6,0.9,485.3296862792969,39.35403296133339,41181.15116930233,1.003283867990831,0.004856590802373831
Standard_GA,sphere,50,128,200,0.9,0.8,0.6,1.0,485.3296862792969,39.35403296133339,40648.512378726526,1.0074118379852735,0.004920229260460473
Standard_GA,sphere,50,128,200,0.9,0.8,0.7,0.5,485.3296862792969,39.35403296133339,40766.729479561094,1.0933691700047348,0.004905961369804573
Standard_GA,sphere,50,128,200,0.9,0.8,0.7,0.7,485.3296862792969,39.35403296133339,40360.655079833705,1.104094123991672,0.004955320958106313
Standard_GA,sphere,50,128,200,0.9,0.8,0.7,0.8,485.3296862792969,39.35403296133339,40651.390246709016,1.1075641580100637,0.00491988093854161
Standard_GA,sphere,50,128,200,0.9,0.8,0.7,0.9,485.3296862792969,39.35403296133339,40841.432101070175,1.1543689529935364,0.0048969879289506935
Standard_GA,sphere,50,128,200,0.9,0.8,0.7,1.0,485.3296862792969,39.35403296133339,41141.67618863149,1.0852368310152087,0.00486125064722728
Standard_GA,sphere,50,128,200,0.9,1.0,0.5,0.5,485.3296862792969,39.35403296133339,41909.93884016113,0.8596342210075818,0.004772137720428873
Standard_GA,sphere,50,128,200,0.9,1.0,0.5,0.7,485.3296862792969,39.35403296133339,41724.958362503654,0.8533098649932072,0.004793294178089127
Standard_GA,sphere,50,128,200,0.9,1.0,0.5,0.8,485.3296862792969,39.35403296133339,41655.0082916268,0.8557123930077069,0.004801343420695048
Standard_GA,sphere,50,128,200,0.9,1.0,0.5,0.9,485.3296862792969,39.35403296133339,41188.69902420582,0.8394310990115628,0.0048557008290663365
Standard_GA,sphere,50,128,200,0.9,1.0,0.5,1.0,485.3296862792969,39.35403296133339,41264.103391917204,0.8649641490192153,0.004846827716100961
Standard_GA,sphere,50,128,200,0.9,1.0,0.2,0.5,485.3296862792969,39.35403296133339,41078.99131886077,1.0386129660182633,0.004868668717972468
Standard_GA,sphere,50,128,200,0.9,1.0,0.2,0.7,485.3296862792969,39.35403296133339,40641.16815247443,0.9985728120082058,0.004921118390338961
Standard_GA,sphere,50,128,200,0.9,1.0,0.2,0.8,485.3296862792969,39.35403296133339,40705.159578353814,1.014635037019616,0.004913382039812859
Standard_GA,sphere,50,128,200,0.9,1.0,0.2,0.9,485.3296862792969,39.35403296133339,40959.68392822027,1.0348301120102406,0.004882850178983062
Standard_GA,sphere,50,128,200,0.9,1.0,0.2,1.0,485.3296862792969,39.35403296133339,41188.20295800907,1.0491345769842155,0.0048557593105942945
Standard_GA,sphere,50,128,200,0.9,1.0,0.4,0.5,485.3296862792969,39.35403296133339,41393.003892852044,1.0548383920104243,0.004831734379986301
Standard_GA,sphere,50,128,200,0.9,1.0,0.4,0.7,485.3296862792969,39.35403296133339,41517.4912113869,1.019183641008567,0.004817246759484988
Standard_GA,sphere,50,128,200,0.9,1.0,0.4,0.8,485.3296862792969,39.35403296133339,41247.97648856081,1.357441928004846,0.004848722701717633
Standard_GA,sphere,50,128,200,0.9,1.0,0.4,0.9,485.3296862792969,39.35403296133339,41486.67940363345,1.0728891089966055,0.004820824488124344
Standard_GA,sphere,50,128,200,0.9,1.0,0.4,1.0,485.3296862792969,39.35403296133339,41743.32992984127,1.0868334120023064,0.004791184611676726
Standard_GA,sphere,50,128,200,0.9,1.0,0.3,0.5,485.3296862792969,39.35403296133339,41301.3046565149,1.0277840459893923,0.004842462039960083
Standard_GA,sphere,50,128,200,0.9,1.0,0.3,0.7,485.3296862792969,39.35403296133339,41444.44767439256,1.0295626380247995,0.004825736889324616
Standard_GA,sphere,50,128,200,0.9,1.0,0.3,0.8,485.3296862792969,39.35403296133339,41973.833712160114,0.9960483070171904,0.004764873310632538
Standard_GA,sphere,50,128,200,0.9,1.0,0.3,0.9,485.3296862792969,39.35403296133339,41993.201966487104,1.0303864840243477,0.004762675638776272
Standard_GA,sphere,50,128,200,0.9,1.0,0.3,1.0,485.3296862792969,39.35403296133339,42006.91054602335,0.9968377030163538,0.004761121382180136
Standard_GA,sphere,50,128,200,0.9,1.0,0.6,0.5,485.3296862792969,39.35403296133339,41363.93908149886,1.0413459080155008,0.004835129449493252
Standard_GA,sphere,50,128,200,0.9,1.0,0.6,0.7,485.3296862792969,39.35403296133339,40889.438513557725,1.0335291959927417,0.004891238600248471
Standard_GA,sphere,50,128,200,0.9,1.0,0.6,0.8,485.3296862792969,39.35403296133339,40802.01692845122,1.016400426015025,0.004901718470209744
Standard_GA,sphere,50,128,200,0.9,1.0,0.6,0.9,485.3296862792969,39.35403296133339,40593.4313235392,1.033436030993471,0.0049269054987235
Standard_GA,sphere,50,128,200,0.9,1.0,0.6,1.0,485.3296862792969,39.35403296133339,41003.333550098934,1.0280385939986445,0.004877652197610587
Standard_GA,sphere,50,128,200,0.9,1.0,0.7,0.5,485.3296862792969,39.35403296133339,41286.86783966363,1.1267697330040392,0.004844155308092013
Standard_GA,sphere,50,128,200,0.9,1.0,0.7,0.7,485.3296862792969,39.35403296133339,40803.757056484515,1.105401384003926,0.004901509430201258
Standard_GA,sphere,50,128,200,0.9,1.0,0.7,0.8,485.3296862792969,39.35403296133339,40795.51888948558,1.0928655219904613,0.004902499231393449
Standard_GA,sphere,50,128,200,0.9,1.0,0.7,0.9,485.3296862792969,39.35403296133339,40617.43759300659,1.092792998009827,0.004923993532138411
Standard_GA,sphere,50,128,200,0.9,1.0,0.7,1.0,485.3296862792969,39.35403296133339,41079.64334814631,1.0908485839900095,0.004868591440899763
Standard_GA,sphere,50,128,200,1.0,0.5,0.5,0.5,485.3296862792969,39.35403296133339,41615.58917927085,0.8735269749886356,0.004805891348514706
Standard_GA,sphere,50,128,200,1.0,0.5,0.5,0.7,485.3296862792969,39.35403296133339,42204.88729695684,0.8426666089799255,0.00473878768098075
Standard_GA,sphere,50,128,200,1.0,0.5,0.5,0.8,485.3296862792969,39.35403296133339,42846.046144773434,0.87267846200848,0.004667875288287177
Standard_GA,sphere,50,128,200,1.0,0.5,0.5,0.9,485.3296862792969,39.35403296133339,42381.0545361299,0.8578013560036197,0.004719089748687111
Standard_GA,sphere,50,128,200,1.0,0.5,0.5,1.0,485.3296862792969,39.35403296133339,42392.879750468455,0.8663070290058386,0.00471777338971151
Standard_GA,sphere,50,128,200,1.0,0.5,0.2,0.5,485.3296862792969,39.35403296133339,41756.39559160742,1.03269292000914,0.0047896854401915335
Standard_GA,sphere,50,128,200,1.0,0.5,0.2,0.7,485.3296862792969,39.35403296133339,41278.47221037033,1.0561619119835086,0.00484514056093758
Standard_GA,sphere,50,128,200,1.0,0.5,0.2,0.8,485.3296862792969,39.35403296133339,41207.370006884616,1.0169012649857905,0.004853500720055308
Standard_GA,sphere,50,128,200,1.0,0.5,0.2,0.9,485.3296862792969,39.35403296133339,41671.59910839631,1.0430629769980442,0.004799431849969551
Standard_GA,sphere,50,128,200,1.0,0.5,0.2,1.0,485.3296862792969,39.35403296133339,41332.04767576588,1.0647834620031063,0.004838860188319813
Standard_GA,sphere,50,128,200,1.0,0.5,0.4,0.5,485.3296862792969,39.35403296133339,41257.16837074123,1.082680474006338,0.004847642431559507
Standard_GA,sphere,50,128,200,1.0,0.5,0.4,0.7,485.3296862792969,39.35403296133339,41830.49517528119,1.0391296089801472,0.004781200871802866
Standard_GA,sphere,50,128,200,1.0,0.5,0.4,0.8,485.3296862792969,39.35403296133339,41520.48685675318,1.0535060410038568,0.0048168992018327115
Standard_GA,sphere,50,128,200,1.0,0.5,0.4,0.9,485.3296862792969,39.35403296133339,41553.30216960369,1.0396748500061221,0.004813095218851231
Standard_GA,sphere,50,128,200,1.0,0.5,0.4,1.0,485.3296862792969,39.35403296133339,41762.47763133055,1.0704047459876165,0.0047889878987916745
Standard_GA,sphere,50,128,200,1.0,0.5,0.3,0.5,485.3296862792969,39.35403296133339,41464.56054382873,1.0161988489853684,0.004823396109277383
Standard_GA,sphere,50,128,200,1.0,0.5,0.3,0.7,485.3296862792969,39.35403296133339,41492.79334463675,1.0233161550131626,0.004820114142203238
Standard_GA,sphere,50,128,200,1.0,0.5,0.3,0.8,485.3296862792969,39.35403296133339,41529.64867824635,1.0013838429877069,0.004815836549678352
Standard_GA,sphere,50,128,200,1.0,0.5,0.3,0.9,485.3296862792969,39.35403296133339,41636.46512660403,1.360040397994453,0.004803481741109863
Standard_GA,sphere,50,128,200,1.0,0.5,0.3,1.0,485.3296862792969,39.35403296133339,40952.99075043916,1.0043498709856067,0.004883648210670799
Standard_GA,sphere,50,128,200,1.0,0.5,0.6,0.5,485.3296862792969,39.35403296133339,41891.20079981376,1.0155123549920972,0.004774272309732624
Standard_GA,sphere,50,128,200,1.0,0.5,0.6,0.7,485.3296862792969,39.35403296133339,41465.690321354814,1.0368728210160043,0.004823264690639917
Standard_GA,sphere,50,128,200,1.0,0.5,0.6,0.8,485.3296862792969,39.35403296133339,40633.11356613087,1.0494274140219204,0.004922093889617827
Standard_GA,sphere,50,128,200,1.0,0.5,0.6,0.9,485.3296862792969,39.35403296133339,40427.02368300092,1.0185467090050224,0.0049471858618198895
Standard_GA,sphere,50,128,200,1.0,0.5,0.6,1.0,485.3296862792969,39.35403296133339,40818.2331528629,1.027940739004407,0.004899771120690275
Standard_GA,sphere,50,128,200,1.0,0.5,0.7,0.5,485.3296862792969,39.35403296133339,41323.63633260644,1.1046539300004952,0.0048398451285902415
Standard_GA,sphere,50,128,200,1.0,0.5,0.7,0.7,485.3296862792969,39.35403296133339,40895.58208019698,1.1878532570262905,0.00489050381060224
Standard_GA,sphere,50,128,200,1.0,0.5,0.7,0.8,485.3296862792969,39.35403296133339,41038.39356473283,1.094057848007651,0.004873485110583715
Standard_GA,sphere,50,128,200,1.0,0.5,0.7,0.9,485.3296862792969,39.35403296133339,40997.5287235315,1.084222133998992,0.004878342822776176
Standard_GA,sphere,50,128,200,1.0,0.5,0.7,1.0,485.3296862792969,39.35403296133339,41316.314311004026,1.0992401109833736,0.004840702839428559
Standard_GA,sphere,50,128,200,1.0,0.8,0.5,0.5,485.3296862792969,39.35403296133339,41824.37828577286,0.8475667489983607,0.004781900130910799
Standard_GA,sphere,50,128,200,1.0,0.8,0.5,0.7,485.3296862792969,39.35403296133339,41566.9037644156,0.8435360759904142,0.00481152026943164
Standard_GA,sphere,50,128,200,1.0,0.8,0.5,0.8,485.3296862792969,39.35403296133339,41756.780057059455,0.8596913360233884,0.004789641340321396
Standard_GA,sphere,50,128,200,1.0,0.8,0.5,0.9,485.3296862792969,39.35403296133339,41783.3805412355,0.8592525420244783,0.00478659211890772
Standard_GA,sphere,50,128,200,1.0,0.8,0.5,1.0,485.3296862792969,39.35403296133339,41685.87900586839,0.8486604650097433,0.004797787758579943
Standard_GA,sphere,50,128,200,1.0,0.8,0.2,0.5,485.3296862792969,39.35403296133339,41243.06039511317,1.0177527269988786,0.0048493006601347585
Standard_GA,sphere,50,128,200,1.0,0.8,0.2,0.7,485.3296862792969,39.35403296133339,41239.667641106666,1.0008991450013127,0.004849699608166702
Standard_GA,sphere,50,128,200,1.0,0.8,0.2,0.8,485.3296862792969,39.35403296133339,41497.87844889233,1.3716624840162694,0.004819523490732535
Standard_GA,sphere,50,128,200,1.0,0.8,0.2,0.9,485.3296862792969,39.35403296133339,41305.62812549121,1.0321989280055277,0.0048419551784172656
Standard_GA,sphere,50,128,200,1.0,0.8,0.2,1.0,485.3296862792969,39.35403296133339,41603.60071376671,0.9839295849960763,0.004807276210922282
Standard_GA,sphere,50,128,200,1.0,0.8,0.4,0.5,485.3296862792969,39.35403296133339,41221.9941101949,1.0221622200042475,0.004851778869924601
Standard_GA,sphere,50,128,200,1.0,0.8,0.4,0.7,485.3296862792969,39.35403296133339,41430.0016688508,1.1353593950043432,0.004827419549692422
Standard_GA,sphere,50,128,200,1.0,0.8,0.4,0.8,485.3296862792969,39.35403296133339,41525.34434470418,1.0531288670026697,0.004816335737996269
Standard_GA,sphere,50,128,200,1.0,0.8,0.4,0.9,485.3296862792969,39.35403296133339,41074.02210079073,1.067210426001111,0.004869257739337627
Standard_GA,sphere,50,128,200,1.0,0.8,0.4,1.0,485.3296862792969,39.35403296133339,41384.6344449103,1.061919964995468,0.004832711528870277
Standard_GA,sphere,50,128,200,1.0,0.8,0.3,0.5,485.3296862792969,39.35403296133339,41123.85339261921,1.0434447799925692,0.004863357479916885
Standard_GA,sphere,50,128,200,1.0,0.8,0.3,0.7,485.3296862792969,39.35403296133339,41278.746895757984,1.0356775860127527,0.004845108319423161
Standard_GA,sphere,50,128,200,1.0,0.8,0.3,0.8,485.3296862792969,39.35403296133339,40870.95090134741,1.0263667209947016,0.004893451108655427
Standard_GA,sphere,50,128,200,1.0,0.8,0.3,0.9,485.3296862792969,39.35403296133339,40986.7073588436,1.0567502379999496,0.004879630809300579
Standard_GA,sphere,50,128,200,1.0,0.8,0.3,1.0,485.3296862792969,39.35403296133339,40811.43897505624,1.0408009499951731,0.004900586821313482
Standard_GA,sphere,50,128,200,1.0,0.8,0.6,0.5,485.3296862792969,39.35403296133339,41082.66552745274,1.0329386759840418,0.0048682332909083924
Standard_GA,sphere,50,128,200,1.0,0.8,0.6,0.7,485.3296862792969,39.35403296133339,40799.2667833842,1.0407834999787156,0.0049020488790119995
Standard_GA,sphere,50,128,200,1.0,0.8,0.6,0.8,485.3296862792969,39.35403296133339,40994.19860275295,1.0572815850027837,0.0048787391098449005
Standard_GA,sphere,50,128,200,1.0,0.8,0.6,0.9,485.3296862792969,39.35403296133339,40498.127350740964,1.0171320860099513,0.0049384999525500465
Standard_GA,sphere,50,128,200,1.0,0.8,0.6,1.0,485.3296862792969,39.35403296133339,41417.69754015446,0.9947472460044082,0.004828853651415557
Standard_GA,sphere,50,128,200,1.0,0.8,0.7,0.5,485.3296862792969,39.35403296133339,41467.72070094377,1.1068898850062396,0.004823028529644943
Standard_GA,sphere,50,128,200,1.0,0.8,0.7,0.7,485.3296862792969,39.35403296133339,41395.49691879998,1.1119339659926482,0.004831443390867207
Standard_GA,sphere,50,128,200,1.0,0.8,0.7,0.8,485.3296862792969,39.35403296133339,40579.30215644491,1.1206813290191349,0.004928620980936102
Standard_GA,sphere,50,128,200,1.0,0.8,0.7,0.9,485.3296862792969,39.35403296133339,41014.951134803974,1.0984383749892004,0.004876270590757486
Standard_GA,sphere,50,128,200,1.0,0.8,0.7,1.0,485.3296862792969,39.35403296133339,40751.92684551866,1.0991625430178829,0.0049077433996717445
Standard_GA,sphere,50,128,200,1.0,1.0,0.5,0.5,485.3296862792969,39.35403296133339,42190.58549644684,0.8534813159785699,0.0047403940392541696
Standard_GA,sphere,50,128,200,1.0,1.0,0.5,0.7,485.3296862792969,39.35403296133339,42090.99553456848,0.8425086509960238,0.0047516101118526425
Standard_GA,sphere,50,128,200,1.0,1.0,0.5,0.8,485.3296862792969,39.35403296133339,41942.63161485634,0.8551183340023272,0.004768418010498863
Standard_GA,sphere,50,128,200,1.0,1.0,0.5,0.9,485.3296862792969,39.35403296133339,41345.0771590927,0.8484123880043626,0.004837335270422045
Standard_GA,sphere,50,128,200,1.0,1.0,0.5,1.0,485.3296862792969,39.35403296133339,42317.645608645624,0.8535621439805254,0.004726160851423629
Standard_GA,sphere,50,128,200,1.0,1.0,0.2,0.5,485.3296862792969,39.35403296133339,42001.91166262179,1.065363736008294,0.0047616880299756305
Standard_GA,sphere,50,128,200,1.0,1.0,0.2,0.7,485.3296862792969,39.35403296133339,41075.143620306364,0.9927704759757034,0.004869124788674526
Standard_GA,sphere,50,128,200,1.0,1.0,0.2,0.8,485.3296862792969,39.35403296133339,41710.82122989416,1.0108148090075701,0.004794918778934516
Standard_GA,sphere,50,128,200,1.0,1.0,0.2,0.9,485.3296862792969,39.35403296133339,41366.19538389719,1.026387837016955,0.004834865719312802
Standard_GA,sphere,50,128,200,1.0,1.0,0.2,1.0,485.3296862792969,39.35403296133339,40828.478601081355,1.0259434949839488,0.004898541578149888
Standard_GA,sphere,50,128,200,1.0,1.0,0.4,0.5,485.3296862792969,39.35403296133339,41470.52689214221,1.0694846760015935,0.004822702169185504
Standard_GA,sphere,50,128,200,1.0,1.0,0.4,0.7,485.3296862792969,39.35403296133339,42232.11243510572,1.014584784017643,0.0047357327982899735
Standard_GA,sphere,50,128,200,1.0,1.0,0.4,0.8,485.3296862792969,39.35403296133339,41650.787889076695,1.0452926960133482,0.004801829932548571
Standard_GA,sphere,50,128,200,1.0,1.0,0.4,0.9,485.3296862792969,39.35403296133339,41616.1396451429,1.052144153014524,0.004805827779928222
Standard_GA,sphere,50,128,200,1.0,1.0,0.4,1.0,485.3296862792969,39.35403296133339,41325.04747065607,1.0608023469976615,0.004839679861033801
Standard_GA,sphere,50,128,200,1.0,1.0,0.3,0.5,485.3296862792969,39.35403296133339,40418.745228622545,1.0119700350041967,0.004948199130594731
Standard_GA,sphere,50,128,200,1.0,1.0,0.3,0.7,485.3296862792969,39.35403296133339,41125.325705828596,1.0137695809826255,0.004863183368579485
Standard_GA,sphere,50,128,200,1.0,1.0,0.3,0.8,485.3296862792969,39.35403296133339,40886.222204227335,1.0199083850020543,0.004891623368894216
Standard_GA,sphere,50,128,200,1.0,1.0,0.3,0.9,485.3296862792969,39.35403296133339,41258.34210914518,1.014954770973418,0.004847504523349926
Standard_GA,sphere,50,128,200,1.0,1.0,0.3,1.0,485.3296862792969,39.35403296133339,41295.17970862424,1.4166907159960829,0.004843180279422086
Standard_GA,sphere,50,128,200,1.0,1.0,0.6,0.5,485.3296862792969,39.35403296133339,40105.268070372884,1.0217282700177748,0.004986876029579435
Standard_GA,sphere,50,128,200,1.0,1.0,0.6,0.7,485.3296862792969,39.35403296133339,40689.06890675828,1.043193285993766,0.004915325058391318
Standard_GA,sphere,50,128,200,1.0,1.0,0.6,0.8,485.3296862792969,39.35403296133339,40792.273393226256,1.0038306310016196,0.004902889281802345
Standard_GA,sphere,50,128,200,1.0,1.0,0.6,0.9,485.3296862792969,39.35403296133339,40744.0934124768,1.0495630329824053,0.004908686959242914
Standard_GA,sphere,50,128,200,1.0,1.0,0.6,1.0,485.3296862792969,39.35403296133339,40124.70822276905,1.0548931529920083,0.004984459921543021
Standard_GA,sphere,50,128,200,1.0,1.0,0.7,0.5,485.3296862792969,39.35403296133339,40291.63901391494,1.1201731860055588,0.004963808991014958
Standard_GA,sphere,50,128,200,1.0,1.0,0.7,0.7,485.3296862792969,39.35403296133339,41308.21821701009,1.0981362599995919,0.004841651580063626
Standard_GA,sphere,50,128,200,1.0,1.0,0.7,0.8,485.3296862792969,39.35403296133339,40950.889141265005,1.1267971060005948,0.0048838988406350835
Standard_GA,sphere,50,128,200,1.0,1.0,0.7,0.9,485.3296862792969,39.35403296133339,40796.54545007818,1.0828253810177557,0.004902375870151445
Standard_GA,sphere,50,128,200,1.0,1.0,0.7,1.0,485.3296862792969,39.35403296133339,40909.123623650514,1.1147244900057558,0.004888884979300201
Standard_GA,rosenbrock,50,128,200,0.8,0.5,0.5,0.5,1141292.204375,185125.43610923222,41957.75329133795,0.8699523950053845,0.004766699461033568
Standard_GA,rosenbrock,50,128,200,0.8,0.5,0.5,0.7,1141292.204375,185125.43610923222,42227.07136195386,0.8600608940178063,0.004736298150673974
Standard_GA,rosenbrock,50,128,200,0.8,0.5,0.5,0.8,1141292.204375,185125.43610923222,41897.2901333387,0.8578538590227254,0.004773578419117257
Standard_GA,rosenbrock,50,128,200,0.8,0.5,0.5,0.9,1141292.204375,185125.43610923222,41323.62520749948,0.8641847870021593,0.0048398464315687305
Standard_GA,rosenbrock,50,128,200,0.8,0.5,0.5,1.0,1141292.204375,185125.43610923222,41244.574345815316,0.8641813499853015,0.004849122658488341
Standard_GA,rosenbrock,50,128,200,0.8,0.5,0.2,0.5,1141292.204375,185125.43610923222,40996.90980730852,1.0181431969976984,0.00487841646943707
Standard_GA,rosenbrock,50,128,200,0.8,0.5,0.2,0.7,1141292.204375,185125.43610923222,41758.063670221505,1.0536367800086737,0.004789494110154919
Standard_GA,rosenbrock,50,128,200,0.8,0.5,0.2,0.8,1141292.204375,185125.43610923222,41396.240373315566,1.0175156829936896,0.004831356620707083
Standard_GA,rosenbrock,50,128,200,0.8,0.5,0.2,0.9,1141292.204375,185125.43610923222,41577.46074885914,1.0455808200058527,0.004810298570373561
Standard_GA,rosenbrock,50,128,200,0.8,0.5,0.2,1.0,1141292.204375,185125.43610923222,41205.227019001686,1.0556231880036648,0.004853753139323089
Standard_GA,rosenbrock,50,128,200,0.8,0.5,0.4,0.5,1141292.204375,185125.43610923222,41083.330265959914,1.0660695740079973,0.004868154521682299
Standard_GA,rosenbrock,50,128,200,0.8,0.5,0.4,0.7,1141292.204375,185125.43610923222,40916.11609527773,1.0789299680036493,0.004888049479923211
Standard_GA,rosenbrock,50,128,200,0.8,0.5,0.4,0.8,1141292.204375,185125.43610923222,41661.0417230043,1.0433413119753823,0.004800648080999963
Standard_GA,rosenbrock,50,128,200,0.8,0.5,0.4,0.9,1141292.204375,185125.43610923222,41181.96626139159,1.0609656090091448,0.004856494678533636
Standard_GA,rosenbrock,50,128,200,0.8,0.5,0.4,1.0,1141292.204375,185125.43610923222,40842.0154144441,1.0747393389756326,0.004896917989244684
Standard_GA,rosenbrock,50,128,200,0.8,0.5,0.3,0.5,1141292.204375,185125.43610923222,41358.87803069823,1.025332424993394,0.004835721120180096
Standard_GA,rosenbrock,50,128,200,0.8,0.5,0.3,0.7,1141292.204375,185125.43610923222,40668.78863052794,1.058276007999666,0.004917776180082001
Standard_GA,rosenbrock,50,128,200,0.8,0.5,0.3,0.8,1141292.204375,185125.43610923222,40532.9953372318,1.0346314309863374,0.004934251671656966
Standard_GA,rosenbrock,50,128,200,0.8,0.5,0.3,0.9,1141292.204375,185125.43610923222,40563.647449771204,1.0224679810053203,0.004930523080984131
Standard_GA,rosenbrock,50,128,200,0.8,0.5,0.3,1.0,1141292.204375,185125.43610923222,40828.671704050204,1.0321618189918809,0.004898518410045654
Standard_GA,rosenbrock,50,128,200,0.8,0.5,0.6,0.5,1141292.204375,185125.43610923222,39990.506819195616,1.0299131239880808,0.005001186929293908
Standard_GA,rosenbrock,50,128,200,0.8,0.5,0.6,0.7,1141292.204375,185125.43610923222,40059.73481723108,1.0695615579898003,0.004992544281994924
Standard_GA,rosenbrock,50,128,200,0.8,0.5,0.6,0.8,1141292.204375,185125.43610923222,40941.45857519838,1.0581314100127202,0.0048850238110753706
Standard_GA,rosenbrock,50,128,200,0.8,0.5,0.6,0.9,1141292.204375,185125.43610923222,40664.07474953695,1.050650889024837,0.004918346260965336
Standard_GA,rosenbrock,50,128,200,0.8,0.5,0.6,1.0,1141292.204375,185125.43610923222,40412.19181956532,1.0549832429969683,0.0049490015511400995
Standard_GA,rosenbrock,50,128,200,0.8,0.5,0.7,0.5,1141292.204375,185125.43610923222,40511.6773985912,1.1118921159941237,0.004936848159413785
Standard_GA,rosenbrock,50,128,200,0.8,0.5,0.7,0.7,1141292.204375,185125.43610923222,41061.245723170556,1.1269691119960044,0.004870772829162888
Standard_GA,rosenbrock,50,128,200,0.8,0.5,0.7,0.8,1141292.204375,185125.43610923222,40568.10502675263,1.1411319480102975,0.004929981320747174
Standard_GA,rosenbrock,50,128,200,0.8,0.5,0.7,0.9,1141292.204375,185125.43610923222,42026.55942720843,1.1117018680088222,0.004758895392005798
Standard_GA,rosenbrock,50,128,200,0.8,0.5,0.7,1.0,1141292.204375,185125.43610923222,41427.21055931713,1.1221863529935945,0.004827744791400619
Standard_GA,rosenbrock,50,128,200,0.8,0.8,0.5,0.5,1141292.204375,185125.43610923222,41471.815136177516,0.8976669650000986,0.004822552361001726
Standard_GA,rosenbrock,50,128,200,0.8,0.8,0.5,0.7,1141292.204375,185125.43610923222,41864.74447260921,0.8846202759887092,0.004777289399935398
Standard_GA,rosenbrock,50,128,200,0.8,0.8,0.5,0.8,1141292.204375,185125.43610923222,41583.02181375325,0.8608415190246888,0.004809655269782525
Standard_GA,rosenbrock,50,128,200,0.8,0.8,0.5,0.9,1141292.204375,185125.43610923222,41894.43177330127,0.8870389759831596,0.004773904109315481
Standard_GA,rosenbrock,50,128,200,0.8,0.8,0.5,1.0,1141292.204375,185125.43610923222,41883.574544974595,0.8808910849911626,0.0047751416199025695
Standard_GA,rosenbrock,50,128,200,0.8,0.8,0.2,0.5,1141292.204375,185125.43610923222,40632.974377138475,1.5154597740038298,0.004922110750339925
Standard_GA,rosenbrock,50,128,200,0.8,0.8,0.2,0.7,1141292.204375,185125.43610923222,40711.37153879309,1.0741992090188432,0.004912632329505868
Standard_GA,rosenbrock,50,128,200,0.8,0.8,0.2,0.8,1141292.204375,185125.43610923222,41138.40362122119,1.0448349280050024,0.004861637360590976
Standard_GA,rosenbrock,50,128,200,0.8,0.8,0.2,0.9,1141292.204375,185125.43610923222,41103.354527522744,1.0283739530132152,0.004865782909910195
Standard_GA,rosenbrock,50,128,200,0.8,0.8,0.2,1.0,1141292.204375,185125.43610923222,40467.199140502555,1.017198692978127,0.004942274341883604
Standard_GA,rosenbrock,50,128,200,0.8,0.8,0.4,0.5,1141292.204375,185125.43610923222,40365.780412917,1.0807615219964646,0.004954691769962665
Standard_GA,rosenbrock,50,128,200,0.8,0.8,0.4,0.7,1141292.204375,185125.43610923222,40905.559095619756,1.0522563509875908,0.00488931099884212
Standard_GA,rosenbrock,50,128,200,0.8,0.8,0.4,0.8,1141292.204375,185125.43610923222,41250.46224467749,1.0510595059895422,0.004848430517304223
Standard_GA,rosenbrock,50,128,200,0.8,0.8,0.4,0.9,1141292.204375,185125.43610923222,40778.58104643373,1.058990065997932,0.004904535539681092
Standard_GA,rosenbrock,50,128,200,0.8,0.8,0.4,1.0,1141292.204375,185125.43610923222,40316.76120771187,1.0469151360157412,0.0049607159406878055
Standard_GA,rosenbrock,50,128,200,0.8,0.8,0.3,0.5,1141292.204375,185125.43610923222,40471.0915116022,1.0063253809930757,0.004941799010848627
Standard_GA,rosenbrock,50,128,200,0.8,0.8,0.3,0.7,1141292.204375,185125.43610923222,41057.781809360815,1.056292488006875,0.004871183760697022
Standard_GA,rosenbrock,50,128,200,0.8,0.8,0.3,0.8,1141292.204375,185125.43610923222,41689.7832234509,1.0303380679979455,0.004797338449279777
Standard_GA,rosenbrock,50,128,200,0.8,0.8,0.3,0.9,1141292.204375,185125.43610923222,41519.153862985004,1.0176162089919671,0.00481705385085661
Standard_GA,rosenbrock,50,128,200,0.8,0.8,0.3,1.0,1141292.204375,185125.43610923222,40753.432340845015,1.057135968003422,0.004907562099979259
Standard_GA,rosenbrock,50,128,200,0.8,0.8,0.6,0.5,1141292.204375,185125.43610923222,40273.54696683461,1.0140785230032634,0.004966038878192194
Standard_GA,rosenbrock,50,128,200,0.8,0.8,0.6,0.7,1141292.204375,185125.43610923222,40282.2148513353,1.0430403229838703,0.004964970291184727
Standard_GA,rosenbrock,50,128,200,0.8,0.8,0.6,0.8,1141292.204375,185125.43610923222,40236.65834772046,1.0531114919867832,0.004970591699529905
Standard_GA,rosenbrock,50,128,200,0.8,0.8,0.6,0.9,1141292.204375,185125.43610923222,40486.15204336649,1.0526475330116227,0.004939960700285156
Standard_GA,rosenbrock,50,128,200,0.8,0.8,0.6,1.0,1141292.204375,185125.43610923222,41094.285588213526,1.0409679969889112,0.00486685672076419
Standard_GA,rosenbrock,50,128,200,0.8,0.8,0.7,0.5,1141292.204375,185125.43610923222,40142.37915401855,1.093686765001621,0.0049822657305048776
Standard_GA,rosenbrock,50,128,200,0.8,0.8,0.7,0.7,1141292.204375,185125.43610923222,40532.95649445065,1.1387924779846799,0.0049342564001563
Standard_GA,rosenbrock,50,128,200,0.8,0.8,0.7,0.8,1141292.204375,185125.43610923222,40322.53398635784,1.1046812550048344,0.004960005739412736
Standard_GA,rosenbrock,50,128,200,0.8,0.8,0.7,0.9,1141292.204375,185125.43610923222,40548.4893694838,1.0890656069968827,0.004932366238790564
Standard_GA,rosenbrock,50,128,200,0.8,0.8,0.7,1.0,1141292.204375,185125.43610923222,40986.88130934743,1.1357848129991908,0.004879610099887941
Standard_GA,rosenbrock,50,128,200,0.8,1.0,0.5,0.5,1141292.204375,185125.43610923222,42194.42461357052,0.8596740800130647,0.004739962728053797
Standard_GA,rosenbrock,50,128,200,0.8,1.0,0.5,0.7,1141292.204375,185125.43610923222,42681.92878855486,0.8803641370031983,0.0046858238527784125
Standard_GA,rosenbrock,50,128,200,0.8,1.0,0.5,0.8,1141292.204375,185125.43610923222,43347.59716412453,1.3486659530026373,0.004613865890714806
Standard_GA,rosenbrock,50,128,200,0.8,1.0,0.5,0.9,1141292.204375,185125.43610923222,42326.56201696587,0.8856516870146152,0.004725165250129067
Standard_GA,rosenbrock,50,128,200,0.8,1.0,0.5,1.0,1141292.204375,185125.43610923222,43062.45857732166,0.875271294004051,0.004644416659139097
Standard_GA,rosenbrock,50,128,200,0.8,1.0,0.2,0.5,1141292.204375,185125.43610923222,41393.58138094697,1.0568575549987145,0.004831666971731465
Standard_GA,rosenbrock,50,128,200,0.8,1.0,0.2,0.7,1141292.204375,185125.43610923222,42138.22135821687,1.053299672988942,0.004746284811117221
Standard_GA,rosenbrock,50,128,200,0.8,1.0,0.2,0.8,1141292.204375,185125.43610923222,41662.81988866277,1.0573257649957668,0.00480044318974251
Standard_GA,rosenbrock,50,128,200,0.8,1.0,0.2,0.9,1141292.204375,185125.43610923222,41862.048722199026,1.0613700299873017,0.004777597038482782
Standard_GA,rosenbrock,50,128,200,0.8,1.0,0.2,1.0,1141292.204375,185125.43610923222,42080.841825028816,1.0734462310210802,0.004752756630477961
Standard_GA,rosenbrock,50,128,200,0.8,1.0,0.4,0.5,1141292.204375,185125.43610923222,41184.719060468546,1.0666115490021184,0.004856170068960637
Standard_GA,rosenbrock,50,128,200,0.8,1.0,0.4,0.7,1141292.204375,185125.43610923222,41744.42731197121,1.1012366169888992,0.004791058660484851
Standard_GA,rosenbrock,50,128,200,0.8,1.0,0.4,0.8,1141292.204375,185125.43610923222,41763.480842963305,1.060459176020231,0.0047888728612451815
Standard_GA,rosenbrock,50,128,200,0.8,1.0,0.4,0.9,1141292.204375,185125.43610923222,41713.930544344716,1.0994883599923924,0.004794561370508745
Standard_GA,rosenbrock,50,128,200,0.8,1.0,0.4,1.0,1141292.204375,185125.43610923222,41647.04379127912,1.067994898010511,0.00480226162035251
Standard_GA,rosenbrock,50,128,200,0.8,1.0,0.3,0.5,1141292.204375,185125.43610923222,41051.52149192799,1.0311353349825367,0.004871926611522213
Standard_GA,rosenbrock,50,128,200,0.8,1.0,0.3,0.7,1141292.204375,185125.43610923222,41688.46314298564,1.0785165389825124,0.004797490358760115
Standard_GA,rosenbrock,50,128,200,0.8,1.0,0.3,0.8,1141292.204375,185125.43610923222,40826.15388464706,1.0649724309914745,0.004898820510134101
Standard_GA,rosenbrock,50,128,200,0.8,1.0,0.3,0.9,1141292.204375,185125.43610923222,41292.41330484301,1.054272124019917,0.004843504750460852
Standard_GA,rosenbrock,50,128,200,0.8,1.0,0.3,1.0,1141292.204375,185125.43610923222,41155.38136353191,1.0581450180034153,0.004859631799627095
Standard_GA,rosenbrock,50,128,200,0.8,1.0,0.6,0.5,1141292.204375,185125.43610923222,41021.55661941711,1.0665341209969483,0.004875485390657559
Standard_GA,rosenbrock,50,128,200,0.8,1.0,0.6,0.7,1141292.204375,185125.43610923222,41438.008547305944,1.0540884530055337,0.004826486769306939
Standard_GA,rosenbrock,50,128,200,0.8,1.0,0.6,0.8,1141292.204375,185125.43610923222,41552.20981056205,1.0779410350078251,0.004813221749500372
Standard_GA,rosenbrock,50,128,200,0.8,1.0,0.6,0.9,1141292.204375,185125.43610923222,40883.420313311726,1.0600210780103225,0.004891958609805442
Standard_GA,rosenbrock,50,128,200,0.8,1.0,0.6,1.0,1141292.204375,185125.43610923222,41093.701620162305,1.0639542320277542,0.004866925881942734
Standard_GA,rosenbrock,50,128,200,0.8,1.0,0.7,0.5,1141292.204375,185125.43610923222,40539.21502263691,1.1490176570077892,0.004933494639408309
Standard_GA,rosenbrock,50,128,200,0.8,1.0,0.7,0.7,1141292.204375,185125.43610923222,41135.72774470061,1.112287144002039,0.004861953609797638
Standard_GA,rosenbrock,50,128,200,0.8,1.0,0.7,0.8,1141292.204375,185125.43610923222,40499.85374835696,1.1431837309792172,0.004938289437850471
Standard_GA,rosenbrock,50,128,200,0.8,1.0,0.7,0.9,1141292.204375,185125.43610923222,40867.59292420963,1.1746035550022498,0.004893853190005757
Standard_GA,rosenbrock,50,128,200,0.8,1.0,0.7,1.0,1141292.204375,185125.43610923222,41453.39842882925,1.1457612889935263,0.004824694900307804
Standard_GA,rosenbrock,50,128,200,0.9,0.5,0.5,0.5,1141292.204375,185125.43610923222,41883.66163719708,0.908148610003991,0.004775131690548733
Standard_GA,rosenbrock,50,128,200,0.9,0.5,0.5,0.7,1141292.204375,185125.43610923222,42758.004148131295,0.8866654229932465,0.004677486800064798
Standard_GA,rosenbrock,50,128,200,0.9,0.5,0.5,0.8,1141292.204375,185125.43610923222,42350.49733231745,0.8852182620030362,0.004722494719026145
Standard_GA,rosenbrock,50,128,200,0.9,0.5,0.5,0.9,1141292.204375,185125.43610923222,42067.146156183604,0.8797434489824809,0.00475430397054879
Standard_GA,rosenbrock,50,128,200,0.9,0.5,0.5,1.0,1141292.204375,185125.43610923222,42947.39669160688,0.8834055280021857,0.00465685967967147
Standard_GA,rosenbrock,50,128,200,0.9,0.5,0.2,0.5,1141292.204375,185125.43610923222,41484.057661615014,1.0467037629859988,0.00482112915837206
Standard_GA,rosenbrock,50,128,200,0.9,0.5,0.2,0.7,1141292.204375,185125.43610923222,41346.7272288376,1.0708101080090273,0.0048371422215132045
Standard_GA,rosenbrock,50,128,200,0.9,0.5,0.2,0.8,1141292.204375,185125.43610923222,41210.80377481802,1.0650031030236278,0.004853096316510346
Standard_GA,rosenbrock,50,128,200,0.9,0.5,0.2,0.9,1141292.204375,185125.43610923222,41254.104286720496,1.0474062819848768,0.004848002482613083
Standard_GA,rosenbrock,50,128,200,0.9,0.5,0.2,1.0,1141292.204375,185125.43610923222,40710.311974714044,1.0684252929931972,0.004912760190200061
Standard_GA,rosenbrock,50,128,200,0.9,0.5,0.4,0.5,1141292.204375,185125.43610923222,40925.46514313377,1.072080222016666,0.0048869328497676175
Standard_GA,rosenbrock,50,128,200,0.9,0.5,0.4,0.7,1141292.204375,185125.43610923222,41102.37126874924,1.0854740689974278,0.00486589931009803
Standard_GA,rosenbrock,50,128,200,0.9,0.5,0.4,0.8,1141292.204375,185125.43610923222,40875.80868595647,1.077259376004804,0.004892869558534585
Standard_GA,rosenbrock,50,128,200,0.9,0.5,0.4,0.9,1141292.204375,185125.43610923222,40151.05106594323,1.0766547870007344,0.004981189649843145
Standard_GA,rosenbrock,50,128,200,0.9,0.5,0.4,1.0,1141292.204375,185125.43610923222,40412.28166244994,1.0858140459749848,0.004948990548728034
Standard_GA,rosenbrock,50,128,200,0.9,0.5,0.3,0.5,1141292.204375,185125.43610923222,41083.37331951652,1.0382666880032048,0.004868149420071859
Standard_GA,rosenbrock,50,128,200,0.9,0.5,0.3,0.7,1141292.204375,185125.43610923222,41374.14517555012,1.0302636419946793,0.00483393672911916
Standard_GA,rosenbrock,50,128,200,0.9,0.5,0.3,0.8,1141292.204375,185125.43610923222,40766.2701226038,1.0584894329949748,0.0049060166504932565
Standard_GA,rosenbrock,50,128,200,0.9,0.5,0.3,0.9,1141292.204375,185125.43610923222,40812.04425933089,1.0605563150020316,0.004900514140608721
Standard_GA,rosenbrock,50,128,200,0.9,0.5,0.3,1.0,1141292.204375,185125.43610923222,41262.90188572002,1.06194629802485,0.004846968847559765
Standard_GA,rosenbrock,50,128,200,0.9,0.5,0.6,0.5,1141292.204375,185125.43610923222,40510.23214061506,1.0612614180136006,0.004937024288228713
Standard_GA,rosenbrock,50,128,200,0.9,0.5,0.6,0.7,1141292.204375,185125.43610923222,41438.74150284236,1.0515144899836741,0.004826401399914176
Standard_GA,rosenbrock,50,128,200,0.9,0.5,0.6,0.8,1141292.204375,185125.43610923222,41250.71133497571,1.088119195017498,0.004848401240305975
Standard_GA,rosenbrock,50,128,200,0.9,0.5,0.6,0.9,1141292.204375,185125.43610923222,41211.543125944416,1.0914594779897016,0.004853009250073228
Standard_GA,rosenbrock,50,128,200,0.9,0.5,0.6,1.0,1141292.204375,185125.43610923222,42029.244116545844,1.0829931700136513,0.004758591409481597
Standard_GA,rosenbrock,50,128,200,0.9,0.5,0.7,0.5,1141292.204375,185125.43610923222,41571.919595305284,1.110680373996729,0.004810939738817978
Standard_GA,rosenbrock,50,128,200,0.9,0.5,0.7,0.7,1141292.204375,185125.43610923222,41489.23390216475,1.1411996929964516,0.004820527669216972
Standard_GA,rosenbrock,50,128,200,0.9,0.5,0.7,0.8,1141292.204375,185125.43610923222,40756.34002559137,1.1385547239915468,0.004907211979152635
Standard_GA,rosenbrock,50,128,200,0.9,0.5,0.7,0.9,1141292.204375,185125.43610923222,41403.43500804912,1.1414716530125588,0.004830517080554273
Standard_GA,rosenbrock,50,128,200,0.9,0.5,0.7,1.0,1141292.204375,185125.43610923222,41471.44236240119,1.1534424999845214,0.004822595709410962
Standard_GA,rosenbrock,50,128,200,0.9,0.8,0.5,0.5,1141292.204375,185125.43610923222,41343.4867951302,0.9029465490020812,0.004837521348672453
Standard_GA,rosenbrock,50,128,200,0.9,0.8,0.5,0.7,1141292.204375,185125.43610923222,42160.15159278923,0.8947586900030728,0.0047438159599551
Standard_GA,rosenbrock,50,128,200,0.9,0.8,0.5,0.8,1141292.204375,185125.43610923222,42131.23153507239,0.8723051290144213,0.004747072248137556
Standard_GA,rosenbrock,50,128,200,0.9,0.8,0.5,0.9,1141292.204375,185125.43610923222,42704.45348015238,0.8796105369983707,0.004683352290012408
Standard_GA,rosenbrock,50,128,200,0.9,0.8,0.5,1.0,1141292.204375,185125.43610923222,40882.51407101791,0.8732844960177317,0.004892067049804609
Standard_GA,rosenbrock,50,128,200,0.9,0.8,0.2,0.5,1141292.204375,185125.43610923222,40494.36458641949,1.0497834630077705,0.004938958841376006
Standard_GA,rosenbrock,50,128,200,0.9,0.8,0.2,0.7,1141292.204375,185125.43610923222,40603.57209824743,1.0603435290104244,0.004925675000122282
Standard_GA,rosenbrock,50,128,200,0.9,0.8,0.2,0.8,1141292.204375,185125.43610923222,41066.570549538774,1.0662451900134329,0.0048701412687660196
Standard_GA,rosenbrock,50,128,200,0.9,0.8,0.2,0.9,1141292.204375,185125.43610923222,40994.980720377585,1.0312303639948368,0.004878646031429525
Standard_GA,rosenbrock,50,128,200,0.9,0.8,0.2,1.0,1141292.204375,185125.43610923222,40255.02526394572,1.0422704789962154,0.004968323797802441
Standard_GA,rosenbrock,50,128,200,0.9,0.8,0.4,0.5,1141292.204375,185125.43610923222,40760.48217081518,1.1100241649837699,0.004906713300442789
Standard_GA,rosenbrock,50,128,200,0.9,0.8,0.4,0.7,1141292.204375,185125.43610923222,41228.730361341564,1.0680686720006634,0.004850986150850076
Standard_GA,rosenbrock,50,128,200,0.9,0.8,0.4,0.8,1141292.204375,185125.43610923222,41093.06070117997,1.0622525359794963,0.004867001790262293
Standard_GA,rosenbrock,50,128,200,0.9,0.8,0.4,0.9,1141292.204375,185125.43610923222,41036.65856341989,1.0821435219841078,0.004873691158136353
Standard_GA,rosenbrock,50,128,200,0.9,0.8,0.4,1.0,1141292.204375,185125.43610923222,41200.18114476248,1.0662634170148522,0.004854347588843666
Standard_GA,rosenbrock,50,128,200,0.9,0.8,0.3,0.5,1141292.204375,185125.43610923222,41022.70698376797,1.0752419699856546,0.004875348671630491
Standard_GA,rosenbrock,50,128,200,0.9,0.8,0.3,0.7,1141292.204375,185125.43610923222,40949.608381668324,1.0494581200182438,0.004884051591798198
Standard_GA,rosenbrock,50,128,200,0.9,0.8,0.3,0.8,1141292.204375,185125.43610923222,40611.45771303986,1.074978693999583,0.004924718571128323
Standard_GA,rosenbrock,50,128,200,0.9,0.8,0.3,0.9,1141292.204375,185125.43610923222,40639.1716894072,1.0453675290045794,0.004921360148000531
Standard_GA,rosenbrock,50,128,200,0.9,0.8,0.3,1.0,1141292.204375,185125.43610923222,41410.908229332126,1.0603342939866707,0.004829645341087599
Standard_GA,rosenbrock,50,128,200,0.9,0.8,0.6,0.5,1141292.204375,185125.43610923222,40780.47350213458,1.0351904710114468,0.004904307940159924
Standard_GA,rosenbrock,50,128,200,0.9,0.8,0.6,0.7,1141292.204375,185125.43610923222,40135.38525687782,1.0743261429888662,0.004983133928326424
Standard_GA,rosenbrock,50,128,200,0.9,0.8,0.6,0.8,1141292.204375,185125.43610923222,40082.39594396059,1.0864263710100204,0.00498972167930333
Standard_GA,rosenbrock,50,128,200,0.9,0.8,0.6,0.9,1141292.204375,185125.43610923222,41559.62681286196,1.0560692040016875,0.004812362750526517
Standard_GA,rosenbrock,50,128,200,0.9,0.8,0.6,1.0,1141292.204375,185125.43610923222,41549.81871367698,1.0634625039820094,0.004813498739385977
Standard_GA,rosenbrock,50,128,200,0.9,0.8,0.7,0.5,1141292.204375,185125.43610923222,40713.13552953029,1.1018670749908779,0.004912419478350785
Standard_GA,rosenbrock,50,128,200,0.9,0.8,0.7,0.7,1141292.204375,185125.43610923222,40950.39268120676,1.135835674998816,0.00488395805034088
Standard_GA,rosenbrock,50,128,200,0.9,0.8,0.7,0.8,1141292.204375,185125.43610923222,41720.22978975485,1.1159336600103416,0.004793837450270075
Standard_GA,rosenbrock,50,128,200,0.9,0.8,0.7,0.9,1141292.204375,185125.43610923222,41654.195310578514,1.1424385890131816,0.004801437130372506
Standard_GA,rosenbrock,50,128,200,0.9,0.8,0.7,1.0,1141292.204375,185125.43610923222,41881.085880205406,1.132177085004514,0.004775425369152799
Standard_GA,rosenbrock,50,128,200,0.9,1.0,0.5,0.5,1141292.204375,185125.43610923222,41719.38230995317,0.8846874500159174,0.004793934831395745
Standard_GA,rosenbrock,50,128,200,0.9,1.0,0.5,0.7,1141292.204375,185125.43610923222,42500.40914361371,0.8774682039802428,0.004705837050278205
Standard_GA,rosenbrock,50,128,200,0.9,1.0,0.5,0.8,1141292.204375,185125.43610923222,41936.75244860869,0.8923318730085157,0.0047690865010372365
Standard_GA,rosenbrock,50,128,200,0.9,1.0,0.5,0.9,1141292.204375,185125.43610923222,42792.33527577273,0.8896065299923066,0.004673734179523308
Standard_GA,rosenbrock,50,128,200,0.9,1.0,0.5,1.0,1141292.204375,185125.43610923222,41765.00934947758,0.899953442014521,0.004788697599142324
Standard_GA,rosenbrock,50,128,200,0.9,1.0,0.2,0.5,1141292.204375,185125.43610923222,40825.48510923239,1.0432426279876381,0.004898900759289972
Standard_GA,rosenbrock,50,128,200,0.9,1.0,0.2,0.7,1141292.204375,185125.43610923222,41813.74703749742,1.0794966680114157,0.004783115940808784
Standard_GA,rosenbrock,50,128,200,0.9,1.0,0.2,0.8,1141292.204375,185125.43610923222,41626.24264699716,1.0438309430028312,0.0048046613694168626
Standard_GA,rosenbrock,50,128,200,0.9,1.0,0.2,0.9,1141292.204375,185125.43610923222,41966.621173533946,1.0540667080204003,0.0047656922193709764
Standard_GA,rosenbrock,50,128,200,0.9,1.0,0.2,1.0,1141292.204375,185125.43610923222,40867.089127343555,1.0551603400090244,0.004893913519917987
Standard_GA,rosenbrock,50,128,200,0.9,1.0,0.4,0.5,1141292.204375,185125.43610923222,40282.50767535876,1.1053103329904843,0.004964934199524578
Standard_GA,rosenbrock,50,128,200,0.9,1.0,0.4,0.7,1141292.204375,185125.43610923222,41373.47842587668,1.0881938080128748,0.004834014629886951
Standard_GA,rosenbrock,50,128,200,0.9,1.0,0.4,0.8,1141292.204375,185125.43610923222,41940.478407973955,1.098562461003894,0.00476866281911498
Standard_GA,rosenbrock,50,128,200,0.9,1.0,0.4,0.9,1141292.204375,185125.43610923222,41327.39030359074,1.0720693129987922,0.004839405501552391
Standard_GA,rosenbrock,50,128,200,0.9,1.0,0.4,1.0,1141292.204375,185125.43610923222,41515.91743779653,1.1033982139779255,0.004817429370305036
Standard_GA,rosenbrock,50,128,200,0.9,1.0,0.3,0.5,1141292.204375,185125.43610923222,41154.84394100113,1.0378289590007626,0.004859695259365253
Standard_GA,rosenbrock,50,128,200,0.9,1.0,0.3,0.7,1141292.204375,185125.43610923222,42066.01398649359,1.0415256879932713,0.004754431928449776
Standard_GA,rosenbrock,50,128,200,0.9,1.0,0.3,0.8,1141292.204375,185125.43610923222,41727.65954498729,1.0831698260153644,0.004792983890802134
Standard_GA,rosenbrock,50,128,200,0.9,1.0,0.3,0.9,1141292.204375,185125.43610923222,40705.04773156118,1.0770028150000144,0.004913395540497732
Standard_GA,rosenbrock,50,128,200,0.9,1.0,0.3,1.0,1141292.204375,185125.43610923222,41571.561939699524,1.0738279730139766,0.004810981129121501
Standard_GA,rosenbrock,50,128,200,0.9,1.0,0.6,0.5,1141292.204375,185125.43610923222,41545.600863451065,1.0290998349955771,0.004813987422094215
Standard_GA,rosenbrock,50,128,200,0.9,1.0,0.6,0.7,1141292.204375,185125.43610923222,42100.09840251861,1.0878929260070436,0.004750582720444072
Standard_GA,rosenbrock,50,128,200,0.9,1.0,0.6,0.8,1141292.204375,185125.43610923222,41384.49160484315,1.0823583960009273,0.004832728209148627
Standard_GA,rosenbrock,50,128,200,0.9,1.0,0.6,0.9,1141292.204375,185125.43610923222,41311.17181716342,1.0479231099889148,0.004841305419395212
Standard_GA,rosenbrock,50,128,200,0.9,1.0,0.6,1.0,1141292.204375,185125.43610923222,41463.88157753134,1.0795642010052688,0.004823475091834553
Standard_GA,rosenbrock,50,128,200,0.9,1.0,0.7,0.5,1141292.204375,185125.43610923222,41377.98301154578,1.1367693259962834,0.004833488378208131
Standard_GA,rosenbrock,50,128,200,0.9,1.0,0.7,0.7,1141292.204375,185125.43610923222,42317.689917361124,1.1127333710028324,0.004726155902899336
Standard_GA,rosenbrock,50,128,200,0.9,1.0,0.7,0.8,1141292.204375,185125.43610923222,41961.09128293908,1.124690839991672,0.004766320271592121
Standard_GA,rosenbrock,50,128,200,0.9,1.0,0.7,0.9,1141292.204375,185125.43610923222,41472.69059925576,1.1222074370016344,0.004822450559877325
Standard_GA,rosenbrock,50,128,200,0.9,1.0,0.7,1.0,1141292.204375,185125.43610923222,41488.46101358016,1.113004531012848,0.004820617470832076
Standard_GA,rosenbrock,50,128,200,1.0,0.5,0.5,0.5,1141292.204375,185125.43610923222,41581.72170257239,0.8943206099793315,0.004809805650438648
Standard_GA,rosenbrock,50,128,200,1.0,0.5,0.5,0.7,1141292.204375,185125.43610923222,42222.78375252027,0.9279189599910751,0.00473677910893457
Standard_GA,rosenbrock,50,128,200,1.0,0.5,0.5,0.8,1141292.204375,185125.43610923222,42896.19299466978,0.9018144739966374,0.004662418411462568
Standard_GA,rosenbrock,50,128,200,1.0,0.5,0.5,0.9,1141292.204375,185125.43610923222,42134.354919171,0.9129156470007729,0.004746720351686235
Standard_GA,rosenbrock,50,128,200,1.0,0.5,0.5,1.0,1141292.204375,185125.43610923222,41795.51090000614,0.8930490970087703,0.004785202900820878
Standard_GA,rosenbrock,50,128,200,1.0,0.5,0.2,0.5,1141292.204375,185125.43610923222,40829.474280470735,1.0436452349822503,0.004898422120895703
Standard_GA,rosenbrock,50,128,200,1.0,0.5,0.2,0.7,1141292.204375,185125.43610923222,40988.088215507865,1.0577129480079748,0.004879466418351512
Standard_GA,rosenbrock,50,128,200,1.0,0.5,0.2,0.8,1141292.204375,185125.43610923222,41103.609399508736,1.0657929250155576,0.004865752738551237
Standard_GA,rosenbrock,50,128,200,1.0,0.5,0.2,0.9,1141292.204375,185125.43610923222,40512.676902988285,1.043180932989344,0.0049367263604653995
Standard_GA,rosenbrock,50,128,200,1.0,0.5,0.2,1.0,1141292.204375,185125.43610923222,40457.07169384315,1.0837409390078392,0.004943511520395987
Standard_GA,rosenbrock,50,128,200,1.0,0.5,0.4,0.5,1141292.204375,185125.43610923222,40532.574595004844,1.0856648559856694,0.004934302890906111
Standard_GA,rosenbrock,50,128,200,1.0,0.5,0.4,0.7,1141292.204375,185125.43610923222,40901.34865997357,1.0883175380004104,0.004889814310590736
Standard_GA,rosenbrock,50,128,200,1.0,0.5,0.4,0.8,1141292.204375,185125.43610923222,41492.03594360913,1.086660964996554,0.004820202129194513
Standard_GA,rosenbrock,50,128,200,1.0,0.5,0.4,0.9,1141292.204375,185125.43610923222,40346.43117018682,1.1157747360120993,0.004957067928917241
Standard_GA,rosenbrock,50,128,200,1.0,0.5,0.4,1.0,1141292.204375,185125.43610923222,40505.067728962546,1.1286446890153456,0.004937653760716785
Standard_GA,rosenbrock,50,128,200,1.0,0.5,0.3,0.5,1141292.204375,185125.43610923222,40818.542901755296,1.0424854200100526,0.004899733939091675
Standard_GA,rosenbrock,50,128,200,1.0,0.5,0.3,0.7,1141292.204375,185125.43610923222,41162.19252198882,1.0794468779931776,0.00485882767039584
Standard_GA,rosenbrock,50,128,200,1.0,0.5,0.3,0.8,1141292.204375,185125.43610923222,41144.878640829585,1.0790667000110261,0.004860872278804891
Standard_GA,rosenbrock,50,128,200,1.0,0.5,0.3,0.9,1141292.204375,185125.43610923222,42093.01771242376,1.0480655840074178,0.004751381841197144
Standard_GA,rosenbrock,50,128,200,1.0,0.5,0.3,1.0,1141292.204375,185125.43610923222,41613.6765054849,1.0732274119800422,0.004806112239893991
Standard_GA,rosenbrock,50,128,200,1.0,0.5,0.6,0.5,1141292.204375,185125.43610923222,41420.746437698355,1.0263684899837244,0.004828498209244572
Standard_GA,rosenbrock,50,128,200,1.0,0.5,0.6,0.7,1141292.204375,185125.43610923222,40936.74480008645,1.067887270997744,0.00488558631070191
Standard_GA,rosenbrock,50,128,200,1.0,0.5,0.6,0.8,1141292.204375,185125.43610923222,41058.80012881738,1.0769362690043636,0.004871062948077451
Standard_GA,rosenbrock,50,128,200,1.0,0.5,0.6,0.9,1141292.204375,185125.43610923222,41952.036386826396,1.066988615988521,0.004767349030589685
Standard_GA,rosenbrock,50,128,200,1.0,0.5,0.6,1.0,1141292.204375,185125.43610923222,40617.21224395828,1.0659701590193436,0.004924020851030946
Standard_GA,rosenbrock,50,128,200,1.0,0.5,0.7,0.5,1141292.204375,185125.43610923222,40299.94549139286,1.14815645001363,0.004962785868847277
Standard_GA,rosenbrock,50,128,200,1.0,0.5,0.7,0.7,1141292.204375,185125.43610923222,40725.70283873503,1.1285740520106629,0.004910903583222535
Standard_GA,rosenbrock,50,128,200,1.0,0.5,0.7,0.8,1141292.204375,185125.43610923222,40677.344992970764,1.1498489569930825,0.0049167417400167324
Standard_GA,rosenbrock,50,128,200,1.0,0.5,0.7,0.9,1141292.204375,185125.43610923222,41375.788401134916,1.115859821002232,0.004833744750940241
Standard_GA,rosenbrock,50,128,200,1.0,0.5,0.7,1.0,1141292.204375,185125.43610923222,40131.90956180999,1.1560096960165538,0.0049835655014612715
Standard_GA,rosenbrock,50,128,200,1.0,0.8,0.5,0.5,1141292.204375,185125.43610923222,40913.96997429124,0.8887265980010852,0.004888305880012922
Standard_GA,rosenbrock,50,128,200,1.0,0.8,0.5,0.7,1141292.204375,185125.43610923222,41265.21594095683,0.892105637001805,0.0048466970410663635
Standard_GA,rosenbrock,50,128,200,1.0,0.8,0.5,0.8,1141292.204375,185125.43610923222,42081.96543340867,0.9066232219920494,0.004752629729628097
Standard_GA,rosenbrock,50,128,200,1.0,0.8,0.5,0.9,1141292.204375,185125.43610923222,41395.38211388872,0.8957192309899256,0.0048314567902707495
Standard_GA,rosenbrock,50,128,200,1.0,0.8,0.5,1.0,1141292.204375,185125.43610923222,41583.68426503047,0.8983253960032016,0.004809578649292235
Standard_GA,rosenbrock,50,128,200,1.0,0.8,0.2,0.5,1141292.204375,185125.43610923222,40512.63423476097,1.063674112985609,0.004936731559864711
Standard_GA,rosenbrock,50,128,200,1.0,0.8,0.2,0.7,1141292.204375,185125.43610923222,40942.202009428,1.0935325780010317,0.004884935108129866
Standard_GA,rosenbrock,50,128,200,1.0,0.8,0.2,0.8,1141292.204375,185125.43610923222,40915.92559194222,1.045874363015173,0.004888072238536552
Standard_GA,rosenbrock,50,128,200,1.0,0.8,0.2,0.9,1141292.204375,185125.43610923222,41069.48630602143,1.0507695380074438,0.004869795509730466
Standard_GA,rosenbrock,50,128,200,1.0,0.8,0.2,1.0,1141292.204375,185125.43610923222,40678.54390001936,1.0486287209787406,0.0049165968302986585
Standard_GA,rosenbrock,50,128,200,1.0,0.8,0.4,0.5,1141292.204375,185125.43610923222,40339.106338771955,1.085890674003167,0.004957968040253035
Standard_GA,rosenbrock,50,128,200,1.0,0.8,0.4,0.7,1141292.204375,185125.43610923222,40886.022097953595,1.1017032770032529,0.004891647309705149
Standard_GA,rosenbrock,50,128,200,1.0,0.8,0.4,0.8,1141292.204375,185125.43610923222,40016.65026533936,1.0847073500044644,0.004997919582820032
Standard_GA,rosenbrock,50,128,200,1.0,0.8,0.4,0.9,1141292.204375,185125.43610923222,40424.81270863861,1.1061389289970975,0.004947456440713722
Standard_GA,rosenbrock,50,128,200,1.0,0.8,0.4,1.0,1141292.204375,185125.43610923222,40835.23648421208,1.0906617769796867,0.004897730911325198
Standard_GA,rosenbrock,50,128,200,1.0,0.8,0.3,0.5,1141292.204375,185125.43610923222,40432.45878040418,1.0546062259818427,0.004946520840749144
Standard_GA,rosenbrock,50,128,200,1.0,0.8,0.3,0.7,1141292.204375,185125.43610923222,40185.52710051475,1.0419194679998327,0.004976916179293767
Standard_GA,rosenbrock,50,128,200,1.0,0.8,0.3,0.8,1141292.204375,185125.43610923222,40759.884074621405,1.0807347689988092,0.004906785299826879
Standard_GA,rosenbrock,50,128,200,1.0,0.8,0.3,0.9,1141292.204375,185125.43610923222,40692.657651058435,1.0701986119966023,0.004914891568769235
Standard_GA,rosenbrock,50,128,200,1.0,0.8,0.3,1.0,1141292.204375,185125.43610923222,41682.83812674494,1.0404148959787562,0.004798137770558241
Standard_GA,rosenbrock,50,128,200,1.0,0.8,0.6,0.5,1141292.204375,185125.43610923222,41543.85058626148,1.0603872899955604,0.0048141902394127105
Standard_GA,rosenbrock,50,128,200,1.0,0.8,0.6,0.7,1141292.204375,185125.43610923222,41537.29788128259,1.067138004989829,0.004814949700667057
Standard_GA,rosenbrock,50,128,200,1.0,0.8,0.6,0.8,1141292.204375,185125.43610923222,41477.74779727069,1.0929111409932375,0.00482186257984722
Standard_GA,rosenbrock,50,128,200,1.0,0.8,0.6,0.9,1141292.204375,185125.43610923222,41099.08564577678,1.0724266890028957,0.0048662883092765695
Standard_GA,rosenbrock,50,128,200,1.0,0.8,0.6,1.0,1141292.204375,185125.43610923222,41220.65378374432,1.0801873250165954,0.004851936629856937
Standard_GA,rosenbrock,50,128,200,1.0,0.8,0.7,0.5,1141292.204375,185125.43610923222,40798.33128282458,1.1498049740039278,0.004902161282370798
Standard_GA,rosenbrock,50,128,200,1.0,0.8,0.7,0.7,1141292.204375,185125.43610923222,41509.71875883205,1.1799592619936448,0.004818148760823533
Standard_GA,rosenbrock,50,128,200,1.0,0.8,0.7,0.8,1141292.204375,185125.43610923222,41463.27048384443,1.1629071780189406,0.004823546181141864
Standard_GA,rosenbrock,50,128,200,1.0,0.8,0.7,0.9,1141292.204375,185125.43610923222,41247.69954359897,1.1466291680117138,0.004848755256971344
Standard_GA,rosenbrock,50,128,200,1.0,0.8,0.7,1.0,1141292.204375,185125.43610923222,40955.28497397534,1.1557168170111254,0.004883374639612157
Standard_GA,rosenbrock,50,128,200,1.0,1.0,0.5,0.5,1141292.204375,185125.43610923222,41126.205451976406,0.9058254929841496,0.004863079338392708
Standard_GA,rosenbrock,50,128,200,1.0,1.0,0.5,0.7,1141292.204375,185125.43610923222,41423.978583428776,0.8977573680167552,0.004828121461032424
Standard_GA,rosenbrock,50,128,200,1.0,1.0,0.5,0.8,1141292.204375,185125.43610923222,41905.77947260112,0.9187971279898193,0.0047726113800308665
Standard_GA,rosenbrock,50,128,200,1.0,1.0,0.5,0.9,1141292.204375,185125.43610923222,42123.088136866274,0.9051504620001651,0.004747989970492199
Standard_GA,rosenbrock,50,128,200,1.0,1.0,0.5,1.0,1141292.204375,185125.43610923222,41665.71250639967,0.9067940349923447,0.0048001099217799496
Standard_GA,rosenbrock,50,128,200,1.0,1.0,0.2,0.5,1141292.204375,185125.43610923222,40778.34614546961,1.0924619549768977,0.004904563791933469
Standard_GA,rosenbrock,50,128,200,1.0,1.0,0.2,0.7,1141292.204375,185125.43610923222,41427.77734898851,1.0868535500194412,0.004827678741130512
Standard_GA,rosenbrock,50,128,200,1.0,1.0,0.2,0.8,1141292.204375,185125.43610923222,40866.552699362575,1.079088746017078,0.0048939777590567245
Standard_GA,rosenbrock,50,128,200,1.0,1.0,0.2,0.9,1141292.204375,185125.43610923222,40946.142934161544,1.0922244210087229,0.004884464950009715
Standard_GA,rosenbrock,50,128,200,1.0,1.0,0.2,1.0,1141292.204375,185125.43610923222,40511.2383824626,1.0569679660256952,0.004936901659530122
Standard_GA,rosenbrock,50,128,200,1.0,1.0,0.4,0.5,1141292.204375,185125.43610923222,40641.0082740001,1.1095029620046262,0.004921137749624905
Standard_GA,rosenbrock,50,128,200,1.0,1.0,0.4,0.7,1141292.204375,185125.43610923222,41142.71070434547,1.0631600639899261,0.004861128413176629
Standard_GA,rosenbrock,50,128,200,1.0,1.0,0.4,0.8,1141292.204375,185125.43610923222,41048.696253090406,1.0933827580010984,0.004872261929267552
Standard_GA,rosenbrock,50,128,200,1.0,1.0,0.4,0.9,1141292.204375,185125.43610923222,41364.18852580334,1.0962519129971042,0.00483510029152967
Standard_GA,rosenbrock,50,128,200,1.0,1.0,0.4,1.0,1141292.204375,185125.43610923222,40925.76418631429,1.081534158991417,0.004886897141113877
Standard_GA,rosenbrock,50,128,200,1.0,1.0,0.3,0.5,1141292.204375,185125.43610923222,41458.478763400366,1.0539812899951357,0.004824103680730332
Standard_GA,rosenbrock,50,128,200,1.0,1.0,0.3,0.7,1141292.204375,185125.43610923222,42150.08786384591,1.07348996802466,0.004744948590523563
Standard_GA,rosenbrock,50,128,200,1.0,1.0,0.3,0.8,1141292.204375,185125.43610923222,41069.154446437,1.0634589940018486,0.004869834860146511
Standard_GA,rosenbrock,50,128,200,1.0,1.0,0.3,0.9,1141292.204375,185125.43610923222,41185.785565126396,1.0615650320251007,0.004856044318585191
Standard_GA,rosenbrock,50,128,200,1.0,1.0,0.3,1.0,1141292.204375,185125.43610923222,41026.59394421289,1.063230380997993,0.0048748867691028866
Standard_GA,rosenbrock,50,128,200,1.0,1.0,0.6,0.5,1141292.204375,185125.43610923222,41666.60068454742,1.0775423189916182,0.004800007601152174
Standard_GA,rosenbrock,50,128,200,1.0,1.0,0.6,0.7,1141292.204375,185125.43610923222,41858.7719152124,1.0744674309971742,0.004777971040457487
Standard_GA,rosenbrock,50,128,200,1.0,1.0,0.6,0.8,1141292.204375,185125.43610923222,42493.612552622355,1.0471710189885926,0.004706589719862677
Standard_GA,rosenbrock,50,128,200,1.0,1.0,0.6,0.9,1141292.204375,185125.43610923222,42019.13082931882,1.030031490023248,0.004759736721171066
Standard_GA,rosenbrock,50,128,200,1.0,1.0,0.6,1.0,1141292.204375,185125.43610923222,41787.89492368187,1.0770250929926988,0.0047860750192194245
Standard_GA,rosenbrock,50,128,200,1.0,1.0,0.7,0.5,1141292.204375,185125.43610923222,41263.41214639114,1.1582447310211137,0.004846908910258208
Standard_GA,rosenbrock,50,128,200,1.0,1.0,0.7,0.7,1141292.204375,185125.43610923222,41307.336032442865,1.14139842701843,0.004841754981316626
Standard_GA,rosenbrock,50,128,200,1.0,1.0,0.7,0.8,1141292.204375,185125.43610923222,42225.51226777966,1.1186175479961094,0.004736473029188346
Standard_GA,rosenbrock,50,128,200,1.0,1.0,0.7,0.9,1141292.204375,185125.43610923222,41474.144480826726,1.2029912379803136,0.004822281508240849
Standard_GA,rosenbrock,50,128,200,1.0,1.0,0.7,1.0,1141292.204375,185125.43610923222,41431.53192829131,1.1540796760236844,0.004827241250604857
Standard_GA,schaffers_f7,50,128,200,0.8,0.5,0.5,0.5,66.01237483978271,2.7422447377563612,27619.23942670212,1.8210517539991997,0.0072413290210533885
Standard_GA,schaffers_f7,50,128,200,0.8,0.5,0.5,0.7,66.01237483978271,2.7422447377563612,27574.785686465664,1.1869218999927398,0.007253002880024724
Standard_GA,schaffers_f7,50,128,200,0.8,0.5,0.5,0.8,66.01237483978271,2.7422447377563612,27354.324930730585,1.1484425659873523,0.007311458078620489
Standard_GA,schaffers_f7,50,128,200,0.8,0.5,0.5,0.9,66.01237483978271,2.7422447377563612,27322.833698042396,1.1452879299758933,0.007319884980097413
Standard_GA,schaffers_f7,50,128,200,0.8,0.5,0.5,1.0,66.01237483978271,2.7422447377563612,27383.534522284488,1.159139318013331,0.00730365905968938
Standard_GA,schaffers_f7,50,128,200,0.8,0.5,0.2,0.5,66.01237483978271,2.7422447377563612,28292.8100301071,1.4103540719952434,0.0070689337604562755
Standard_GA,schaffers_f7,50,128,200,0.8,0.5,0.2,0.7,66.01237483978271,2.7422447377563612,28460.819173465257,1.4100287609908264,0.007027204620535485
Standard_GA,schaffers_f7,50,128,200,0.8,0.5,0.2,0.8,66.01237483978271,2.7422447377563612,28850.562673117965,1.32581264100736,0.006932273809215985
Standard_GA,schaffers_f7,50,128,200,0.8,0.5,0.2,0.9,66.01237483978271,2.7422447377563612,28723.871816962353,1.331452940008603,0.006962849621195346
Standard_GA,schaffers_f7,50,128,200,0.8,0.5,0.2,1.0,66.01237483978271,2.7422447377563612,28780.39914438926,1.2888461649999954,0.0069491739498334934
Standard_GA,schaffers_f7,50,128,200,0.8,0.5,0.4,0.5,66.01237483978271,2.7422447377563612,28692.841638388472,1.3592581129923929,0.006970379668928217
Standard_GA,schaffers_f7,50,128,200,0.8,0.5,0.4,0.7,66.01237483978271,2.7422447377563612,28731.179228016503,1.3154612179787364,0.00696107870870037
Standard_GA,schaffers_f7,50,128,200,0.8,0.5,0.4,0.8,66.01237483978271,2.7422447377563612,28739.260647659015,2.05964455998037,0.006959121268009767
Standard_GA,schaffers_f7,50,128,200,0.8,0.5,0.4,0.9,66.01237483978271,2.7422447377563612,28537.65075782448,1.3600361309945583,0.007008285359479487
Standard_GA,schaffers_f7,50,128,200,0.8,0.5,0.4,1.0,66.01237483978271,2.7422447377563612,28745.485688509503,1.3772338170092553,0.006957614220445976
Standard_GA,schaffers_f7,50,128,200,0.8,0.5,0.3,0.5,66.01237483978271,2.7422447377563612,28175.948784741595,1.3532779189990833,0.007098252538999077
Standard_GA,schaffers_f7,50,128,200,0.8,0.5,0.3,0.7,66.01237483978271,2.7422447377563612,28364.354280545635,1.3022918280039448,0.007051103579578921
Standard_GA,schaffers_f7,50,128,200,0.8,0.5,0.3,0.8,66.01237483978271,2.7422447377563612,28470.47479288476,1.363201369997114,0.007024821379163768
Standard_GA,schaffers_f7,50,128,200,0.8,0.5,0.3,0.9,66.01237483978271,2.7422447377563612,28406.656172461935,1.3323537290270906,0.007040603398927488
Standard_GA,schaffers_f7,50,128,200,0.8,0.5,0.3,1.0,66.01237483978271,2.7422447377563612,28254.252150083088,1.2938850969949272,0.00707858055975521
Standard_GA,schaffers_f7,50,128,200,0.8,0.5,0.6,0.5,66.01237483978271,2.7422447377563612,28613.154678162642,1.3149991650134325,0.006989792011736427
Standard_GA,schaffers_f7,50,128,200,0.8,0.5,0.6,0.7,66.01237483978271,2.7422447377563612,28421.801873099856,1.3292001929949038,0.007036851530137937
Standard_GA,schaffers_f7,50,128,200,0.8,0.5,0.6,0.8,66.01237483978271,2.7422447377563612,28259.6785440255,1.3412827599968296,0.007077221338113305
Standard_GA,schaffers_f7,50,128,200,0.8,0.5,0.6,0.9,66.01237483978271,2.7422447377563612,28277.735249489888,1.315430443995865,0.007072702189034317
Standard_GA,schaffers_f7,50,128,200,0.8,0.5,0.6,1.0,66.01237483978271,2.7422447377563612,28441.227876373698,1.3184041009808425,0.007032045201049187
Standard_GA,schaffers_f7,50,128,200,0.8,0.5,0.7,0.5,66.01237483978271,2.7422447377563612,28664.36182227976,1.4109677279775497,0.006977305172185879
Standard_GA,schaffers_f7,50,128,200,0.8,0.5,0.7,0.7,66.01237483978271,2.7422447377563612,28542.34139784248,1.4037614699918777,0.007007133619918022
Standard_GA,schaffers_f7,50,128,200,0.8,0.5,0.7,0.8,66.01237483978271,2.7422447377563612,28510.188925309867,1.4117993710096925,0.0070150359411491085
Standard_GA,schaffers_f7,50,128,200,0.8,0.5,0.7,0.9,66.01237483978271,2.7422447377563612,28773.741268717848,1.4164712759957183,0.006950781899795402
Standard_GA,schaffers_f7,50,128,200,0.8,0.5,0.7,1.0,66.01237483978271,2.7422447377563612,28485.64839265647,1.3998880260041915,0.007021079430705868
Standard_GA,schaffers_f7,50,128,200,0.8,0.8,0.5,0.5,66.01237483978271,2.7422447377563612,27358.254489611572,1.126587420993019,0.007310407909099013
Standard_GA,schaffers_f7,50,128,200,0.8,0.8,0.5,0.7,66.01237483978271,2.7422447377563612,27193.358392805127,1.1325578870018944,0.007354737032146659
Standard_GA,schaffers_f7,50,128,200,0.8,0.8,0.5,0.8,66.01237483978271,2.7422447377563612,27505.046595994034,1.1395715760008898,0.0072713928806479085
Standard_GA,schaffers_f7,50,128,200,0.8,0.8,0.5,0.9,66.01237483978271,2.7422447377563612,27095.067945143157,1.1486982009955682,0.007381417179130949
Standard_GA,schaffers_f7,50,128,200,0.8,0.8,0.5,1.0,66.01237483978271,2.7422447377563612,27129.572482389285,1.1473939070128836,0.007372029180696699
Standard_GA,schaffers_f7,50,128,200,0.8,0.8,0.2,0.5,66.01237483978271,2.7422447377563612,28704.248178361024,1.3373695650079753,0.0069676097683259285
Standard_GA,schaffers_f7,50,128,200,0.8,0.8,0.2,0.7,66.01237483978271,2.7422447377563612,28637.76632333859,1.3292731329856906,0.006983784899348393
Standard_GA,schaffers_f7,50,128,200,0.8,0.8,0.2,0.8,66.01237483978271,2.7422447377563612,28566.168024498493,1.3030427350022364,0.007001289071340579
Standard_GA,schaffers_f7,50,128,200,0.8,0.8,0.2,0.9,66.01237483978271,2.7422447377563612,28504.21371884954,1.2954143779934384,0.007016506470681634
Standard_GA,schaffers_f7,50,128,200,0.8,0.8,0.2,1.0,66.01237483978271,2.7422447377563612,28580.151843468786,1.286806363001233,0.006997863450669684
Standard_GA,schaffers_f7,50,128,200,0.8,0.8,0.4,0.5,66.01237483978271,2.7422447377563612,28486.938308590274,1.317041728994809,0.007020761509484146
Standard_GA,schaffers_f7,50,128,200,0.8,0.8,0.4,0.7,66.01237483978271,2.7422447377563612,28448.156376083076,1.3123657690011896,0.007030332558497321
Standard_GA,schaffers_f7,50,128,200,0.8,0.8,0.4,0.8,66.01237483978271,2.7422447377563612,28357.72708922223,1.3238889430067502,0.007052751420123968
Standard_GA,schaffers_f7,50,128,200,0.8,0.8,0.4,0.9,66.01237483978271,2.7422447377563612,28495.39727366966,1.3236670879996382,0.0070186773702153
Standard_GA,schaffers_f7,50,128,200,0.8,0.8,0.4,1.0,66.01237483978271,2.7422447377563612,28516.950158019255,1.2998529360047542,0.0070133727096254005
Standard_GA,schaffers_f7,50,128,200,0.8,0.8,0.3,0.5,66.01237483978271,2.7422447377563612,28410.442947257834,1.3212404549994972,0.007039664970070589
Standard_GA,schaffers_f7,50,128,200,0.8,0.8,0.3,0.7,66.01237483978271,2.7422447377563612,28578.818200389745,2.09012012599851,0.00699819000903517
Standard_GA,schaffers_f7,50,128,200,0.8,0.8,0.3,0.8,66.01237483978271,2.7422447377563612,28468.479828134976,1.2898752390174195,0.007025313652411569
Standard_GA,schaffers_f7,50,128,200,0.8,0.8,0.3,0.9,66.01237483978271,2.7422447377563612,28696.3665308937,1.331360351992771,0.0069695234685787
Standard_GA,schaffers_f7,50,128,200,0.8,0.8,0.3,1.0,66.01237483978271,2.7422447377563612,28638.371955014736,1.3297216820064932,0.006983637209341396
Standard_GA,schaffers_f7,50,128,200,0.8,0.8,0.6,0.5,66.01237483978271,2.7422447377563612,28583.15831521212,1.312461560999509,0.006997127392096445
Standard_GA,schaffers_f7,50,128,200,0.8,0.8,0.6,0.7,66.01237483978271,2.7422447377563612,28681.958093949026,1.3304038300120737,0.006973024622129742
Standard_GA,schaffers_f7,50,128,200,0.8,0.8,0.6,0.8,66.01237483978271,2.7422447377563612,28512.33379131239,1.3088005330064334,0.007014508228749037
Standard_GA,schaffers_f7,50,128,200,0.8,0.8,0.6,0.9,66.01237483978271,2.7422447377563612,28633.490471010253,1.3419697239878587,0.006984827791166026
Standard_GA,schaffers_f7,50,128,200,0.8,0.8,0.6,1.0,66.01237483978271,2.7422447377563612,28614.558606837785,1.3199961229984183,0.00698944906849647
Standard_GA,schaffers_f7,50,128,200,0.8,0.8,0.7,0.5,66.01237483978271,2.7422447377563612,28698.35529329987,1.372062737995293,0.006969040488766041
Standard_GA,schaffers_f7,50,128,200,0.8,0.8,0.7,0.7,66.01237483978271,2.7422447377563612,28635.562284666503,1.3725616270094179,0.00698432243138086
Standard_GA,schaffers_f7,50,128,200,0.8,0.8,0.7,0.8,66.01237483978271,2.7422447377563612,28670.116970379935,1.4036147990263999,0.0069759045701357535
Standard_GA,schaffers_f7,50,128,200,0.8,0.8,0.7,0.9,66.01237483978271,2.7422447377563612,28590.729551298147,1.349642457003938,0.006995274452201557
Standard_GA,schaffers_f7,50,128,200,0.8,0.8,0.7,1.0,66.01237483978271,2.7422447377563612,28614.418795651287,1.3674738830013666,0.006989483219222166
Standard_GA,schaffers_f7,50,128,200,0.8,1.0,0.5,0.5,66.01237483978271,2.7422447377563612,27358.720493745815,1.1534539720159955,0.0073102833901066335
Standard_GA,schaffers_f7,50,128,200,0.8,1.0,0.5,0.7,66.01237483978271,2.7422447377563612,27345.19049731215,1.1537992819794454,0.0073139004103722986
Standard_GA,schaffers_f7,50,128,200,0.8,1.0,0.5,0.8,66.01237483978271,2.7422447377563612,27349.999323583834,1.1504697060154285,0.007312614440452308
Standard_GA,schaffers_f7,50,128,200,0.8,1.0,0.5,0.9,66.01237483978271,2.7422447377563612,27284.53068573426,1.167071923991898,0.007330160899728071
Standard_GA,schaffers_f7,50,128,200,0.8,1.0,0.5,1.0,66.01237483978271,2.7422447377563612,27341.719244678876,1.157071730995085,0.007314828969247174
Standard_GA,schaffers_f7,50,128,200,0.8,1.0,0.2,0.5,66.01237483978271,2.7422447377563612,28515.608086682136,1.3151971570041496,0.0070137027901364495
Standard_GA,schaffers_f7,50,128,200,0.8,1.0,0.2,0.7,66.01237483978271,2.7422447377563612,28550.85604821041,1.301072389993351,0.007005043899989687
Standard_GA,schaffers_f7,50,128,200,0.8,1.0,0.2,0.8,66.01237483978271,2.7422447377563612,28704.877411689184,1.3099705899949186,0.0069674570328788835
Standard_GA,schaffers_f7,50,128,200,0.8,1.0,0.2,0.9,66.01237483978271,2.7422447377563612,28379.335693932888,1.2987909789953846,0.007047381311422214
Standard_GA,schaffers_f7,50,128,200,0.8,1.0,0.2,1.0,66.01237483978271,2.7422447377563612,28319.482272522826,1.3010908119904343,0.0070622760005062445
Standard_GA,schaffers_f7,50,128,200,0.8,1.0,0.4,0.5,66.01237483978271,2.7422447377563612,28211.489784134723,1.354728355014231,0.007089310119044967
Standard_GA,schaffers_f7,50,128,200,0.8,1.0,0.4,0.7,66.01237483978271,2.7422447377563612,28532.281835097936,1.2951210849860217,0.007009604109334759
Standard_GA,schaffers_f7,50,128,200,0.8,1.0,0.4,0.8,66.01237483978271,2.7422447377563612,28394.06036607969,1.3312733130005654,0.007043726660485845
Standard_GA,schaffers_f7,50,128,200,0.8,1.0,0.4,0.9,66.01237483978271,2.7422447377563612,28481.69650180775,1.3811204179946799,0.00702205361914821
Standard_GA,schaffers_f7,50,128,200,0.8,1.0,0.4,1.0,66.01237483978271,2.7422447377563612,28660.488914551024,1.3492254269949626,0.006978248019295279
Standard_GA,schaffers_f7,50,128,200,0.8,1.0,0.3,0.5,66.01237483978271,2.7422447377563612,28297.661790372204,1.3255125189898536,0.007067721760249696
Standard_GA,schaffers_f7,50,128,200,0.8,1.0,0.3,0.7,66.01237483978271,2.7422447377563612,28381.98901401123,1.305670821981039,0.007046722479572054
Standard_GA,schaffers_f7,50,128,200,0.8,1.0,0.3,0.8,66.01237483978271,2.7422447377563612,28339.93053153552,1.3278378889954183,0.007057180319388862
Standard_GA,schaffers_f7,50,128,200,0.8,1.0,0.3,0.9,66.01237483978271,2.7422447377563612,28486.209071927202,1.292841997987125,0.007020941238442902
Standard_GA,schaffers_f7,50,128,200,0.8,1.0,0.3,1.0,66.01237483978271,2.7422447377563612,28721.94473384071,1.3291263740102295,0.006963316789770033
Standard_GA,schaffers_f7,50,128,200,0.8,1.0,0.6,0.5,66.01237483978271,2.7422447377563612,28890.02090576194,1.3078823649848346,0.006922805651556701
Standard_GA,schaffers_f7,50,128,200,0.8,1.0,0.6,0.7,66.01237483978271,2.7422447377563612,28935.338152444936,1.3019649180059787,0.006911963459569961
Standard_GA,schaffers_f7,50,128,200,0.8,1.0,0.6,0.8,66.01237483978271,2.7422447377563612,28763.771116322874,1.2962153900007252,0.006953191192878876
Standard_GA,schaffers_f7,50,128,200,0.8,1.0,0.6,0.9,66.01237483978271,2.7422447377563612,28849.202084546523,1.3035413230245467,0.006932600749714766
Standard_GA,schaffers_f7,50,128,200,0.8,1.0,0.6,1.0,66.01237483978271,2.7422447377563612,29079.60188309876,1.3331750029756222,0.006877673250273802
Standard_GA,schaffers_f7,50,128,200,0.8,1.0,0.7,0.5,66.01237483978271,2.7422447377563612,29023.45414680582,1.4163713000016287,0.006890978550945875
Standard_GA,schaffers_f7,50,128,200,0.8,1.0,0.7,0.7,66.01237483978271,2.7422447377563612,28795.885718451933,1.3646767320169602,0.00694543664867524
Standard_GA,schaffers_f7,50,128,200,0.8,1.0,0.7,0.8,66.01237483978271,2.7422447377563612,28530.270799924263,1.348528263013577,0.007010098200698849
Standard_GA,schaffers_f7,50,128,200,0.8,1.0,0.7,0.9,66.01237483978271,2.7422447377563612,28438.25793569,1.4108760039962362,0.007032779590517748
Standard_GA,schaffers_f7,50,128,200,0.8,1.0,0.7,1.0,66.01237483978271,2.7422447377563612,28558.98983690661,1.383094002987491,0.0070030488172778856
Standard_GA,schaffers_f7,50,128,200,0.9,0.5,0.5,0.5,66.01237483978271,2.7422447377563612,27312.603772138256,1.1754166910250206,0.0073226266403798946
Standard_GA,schaffers_f7,50,128,200,0.9,0.5,0.5,0.7,66.01237483978271,2.7422447377563612,27562.21160938955,1.1414623699965887,0.007256311751552858
Standard_GA,schaffers_f7,50,128,200,0.9,0.5,0.5,0.8,66.01237483978271,2.7422447377563612,27286.13309097692,1.1747573640022893,0.0073297304287552835
Standard_GA,schaffers_f7,50,128,200,0.9,0.5,0.5,0.9,66.01237483978271,2.7422447377563612,27207.122255196642,1.1445050280017313,0.0073510163303581065
Standard_GA,schaffers_f7,50,128,200,0.9,0.5,0.5,1.0,66.01237483978271,2.7422447377563612,27555.27597580028,1.1533989690069575,0.0072581381574855185
Standard_GA,schaffers_f7,50,128,200,0.9,0.5,0.2,0.5,66.01237483978271,2.7422447377563612,28956.359147041745,1.3272265159757808,0.00690694568969775
Standard_GA,schaffers_f7,50,128,200,0.9,0.5,0.2,0.7,66.01237483978271,2.7422447377563612,28779.686638867748,1.3300143960223068,0.006949345992179588
Standard_GA,schaffers_f7,50,128,200,0.9,0.5,0.2,0.8,66.01237483978271,2.7422447377563612,28312.13516138131,1.3254156989860348,0.007064108689082787
Standard_GA,schaffers_f7,50,128,200,0.9,0.5,0.2,0.9,66.01237483978271,2.7422447377563612,28702.671243335764,1.3407645169936586,0.006967992571298964
Standard_GA,schaffers_f7,50,128,200,0.9,0.5,0.2,1.0,66.01237483978271,2.7422447377563612,28845.215992299116,1.3264849400147796,0.006933558759046718
Standard_GA,schaffers_f7,50,128,200,0.9,0.5,0.4,0.5,66.01237483978271,2.7422447377563612,28319.598364481157,1.3629166620085016,0.007062247049761936
Standard_GA,schaffers_f7,50,128,200,0.9,0.5,0.4,0.7,66.01237483978271,2.7422447377563612,28423.30287681023,1.34235808197991,0.007036479921662248
Standard_GA,schaffers_f7,50,128,200,0.9,0.5,0.4,0.8,66.01237483978271,2.7422447377563612,28664.76070562983,1.3123224430019036,0.006977208079770207
Standard_GA,schaffers_f7,50,128,200,0.9,0.5,0.4,0.9,66.01237483978271,2.7422447377563612,28581.28736610433,1.3514651239966042,0.006997585428471211
Standard_GA,schaffers_f7,50,128,200,0.9,0.5,0.4,1.0,66.01237483978271,2.7422447377563612,28683.51983661545,1.3702939009817783,0.006972644959168974
Standard_GA,schaffers_f7,50,128,200,0.9,0.5,0.3,0.5,66.01237483978271,2.7422447377563612,28673.28201212966,1.3363705329829827,0.006975134549138602
Standard_GA,schaffers_f7,50,128,200,0.9,0.5,0.3,0.7,66.01237483978271,2.7422447377563612,28411.705270525243,1.327543339022668,0.00703935219993582
Standard_GA,schaffers_f7,50,128,200,0.9,0.5,0.3,0.8,66.01237483978271,2.7422447377563612,28455.5785134411,1.2911383490136359,0.007028498819854576
Standard_GA,schaffers_f7,50,128,200,0.9,0.5,0.3,0.9,66.01237483978271,2.7422447377563612,28537.295275980425,1.3235920460138004,0.007008372659911401
Standard_GA,schaffers_f7,50,128,200,0.9,0.5,0.3,1.0,66.01237483978271,2.7422447377563612,28440.853452209165,1.334078343003057,0.007032137778005563
Standard_GA,schaffers_f7,50,128,200,0.9,0.5,0.6,0.5,66.01237483978271,2.7422447377563612,28607.937849156777,1.321616000001086,0.006991066642221995
Standard_GA,schaffers_f7,50,128,200,0.9,0.5,0.6,0.7,66.01237483978271,2.7422447377563612,28600.580863674862,1.3237362339859828,0.006992864968487993
Standard_GA,schaffers_f7,50,128,200,0.9,0.5,0.6,0.8,66.01237483978271,2.7422447377563612,28539.679812586917,1.324373089009896,0.007007787098991684
Standard_GA,schaffers_f7,50,128,200,0.9,0.5,0.6,0.9,66.01237483978271,2.7422447377563612,28543.93302054439,1.3397160659951624,0.007006742898956872
Standard_GA,schaffers_f7,50,128,200,0.9,0.5,0.6,1.0,66.01237483978271,2.7422447377563612,28721.705121541767,1.351534838002408,0.0069633748815977016
Standard_GA,schaffers_f7,50,128,200,0.9,0.5,0.7,0.5,66.01237483978271,2.7422447377563612,28886.93093192558,1.369182781985728,0.006923546169418842
Standard_GA,schaffers_f7,50,128,200,0.9,0.5,0.7,0.7,66.01237483978271,2.7422447377563612,28288.12317592781,1.369699175003916,0.007070104960876051
Standard_GA,schaffers_f7,50,128,200,0.9,0.5,0.7,0.8,66.01237483978271,2.7422447377563612,28583.890247281674,1.3589007270056754,0.006996948220476042
Standard_GA,schaffers_f7,50,128,200,0.9,0.5,0.7,0.9,66.01237483978271,2.7422447377563612,28836.86536174912,1.367644821992144,0.006935566591273527
Standard_GA,schaffers_f7,50,128,200,0.9,0.5,0.7,1.0,66.01237483978271,2.7422447377563612,28550.441961990382,1.3439252090174705,0.007005145498842466
Standard_GA,schaffers_f7,50,128,200,0.9,0.8,0.5,0.5,66.01237483978271,2.7422447377563612,27225.91468699101,1.1676378629927058,0.007345942360407207
Standard_GA,schaffers_f7,50,128,200,0.9,0.8,0.5,0.7,66.01237483978271,2.7422447377563612,27198.523196588605,1.1340802290069405,0.007353340420522727
Standard_GA,schaffers_f7,50,128,200,0.9,0.8,0.5,0.8,66.01237483978271,2.7422447377563612,27247.48031670015,1.1548168379813433,0.007340128249488771
Standard_GA,schaffers_f7,50,128,200,0.9,0.8,0.5,0.9,66.01237483978271,2.7422447377563612,27229.692481427748,1.1331997280067299,0.007344923198688775
Standard_GA,schaffers_f7,50,128,200,0.9,0.8,0.5,1.0,66.01237483978271,2.7422447377563612,27585.92400418541,1.1456757450068835,0.007250074348412454
Standard_GA,schaffers_f7,50,128,200,0.9,0.8,0.2,0.5,66.01237483978271,2.7422447377563612,28766.812024938354,1.30489281899645,0.006952456178551074
Standard_GA,schaffers_f7,50,128,200,0.9,0.8,0.2,0.7,66.01237483978271,2.7422447377563612,28596.086203662453,1.2787915359949693,0.006993964089197106
Standard_GA,schaffers_f7,50,128,200,0.9,0.8,0.2,0.8,66.01237483978271,2.7422447377563612,28730.481334916847,1.3201164189958945,0.006961247800500132
Standard_GA,schaffers_f7,50,128,200,0.9,0.8,0.2,0.9,66.01237483978271,2.7422447377563612,28751.265153108252,1.3176820380031131,0.00695621562859742
Standard_GA,schaffers_f7,50,128,200,0.9,0.8,0.2,1.0,66.01237483978271,2.7422447377563612,28598.19787344396,1.31487726198975,0.006993447660061065
Standard_GA,schaffers_f7,50,128,200,0.9,0.8,0.4,0.5,66.01237483978271,2.7422447377563612,28685.166446356718,1.31047203700291,0.006972244709613733
Standard_GA,schaffers_f7,50,128,200,0.9,0.8,0.4,0.7,66.01237483978271,2.7422447377563612,28622.02785578154,1.3295518930244725,0.0069876250909874215
Standard_GA,schaffers_f7,50,128,200,0.9,0.8,0.4,0.8,66.01237483978271,2.7422447377563612,28521.258696055273,1.3800170710019302,0.007012313240848016
Standard_GA,schaffers_f7,50,128,200,0.9,0.8,0.4,0.9,66.01237483978271,2.7422447377563612,28509.568953000486,1.358131287008291,0.007015188490913715
Standard_GA,schaffers_f7,50,128,200,0.9,0.8,0.4,1.0,66.01237483978271,2.7422447377563612,28521.179143992824,1.3160894339962397,0.007012332799786236
Standard_GA,schaffers_f7,50,128,200,0.9,0.8,0.3,0.5,66.01237483978271,2.7422447377563612,28865.380290901812,1.2952948340098374,0.006928715228568762
Standard_GA,schaffers_f7,50,128,200,0.9,0.8,0.3,0.7,66.01237483978271,2.7422447377563612,28718.939581630406,1.3554237030039076,0.006964045431814157
Standard_GA,schaffers_f7,50,128,200,0.9,0.8,0.3,0.8,66.01237483978271,2.7422447377563612,28857.446592731536,1.329197668004781,0.006930620121129323
Standard_GA,schaffers_f7,50,128,200,0.9,0.8,0.3,0.9,66.01237483978271,2.7422447377563612,28475.91797978232,1.2999015050008893,0.007023478580813389
Standard_GA,schaffers_f7,50,128,200,0.9,0.8,0.3,1.0,66.01237483978271,2.7422447377563612,28674.365328659256,1.2951914069999475,0.006974871028796769
Standard_GA,schaffers_f7,50,128,200,0.9,0.8,0.6,0.5,66.01237483978271,2.7422447377563612,28638.75168864698,1.3379793209896889,0.006983544610266108
Standard_GA,schaffers_f7,50,128,200,0.9,0.8,0.6,0.7,66.01237483978271,2.7422447377563612,28965.257418855894,1.3264355820138007,0.006904823841468896
Standard_GA,schaffers_f7,50,128,200,0.9,0.8,0.6,0.8,66.01237483978271,2.7422447377563612,28682.483342438634,1.31795824598521,0.006972896928491536
Standard_GA,schaffers_f7,50,128,200,0.9,0.8,0.6,0.9,66.01237483978271,2.7422447377563612,28908.143195369175,1.3426770489895716,0.00691846579866251
Standard_GA,schaffers_f7,50,128,200,0.9,0.8,0.6,1.0,66.01237483978271,2.7422447377563612,28837.535207132318,1.3209340379980858,0.006935405490221456
Standard_GA,schaffers_f7,50,128,200,0.9,0.8,0.7,0.5,66.01237483978271,2.7422447377563612,28638.265538358897,1.421385433000978,0.006983663159771823
Standard_GA,schaffers_f7,50,128,200,0.9,0.8,0.7,0.7,66.01237483978271,2.7422447377563612,28755.066635763345,1.344709865981713,0.006955296001688111
Standard_GA,schaffers_f7,50,128,200,0.9,0.8,0.7,0.8,66.01237483978271,2.7422447377563612,28463.537688504355,1.406939849985065,0.007026533461466897
Standard_GA,schaffers_f7,50,128,200,0.9,0.8,0.7,0.9,66.01237483978271,2.7422447377563612,28515.94765968365,1.3788190800114535,0.007013619269710034
Standard_GA,schaffers_f7,50,128,200,0.9,0.8,0.7,1.0,66.01237483978271,2.7422447377563612,28630.456267356065,1.3840711150260177,0.00698556803050451
Standard_GA,schaffers_f7,50,128,200,0.9,1.0,0.5,0.5,66.01237483978271,2.7422447377563612,27065.008195957937,1.1587185700191185,0.007389615349529777
Standard_GA,schaffers_f7,50,128,200,0.9,1.0,0.5,0.7,66.01237483978271,2.7422447377563612,27256.336755629072,1.1540788230195176,0.0073377432115376
Standard_GA,schaffers_f7,50,128,200,0.9,1.0,0.5,0.8,66.01237483978271,2.7422447377563612,27275.809021173867,1.1653611059882678,0.00733250477904221
Standard_GA,schaffers_f7,50,128,200,0.9,1.0,0.5,0.9,66.01237483978271,2.7422447377563612,27303.179196544104,1.179578327020863,0.007325154281861614
Standard_GA,schaffers_f7,50,128,200,0.9,1.0,0.5,1.0,66.01237483978271,2.7422447377563612,27339.45223540791,1.1409486439952161,0.0073154355207225305
Standard_GA,schaffers_f7,50,128,200,0.9,1.0,0.2,0.5,66.01237483978271,2.7422447377563612,28663.65119829074,1.2682851350109559,0.00697747815225739
Standard_GA,schaffers_f7,50,128,200,0.9,1.0,0.2,0.7,66.01237483978271,2.7422447377563612,28738.214658916888,1.3219592050008941,0.0069593745601014235
Standard_GA,schaffers_f7,50,128,200,0.9,1.0,0.2,0.8,66.01237483978271,2.7422447377563612,28539.59288493837,1.3318825360038318,0.0070078084437409415
Standard_GA,schaffers_f7,50,128,200,0.9,1.0,0.2,0.9,66.01237483978271,2.7422447377563612,28777.65098800888,1.3156784739985596,0.006949837569554802
Standard_GA,schaffers_f7,50,128,200,0.9,1.0,0.2,1.0,66.01237483978271,2.7422447377563612,28760.13462458199,1.330081715976121,0.006954070368956309
Standard_GA,schaffers_f7,50,128,200,0.9,1.0,0.4,0.5,66.01237483978271,2.7422447377563612,28508.275124125685,1.3584370379976463,0.007015506870520767
Standard_GA,schaffers_f7,50,128,200,0.9,1.0,0.4,0.7,66.01237483978271,2.7422447377563612,28306.766530467234,1.3471643270167988,0.00706544846034376
Standard_GA,schaffers_f7,50,128,200,0.9,1.0,0.4,0.8,66.01237483978271,2.7422447377563612,28381.096948413262,1.3742231900105253,0.00704694396990817
Standard_GA,schaffers_f7,50,128,200,0.9,1.0,0.4,0.9,66.01237483978271,2.7422447377563612,28759.176194557615,1.3572139070020057,0.006954302120720968
Standard_GA,schaffers_f7,50,128,200,0.9,1.0,0.4,1.0,66.01237483978271,2.7422447377563612,28640.679777993802,1.3676386130100582,0.006983074478339404
Standard_GA,schaffers_f7,50,128,200,0.9,1.0,0.3,0.5,66.01237483978271,2.7422447377563612,28674.977723842723,1.321786926011555,0.006974722070444841
Standard_GA,schaffers_f7,50,128,200,0.9,1.0,0.3,0.7,66.01237483978271,2.7422447377563612,28564.764125112273,1.4326169680280145,0.007001633170293644
Standard_GA,schaffers_f7,50,128,200,0.9,1.0,0.3,0.8,66.01237483978271,2.7422447377563612,28579.722490486674,1.3500201679999009,0.006997968579526059
Standard_GA,schaffers_f7,50,128,200,0.9,1.0,0.3,0.9,66.01237483978271,2.7422447377563612,28829.184465313472,1.362261945992941,0.006937414419080596
Standard_GA,schaffers_f7,50,128,200,0.9,1.0,0.3,1.0,66.01237483978271,2.7422447377563612,28690.455640079064,1.3483765370037872,0.006970959350001067
Standard_GA,schaffers_f7,50,128,200,0.9,1.0,0.6,0.5,66.01237483978271,2.7422447377563612,28475.18671021266,1.360320395004237,0.007023658950347453
Standard_GA,schaffers_f7,50,128,200,0.9,1.0,0.6,0.7,66.01237483978271,2.7422447377563612,28397.120674421807,1.3367776609957218,0.007042967570305337
Standard_GA,schaffers_f7,50,128,200,0.9,1.0,0.6,0.8,66.01237483978271,2.7422447377563612,28769.201707697455,1.3381080770050175,0.006951878680265509
Standard_GA,schaffers_f7,50,128,200,0.9,1.0,0.6,0.9,66.01237483978271,2.7422447377563612,28755.77774947092,1.3533386439958122,0.006955124001251534
Standard_GA,schaffers_f7,50,128,200,0.9,1.0,0.6,1.0,66.01237483978271,2.7422447377563612,28790.6572915255,1.3337140360090416,0.006946697950479574
Standard_GA,schaffers_f7,50,128,200,0.9,1.0,0.7,0.5,66.01237483978271,2.7422447377563612,28753.71682947308,1.4020415770064574,0.006955622509121895
Standard_GA,schaffers_f7,50,128,200,0.9,1.0,0.7,0.7,66.01237483978271,2.7422447377563612,28741.421105634396,1.3860413809888996,0.006958598159253597
Standard_GA,schaffers_f7,50,128,200,0.9,1.0,0.7,0.8,66.01237483978271,2.7422447377563612,28410.149885168084,1.4130804410087876,0.0070397375870379615
Standard_GA,schaffers_f7,50,128,200,0.9,1.0,0.7,0.9,66.01237483978271,2.7422447377563612,28765.05636056716,1.3934952009876724,0.006952880519093014
Standard_GA,schaffers_f7,50,128,200,0.9,1.0,0.7,1.0,66.01237483978271,2.7422447377563612,28581.644221777937,1.4152043609938119,0.006997498060227372
Standard_GA,schaffers_f7,50,128,200,1.0,0.5,0.5,0.5,66.01237483978271,2.7422447377563612,27197.489870278318,1.1508587750140578,0.007353619799250737
Standard_GA,schaffers_f7,50,128,200,1.0,0.5,0.5,0.7,66.01237483978271,2.7422447377563612,27491.53443327707,1.1453760669974145,0.007274966789700557
Standard_GA,schaffers_f7,50,128,200,1.0,0.5,0.5,0.8,66.01237483978271,2.7422447377563612,27263.375473347634,1.1560306200117338,0.007335848790826276
Standard_GA,schaffers_f7,50,128,200,1.0,0.5,0.5,0.9,66.01237483978271,2.7422447377563612,27352.1870128628,1.1750505859963596,0.0073120295611443
Standard_GA,schaffers_f7,50,128,200,1.0,0.5,0.5,1.0,66.01237483978271,2.7422447377563612,27280.988628907,1.161935086012818,0.007331112619140185
Standard_GA,schaffers_f7,50,128,200,1.0,0.5,0.2,0.5,66.01237483978271,2.7422447377563612,28812.006760082983,1.3033317200024612,0.006941550502378959
Standard_GA,schaffers_f7,50,128,200,1.0,0.5,0.2,0.7,66.01237483978271,2.7422447377563612,28820.614403985623,1.317893588973675,0.006939477319829166
Standard_GA,schaffers_f7,50,128,200,1.0,0.5,0.2,0.8,66.01237483978271,2.7422447377563612,28682.76457698206,1.3277325439848937,0.006972828559228219
Standard_GA,schaffers_f7,50,128,200,1.0,0.5,0.2,0.9,66.01237483978271,2.7422447377563612,28912.3545481537,1.3253299269999843,0.006917458059906494
Standard_GA,schaffers_f7,50,128,200,1.0,0.5,0.2,1.0,66.01237483978271,2.7422447377563612,28676.624751875715,1.322948307992192,0.006974321480665822
Standard_GA,schaffers_f7,50,128,200,1.0,0.5,0.4,0.5,66.01237483978271,2.7422447377563612,28589.642221911206,1.3578041690052487,0.006995540498464834
Standard_GA,schaffers_f7,50,128,200,1.0,0.5,0.4,0.7,66.01237483978271,2.7422447377563612,28743.21374373889,1.3521240809932351,0.006958164169918746
Standard_GA,schaffers_f7,50,128,200,1.0,0.5,0.4,0.8,66.01237483978271,2.7422447377563612,28700.093427417218,1.3447732850036118,0.006968618429964408
Standard_GA,schaffers_f7,50,128,200,1.0,0.5,0.4,0.9,66.01237483978271,2.7422447377563612,28551.294316016814,1.3494693159882445,0.007004936371231452
Standard_GA,schaffers_f7,50,128,200,1.0,0.5,0.4,1.0,66.01237483978271,2.7422447377563612,28782.57730379289,1.330795454006875,0.006948648061952553
Standard_GA,schaffers_f7,50,128,200,1.0,0.5,0.3,0.5,66.01237483978271,2.7422447377563612,28794.456862068673,1.3433117670065258,0.006945781299436931
Standard_GA,schaffers_f7,50,128,200,1.0,0.5,0.3,0.7,66.01237483978271,2.7422447377563612,28893.875849685643,1.334913130995119,0.006921882029273547
Standard_GA,schaffers_f7,50,128,200,1.0,0.5,0.3,0.8,66.01237483978271,2.7422447377563612,28870.03434326917,1.2765902440005448,0.006927598270995077
Standard_GA,schaffers_f7,50,128,200,1.0,0.5,0.3,0.9,66.01237483978271,2.7422447377563612,28672.698492601845,1.3347266179916915,0.00697527650045231
Standard_GA,schaffers_f7,50,128,200,1.0,0.5,0.3,1.0,66.01237483978271,2.7422447377563612,28716.724988353413,1.3064950449916068,0.006964582489163149
Standard_GA,schaffers_f7,50,128,200,1.0,0.5,0.6,0.5,66.01237483978271,2.7422447377563612,28775.939003858348,1.3097106149944011,0.006950251040398143
Standard_GA,schaffers_f7,50,128,200,1.0,0.5,0.6,0.7,66.01237483978271,2.7422447377563612,28570.30518826257,1.335757619002834,0.007000275239697658
Standard_GA,schaffers_f7,50,128,200,1.0,0.5,0.6,0.8,66.01237483978271,2.7422447377563612,28613.905256455095,1.3164960689900909,0.00698960866080597
Standard_GA,schaffers_f7,50,128,200,1.0,0.5,0.6,0.9,66.01237483978271,2.7422447377563612,28522.430336352936,1.3201725999824703,0.007012025190051645
Standard_GA,schaffers_f7,50,128,200,1.0,0.5,0.6,1.0,66.01237483978271,2.7422447377563612,28580.911554807277,1.320322612999007,0.006997677439940162
Standard_GA,schaffers_f7,50,128,200,1.0,0.5,0.7,0.5,66.01237483978271,2.7422447377563612,28510.08928924547,1.3915604450157844,0.007015060457051732
Standard_GA,schaffers_f7,50,128,200,1.0,0.5,0.7,0.7,66.01237483978271,2.7422447377563612,28626.637213171874,1.3937651669839397,0.0069864999689161775
Standard_GA,schaffers_f7,50,128,200,1.0,0.5,0.7,0.8,66.01237483978271,2.7422447377563612,28793.861482243916,1.3724032870086376,0.006945924919564277
Standard_GA,schaffers_f7,50,128,200,1.0,0.5,0.7,0.9,66.01237483978271,2.7422447377563612,28677.020593500492,1.3644349520036485,0.006974225211015437
Standard_GA,schaffers_f7,50,128,200,1.0,0.5,0.7,1.0,66.01237483978271,2.7422447377563612,28330.884627311116,1.3981172679923475,0.007059433640388306
Standard_GA,schaffers_f7,50,128,200,1.0,0.8,0.5,0.5,66.01237483978271,2.7422447377563612,27517.685503971894,1.1505232159979641,0.007268053120642434
Standard_GA,schaffers_f7,50,128,200,1.0,0.8,0.5,0.7,66.01237483978271,2.7422447377563612,27581.069181949868,1.1593293930054642,0.00725135050714016
Standard_GA,schaffers_f7,50,128,200,1.0,0.8,0.5,0.8,66.01237483978271,2.7422447377563612,27494.614708199868,1.1438964279950596,0.007274151761084795
Standard_GA,schaffers_f7,50,128,200,1.0,0.8,0.5,0.9,66.01237483978271,2.7422447377563612,27371.812251868298,1.1554489629925229,0.007306786929548253
Standard_GA,schaffers_f7,50,128,200,1.0,0.8,0.5,1.0,66.01237483978271,2.7422447377563612,27484.546188797067,1.178260508022504,0.00727681652904721
Standard_GA,schaffers_f7,50,128,200,1.0,0.8,0.2,0.5,66.01237483978271,2.7422447377563612,28677.05049687243,1.325481342006242,0.006974217938550282
Standard_GA,schaffers_f7,50,128,200,1.0,0.8,0.2,0.7,66.01237483978271,2.7422447377563612,28407.04043437062,1.3056247690110467,0.007040508160716854
Standard_GA,schaffers_f7,50,128,200,1.0,0.8,0.2,0.8,66.01237483978271,2.7422447377563612,28919.22881272561,1.3512910369900055,0.006915813740924932
Standard_GA,schaffers_f7,50,128,200,1.0,0.8,0.2,0.9,66.01237483978271,2.7422447377563612,28893.935918112948,1.2928457410016563,0.006921867639175616
Standard_GA,schaffers_f7,50,128,200,1.0,0.8,0.2,1.0,66.01237483978271,2.7422447377563612,28832.993786540454,1.3453714460192714,0.006936497870483436
Standard_GA,schaffers_f7,50,128,200,1.0,0.8,0.4,0.5,66.01237483978271,2.7422447377563612,28879.604100650227,1.3584692919976078,0.00692530269123381
Standard_GA,schaffers_f7,50,128,200,1.0,0.8,0.4,0.7,66.01237483978271,2.7422447377563612,28602.463469538918,1.3295115359942429,0.006992404700140469
Standard_GA,schaffers_f7,50,128,200,1.0,0.8,0.4,0.8,66.01237483978271,2.7422447377563612,28333.771050823932,1.3439158370019868,0.0070587144803721455
Standard_GA,schaffers_f7,50,128,200,1.0,0.8,0.4,0.9,66.01237483978271,2.7422447377563612,28746.806134091235,1.3699523090035655,0.006957294631865807
Standard_GA,schaffers_f7,50,128,200,1.0,0.8,0.4,1.0,66.01237483978271,2.7422447377563612,28616.731259821012,1.3165254999767058,0.0069889184122439475
Standard_GA,schaffers_f7,50,128,200,1.0,0.8,0.3,0.5,66.01237483978271,2.7422447377563612,28757.65691104455,1.3166564209968783,0.006954669520491734
Standard_GA,schaffers_f7,50,128,200,1.0,0.8,0.3,0.7,66.01237483978271,2.7422447377563612,29061.868403018558,1.2843929069931619,0.0068818699894472955
Standard_GA,schaffers_f7,50,128,200,1.0,0.8,0.3,0.8,66.01237483978271,2.7422447377563612,29102.890341593695,1.2940561330178753,0.006872169659181963
Standard_GA,schaffers_f7,50,128,200,1.0,0.8,0.3,0.9,66.01237483978271,2.7422447377563612,28658.079998990153,1.3143899390124716,0.0069788345906999895
Standard_GA,schaffers_f7,50,128,200,1.0,0.8,0.3,1.0,66.01237483978271,2.7422447377563612,28776.128010739343,1.2966124069935177,0.006950205389875919
Standard_GA,schaffers_f7,50,128,200,1.0,0.8,0.6,0.5,66.01237483978271,2.7422447377563612,28480.73021462702,1.2764886899967678,0.007022291861649137
Standard_GA,schaffers_f7,50,128,200,1.0,0.8,0.6,0.7,66.01237483978271,2.7422447377563612,28709.346474759637,1.3484436589933466,0.0069663724381825885
Standard_GA,schaffers_f7,50,128,200,1.0,0.8,0.6,0.8,66.01237483978271,2.7422447377563612,28836.93043548357,1.347863414004678,0.006935550940397661
Standard_GA,schaffers_f7,50,128,200,1.0,0.8,0.6,0.9,66.01237483978271,2.7422447377563612,28689.94250264251,1.34458768699551,0.0069710840299376286
Standard_GA,schaffers_f7,50,128,200,1.0,0.8,0.6,1.0,66.01237483978271,2.7422447377563612,28683.252562499623,1.3483810889883898,0.006972709931142162
Standard_GA,schaffers_f7,50,128,200,1.0,0.8,0.7,0.5,66.01237483978271,2.7422447377563612,28407.102447125744,1.4252390099863987,0.007040492791275028
Standard_GA,schaffers_f7,50,128,200,1.0,0.8,0.7,0.7,66.01237483978271,2.7422447377563612,28432.729173447424,1.3888872649986297,0.007034147118974943
Standard_GA,schaffers_f7,50,128,200,1.0,0.8,0.7,0.8,66.01237483978271,2.7422447377563612,28764.17343458069,1.3952443670132197,0.006953093940101098
Standard_GA,schaffers_f7,50,128,200,1.0,0.8,0.7,0.9,66.01237483978271,2.7422447377563612,29057.730100232387,1.4133223479730077,0.006882850081892684
Standard_GA,schaffers_f7,50,128,200,1.0,0.8,0.7,1.0,66.01237483978271,2.7422447377563612,28609.948642745687,1.367921953991754,0.006990575288946275
Standard_GA,schaffers_f7,50,128,200,1.0,1.0,0.5,0.5,66.01237483978271,2.7422447377563612,27486.74355501965,1.1497813049936667,0.007276234800228849
Standard_GA,schaffers_f7,50,128,200,1.0,1.0,0.5,0.7,66.01237483978271,2.7422447377563612,27388.815666588045,1.1692605999996886,0.007302250759385061
Standard_GA,schaffers_f7,50,128,200,1.0,1.0,0.5,0.8,66.01237483978271,2.7422447377563612,27497.263983594414,1.1539167459995952,0.0072734509193105625
Standard_GA,schaffers_f7,50,128,200,1.0,1.0,0.5,0.9,66.01237483978271,2.7422447377563612,27404.628067454865,1.1688071509997826,0.007298037379223387
Standard_GA,schaffers_f7,50,128,200,1.0,1.0,0.5,1.0,66.01237483978271,2.7422447377563612,27288.011038548,1.1478448669950012,0.007329226000292692
Standard_GA,schaffers_f7,50,128,200,1.0,1.0,0.2,0.5,66.01237483978271,2.7422447377563612,28523.617692615673,1.31590876399423,0.007011733299586922
Standard_GA,schaffers_f7,50,128,200,1.0,1.0,0.2,0.7,66.01237483978271,2.7422447377563612,28539.277282999115,1.3307239919959102,0.007007885939674452
Standard_GA,schaffers_f7,50,128,200,1.0,1.0,0.2,0.8,66.01237483978271,2.7422447377563612,28744.572855011284,1.3393059839727357,0.0069578351714881135
Standard_GA,schaffers_f7,50,128,200,1.0,1.0,0.2,0.9,66.01237483978271,2.7422447377563612,28745.91537693929,1.340817716991296,0.00695751021936303
Standard_GA,schaffers_f7,50,128,200,1.0,1.0,0.2,1.0,66.01237483978271,2.7422447377563612,28643.298500541332,1.3147163239773363,0.006982436048565433
Standard_GA,schaffers_f7,50,128,200,1.0,1.0,0.4,0.5,66.01237483978271,2.7422447377563612,28502.398701894785,1.3501056559907738,0.007016953277925495
Standard_GA,schaffers_f7,50,128,200,1.0,1.0,0.4,0.7,66.01237483978271,2.7422447377563612,28655.126748248153,1.3003001500037499,0.006979553842393215
Standard_GA,schaffers_f7,50,128,200,1.0,1.0,0.4,0.8,66.01237483978271,2.7422447377563612,28474.12159666327,1.3812469019903801,0.007023921679938212
Standard_GA,schaffers_f7,50,128,200,1.0,1.0,0.4,0.9,66.01237483978271,2.7422447377563612,28719.14117378546,1.36430338898208,0.006963996548147406
Standard_GA,schaffers_f7,50,128,200,1.0,1.0,0.4,1.0,66.01237483978271,2.7422447377563612,28791.85320540786,1.3547265529923607,0.006946409408701584
Standard_GA,schaffers_f7,50,128,200,1.0,1.0,0.3,0.5,66.01237483978271,2.7422447377563612,28485.163925446122,1.3270976280036848,0.007021198843140155
Standard_GA,schaffers_f7,50,128,200,1.0,1.0,0.3,0.7,66.01237483978271,2.7422447377563612,28576.265144221074,1.3171912289981265,0.006998815240222029
Standard_GA,schaffers_f7,50,128,200,1.0,1.0,0.3,0.8,66.01237483978271,2.7422447377563612,28610.7026466324,1.3153065320220776,0.006990391059953254
Standard_GA,schaffers_f7,50,128,200,1.0,1.0,0.3,0.9,66.01237483978271,2.7422447377563612,28396.115783545105,1.333037598989904,0.007043216809106525
Standard_GA,schaffers_f7,50,128,200,1.0,1.0,0.3,1.0,66.01237483978271,2.7422447377563612,28611.274962644256,2.2552951799880248,0.006990251230017747
Standard_GA,schaffers_f7,50,128,200,1.0,1.0,0.6,0.5,66.01237483978271,2.7422447377563612,28564.7329902621,1.3543776799924672,0.007001640801900066
Standard_GA,schaffers_f7,50,128,200,1.0,1.0,0.6,0.7,66.01237483978271,2.7422447377563612,28441.34274388455,1.3210698880138807,0.007032016800367274
Standard_GA,schaffers_f7,50,128,200,1.0,1.0,0.6,0.8,66.01237483978271,2.7422447377563612,28232.66582610703,1.319303658005083,0.007083992749103345
Standard_GA,schaffers_f7,50,128,200,1.0,1.0,0.6,0.9,66.01237483978271,2.7422447377563612,28710.71997962523,1.3350009210116696,0.006966039170802105
Standard_GA,schaffers_f7,50,128,200,1.0,1.0,0.6,1.0,66.01237483978271,2.7422447377563612,28707.696300003856,1.30756937499973,0.006966772878949996
Standard_GA,schaffers_f7,50,128,200,1.0,1.0,0.7,0.5,66.01237483978271,2.7422447377563612,28546.267694037633,1.4271894170087762,0.007006169848318677
Standard_GA,schaffers_f7,50,128,200,1.0,1.0,0.7,0.7,66.01237483978271,2.7422447377563612,28603.577187446273,1.383290533995023,0.006992132441664581
Standard_GA,schaffers_f7,50,128,200,1.0,1.0,0.7,0.8,66.01237483978271,2.7422447377563612,28606.973873706513,1.3627489099744707,0.006991302221722435
Standard_GA,schaffers_f7,50,128,200,1.0,1.0,0.7,0.9,66.01237483978271,2.7422447377563612,28735.899678208047,1.4436608430114575,0.00695993521134369
Standard_GA,schaffers_f7,50,128,200,1.0,1.0,0.7,1.0,66.01237483978271,2.7422447377563612,28924.101795339397,1.4045183170237578,0.006914648600504733
Standard_GA,rastrigin,50,128,200,0.8,0.5,0.5,0.5,3140.6457312011717,412.48819637229144,32517.056623303513,1.0956697530054953,0.006150618191459217
Standard_GA,rastrigin,50,128,200,0.8,0.5,0.5,0.7,3140.6457312011717,412.48819637229144,32368.143984645856,1.0312733920000028,0.006178914679039736
Standard_GA,rastrigin,50,128,200,0.8,0.5,0.5,0.8,3140.6457312011717,412.48819637229144,32215.053525091524,1.0265447790152393,0.006208277749537956
Standard_GA,rastrigin,50,128,200,0.8,0.5,0.5,0.9,3140.6457312011717,412.48819637229144,32377.28352245296,1.0418799409817439,0.006177170480077621
Standard_GA,rastrigin,50,128,200,0.8,0.5,0.5,1.0,3140.6457312011717,412.48819637229144,32410.218732347726,1.0414411910169292,0.006170893249800429
Standard_GA,rastrigin,50,128,200,0.8,0.5,0.2,0.5,3140.6457312011717,412.48819637229144,32092.123649251662,1.2090321430005133,0.006232058750174474
Standard_GA,rastrigin,50,128,200,0.8,0.5,0.2,0.7,3140.6457312011717,412.48819637229144,32312.91224225532,1.2448339519905858,0.006189476160507183
Standard_GA,rastrigin,50,128,200,0.8,0.5,0.2,0.8,3140.6457312011717,412.48819637229144,31942.47655809241,1.2174498399836011,0.006261255279823672
Standard_GA,rastrigin,50,128,200,0.8,0.5,0.2,0.9,3140.6457312011717,412.48819637229144,31575.010763590522,1.1972895660146605,0.006334122939733788
Standard_GA,rastrigin,50,128,200,0.8,0.5,0.2,1.0,3140.6457312011717,412.48819637229144,32102.38693511669,1.1842984710237943,0.006230066331336275
Standard_GA,rastrigin,50,128,200,0.8,0.5,0.4,0.5,3140.6457312011717,412.48819637229144,31861.746579647184,1.2270396150124725,0.006277119790029246
Standard_GA,rastrigin,50,128,200,0.8,0.5,0.4,0.7,3140.6457312011717,412.48819637229144,31861.104295637866,1.2502084409934469,0.006277246329700574
Standard_GA,rastrigin,50,128,200,0.8,0.5,0.4,0.8,3140.6457312011717,412.48819637229144,31859.71616270493,1.2613529220107011,0.006277519830327947
Standard_GA,rastrigin,50,128,200,0.8,0.5,0.4,0.9,3140.6457312011717,412.48819637229144,31962.04735385899,1.2616157509910408,0.00625742142816307
Standard_GA,rastrigin,50,128,200,0.8,0.5,0.4,1.0,3140.6457312011717,412.48819637229144,32011.331031662445,1.2825210110167973,0.006247787691245321
Standard_GA,rastrigin,50,128,200,0.8,0.5,0.3,0.5,3140.6457312011717,412.48819637229144,31742.463335385997,1.2165678890014533,0.006300708230701275
Standard_GA,rastrigin,50,128,200,0.8,0.5,0.3,0.7,3140.6457312011717,412.48819637229144,31690.188702879474,1.2641315039945766,0.00631110158021329
Standard_GA,rastrigin,50,128,200,0.8,0.5,0.3,0.8,3140.6457312011717,412.48819637229144,31657.729488061043,1.2001766680041328,0.006317572461266536
Standard_GA,rastrigin,50,128,200,0.8,0.5,0.3,0.9,3140.6457312011717,412.48819637229144,31557.733123197017,1.1807639550243039,0.006337590828188695
Standard_GA,rastrigin,50,128,200,0.8,0.5,0.3,1.0,3140.6457312011717,412.48819637229144,31945.022459532083,1.2337163850024808,0.0062607562806806525
Standard_GA,rastrigin,50,128,200,0.8,0.5,0.6,0.5,3140.6457312011717,412.48819637229144,31601.57012818663,1.2265768779907376,0.006328799461189191
Standard_GA,rastrigin,50,128,200,0.8,0.5,0.6,0.7,3140.6457312011717,412.48819637229144,31694.67946286768,1.1912509129906539,0.006310207372007426
Standard_GA,rastrigin,50,128,200,0.8,0.5,0.6,0.8,3140.6457312011717,412.48819637229144,31675.40663750491,1.2400003859947901,0.006314046802581288
Standard_GA,rastrigin,50,128,200,0.8,0.5,0.6,0.9,3140.6457312011717,412.48819637229144,31777.36216046226,1.2396241210226435,0.006293788609327749
Standard_GA,rastrigin,50,128,200,0.8,0.5,0.6,1.0,3140.6457312011717,412.48819637229144,31597.785618157686,1.2386754119943362,0.006329557470162399
Standard_GA,rastrigin,50,128,200,0.8,0.5,0.7,0.5,3140.6457312011717,412.48819637229144,31623.43211076243,1.2743143160187174,0.006324424221238587
Standard_GA,rastrigin,50,128,200,0.8,0.5,0.7,0.7,3140.6457312011717,412.48819637229144,32077.959357254822,1.2619308950088453,0.006234810567984823
Standard_GA,rastrigin,50,128,200,0.8,0.5,0.7,0.8,3140.6457312011717,412.48819637229144,31499.126233047456,1.2708252769953106,0.006349382472399157
Standard_GA,rastrigin,50,128,200,0.8,0.5,0.7,0.9,3140.6457312011717,412.48819637229144,31700.208146171066,1.2974265060038306,0.006309106838598382
Standard_GA,rastrigin,50,128,200,0.8,0.5,0.7,1.0,3140.6457312011717,412.48819637229144,31810.699065446253,1.2961388340045232,0.0062871928588720035
Standard_GA,rastrigin,50,128,200,0.8,0.8,0.5,0.5,3140.6457312011717,412.48819637229144,32265.61253132507,1.04691336399992,0.0061985496108536604
Standard_GA,rastrigin,50,128,200,0.8,0.8,0.5,0.7,3140.6457312011717,412.48819637229144,32345.194277108774,1.053706411010353,0.006183298770338297
Standard_GA,rastrigin,50,128,200,0.8,0.8,0.5,0.8,3140.6457312011717,412.48819637229144,31975.02760809791,1.0411534989834763,0.006254881229542661
Standard_GA,rastrigin,50,128,200,0.8,0.8,0.5,0.9,3140.6457312011717,412.48819637229144,32166.37716522668,1.0261882259801496,0.006217672539642081
Standard_GA,rastrigin,50,128,200,0.8,0.8,0.5,1.0,3140.6457312011717,412.48819637229144,32256.64594570306,1.0580816050060093,0.0062002726612263356
Standard_GA,rastrigin,50,128,200,0.8,0.8,0.2,0.5,3140.6457312011717,412.48819637229144,31556.752547642893,1.2062937550072093,0.006337787758675404
Standard_GA,rastrigin,50,128,200,0.8,0.8,0.2,0.7,3140.6457312011717,412.48819637229144,31798.45179165933,1.2120341240079142,0.0062896143909893
Standard_GA,rastrigin,50,128,200,0.8,0.8,0.2,0.8,3140.6457312011717,412.48819637229144,31895.60716567373,1.175703082990367,0.006270455958438106
Standard_GA,rastrigin,50,128,200,0.8,0.8,0.2,0.9,3140.6457312011717,412.48819637229144,31678.41975029123,1.2077181749918964,0.006313446238054894
Standard_GA,rastrigin,50,128,200,0.8,0.8,0.2,1.0,3140.6457312011717,412.48819637229144,31796.12578886722,1.2336551929765847,0.006290074499265757
Standard_GA,rastrigin,50,128,200,0.8,0.8,0.4,0.5,3140.6457312011717,412.48819637229144,31877.360149243184,1.2389903829898685,0.0062740452491561885
Standard_GA,rastrigin,50,128,200,0.8,0.8,0.4,0.7,3140.6457312011717,412.48819637229144,31685.406250387943,1.2491826370242052,0.006312054149457253
Standard_GA,rastrigin,50,128,200,0.8,0.8,0.4,0.8,3140.6457312011717,412.48819637229144,31793.83120805034,2.303644922998501,0.006290528457902837
Standard_GA,rastrigin,50,128,200,0.8,0.8,0.4,0.9,3140.6457312011717,412.48819637229144,31507.001329757157,1.2653956940048374,0.006347795460023917
Standard_GA,rastrigin,50,128,200,0.8,0.8,0.4,1.0,3140.6457312011717,412.48819637229144,31955.823800365313,1.2272609479841776,0.006258640091691632
Standard_GA,rastrigin,50,128,200,0.8,0.8,0.3,0.5,3140.6457312011717,412.48819637229144,31821.93286996268,1.2362888339848723,0.006284973348956555
Standard_GA,rastrigin,50,128,200,0.8,0.8,0.3,0.7,3140.6457312011717,412.48819637229144,31496.266356375883,1.2184593589918222,0.0063499589994899
Standard_GA,rastrigin,50,128,200,0.8,0.8,0.3,0.8,3140.6457312011717,412.48819637229144,31695.363691122657,1.22887366800569,0.006310071149491705
Standard_GA,rastrigin,50,128,200,0.8,0.8,0.3,0.9,3140.6457312011717,412.48819637229144,31706.286656088927,1.1990255179989617,0.006307897300284821
Standard_GA,rastrigin,50,128,200,0.8,0.8,0.3,1.0,3140.6457312011717,412.48819637229144,31795.691218716867,1.2150013180216774,0.006290160469361581
Standard_GA,rastrigin,50,128,200,0.8,0.8,0.6,0.5,3140.6457312011717,412.48819637229144,31694.66475261424,1.20107473799726,0.006310210300725884
Standard_GA,rastrigin,50,128,200,0.8,0.8,0.6,0.7,3140.6457312011717,412.48819637229144,32096.406821338613,1.1972061900014523,0.0062312271000701
Standard_GA,rastrigin,50,128,200,0.8,0.8,0.6,0.8,3140.6457312011717,412.48819637229144,31871.471131885188,1.1933038689894602,0.006275204529229086
Standard_GA,rastrigin,50,128,200,0.8,0.8,0.6,0.9,3140.6457312011717,412.48819637229144,31955.40656243303,1.2380559489829466,0.006258721810008865
Standard_GA,rastrigin,50,128,200,0.8,0.8,0.6,1.0,3140.6457312011717,412.48819637229144,32244.357345257275,1.2352973929955624,0.006202635638182983
Standard_GA,rastrigin,50,128,200,0.8,0.8,0.7,0.5,3140.6457312011717,412.48819637229144,31987.81975579976,1.271982025995385,0.006252379859797656
Standard_GA,rastrigin,50,128,200,0.8,0.8,0.7,0.7,3140.6457312011717,412.48819637229144,31890.491017156826,1.2975994780135807,0.006271461919241119
Standard_GA,rastrigin,50,128,200,0.8,0.8,0.7,0.8,3140.6457312011717,412.48819637229144,32100.762854036082,1.2591700479970314,0.006230381530476734
Standard_GA,rastrigin,50,128,200,0.8,0.8,0.7,0.9,3140.6457312011717,412.48819637229144,31590.18423465029,1.2673615549865644,0.0063310805190121755
Standard_GA,rastrigin,50,128,200,0.8,0.8,0.7,1.0,3140.6457312011717,412.48819637229144,31913.363851343114,1.2969272920163348,0.006266967059054877
Standard_GA,rastrigin,50,128,200,0.8,1.0,0.5,0.5,3140.6457312011717,412.48819637229144,32506.758136940367,1.0291402310249396,0.00615256677265279
Standard_GA,rastrigin,50,128,200,0.8,1.0,0.5,0.7,3140.6457312011717,412.48819637229144,32452.457663641348,1.0244109240011312,0.006162861440971028
Standard_GA,rastrigin,50,128,200,0.8,1.0,0.5,0.8,3140.6457312011717,412.48819637229144,32188.26980075227,1.0472162939840928,0.006213443631422706
Standard_GA,rastrigin,50,128,200,0.8,1.0,0.5,0.9,3140.6457312011717,412.48819637229144,32577.126038624072,1.0500291339994874,0.006139276981120929
Standard_GA,rastrigin,50,128,200,0.8,1.0,0.5,1.0,3140.6457312011717,412.48819637229144,32615.83805276396,1.0363247960049193,0.006131990221329034
Standard_GA,rastrigin,50,128,200,0.8,1.0,0.2,0.5,3140.6457312011717,412.48819637229144,32058.060526064965,1.2238072979962453,0.006238680591341108
Standard_GA,rastrigin,50,128,200,0.8,1.0,0.2,0.7,3140.6457312011717,412.48819637229144,31924.975031263442,1.1656278070004191,0.006264687750081066
Standard_GA,rastrigin,50,128,200,0.8,1.0,0.2,0.8,3140.6457312011717,412.48819637229144,32005.032633350074,1.2024197349965107,0.006249017218360678
Standard_GA,rastrigin,50,128,200,0.8,1.0,0.2,0.9,3140.6457312011717,412.48819637229144,31770.779272198994,1.213184940017527,0.0062950926789199
Standard_GA,rastrigin,50,128,200,0.8,1.0,0.2,1.0,3140.6457312011717,412.48819637229144,31957.400077387247,1.2069142749824096,0.00625833138852613
Standard_GA,rastrigin,50,128,200,0.8,1.0,0.4,0.5,3140.6457312011717,412.48819637229144,32234.863616198174,1.2642839209875092,0.00620446242246544
Standard_GA,rastrigin,50,128,200,0.8,1.0,0.4,0.7,3140.6457312011717,412.48819637229144,32035.052145310074,1.2537081030022819,0.006243161368765868
Standard_GA,rastrigin,50,128,200,0.8,1.0,0.4,0.8,3140.6457312011717,412.48819637229144,32174.89065644296,1.2556560039811302,0.006216027340560686
Standard_GA,rastrigin,50,128,200,0.8,1.0,0.4,0.9,3140.6457312011717,412.48819637229144,32052.450530919217,1.270485690998612,0.006239772519329563
Standard_GA,rastrigin,50,128,200,0.8,1.0,0.4,1.0,3140.6457312011717,412.48819637229144,31738.55264028937,1.2344422669848427,0.0063014845782890915
Standard_GA,rastrigin,50,128,200,0.8,1.0,0.3,0.5,3140.6457312011717,412.48819637229144,32103.956293270836,1.197039118007524,0.00622976178303361
Standard_GA,rastrigin,50,128,200,0.8,1.0,0.3,0.7,3140.6457312011717,412.48819637229144,32063.575554927633,1.1966937179968227,0.006237607520015445
Standard_GA,rastrigin,50,128,200,0.8,1.0,0.3,0.8,3140.6457312011717,412.48819637229144,32086.402689987302,1.2232260440068785,0.006233169917250052
Standard_GA,rastrigin,50,128,200,0.8,1.0,0.3,0.9,3140.6457312011717,412.48819637229144,31837.896261405847,1.2442108410177752,0.006281822088931221
Standard_GA,rastrigin,50,128,200,0.8,1.0,0.3,1.0,3140.6457312011717,412.48819637229144,31901.563774881302,1.2361483720014803,0.006269285148882773
Standard_GA,rastrigin,50,128,200,0.8,1.0,0.6,0.5,3140.6457312011717,412.48819637229144,31938.930051988787,1.215025618992513,0.006261950531043112
Standard_GA,rastrigin,50,128,200,0.8,1.0,0.6,0.7,3140.6457312011717,412.48819637229144,31513.574275041137,1.1916895049798768,0.0063464714682777415
Standard_GA,rastrigin,50,128,200,0.8,1.0,0.6,0.8,3140.6457312011717,412.48819637229144,31736.87751752022,1.2132722189999186,0.006301817180647049
Standard_GA,rastrigin,50,128,200,0.8,1.0,0.6,0.9,3140.6457312011717,412.48819637229144,31725.936088982475,1.2466133399866521,0.0063039905091864055
Standard_GA,rastrigin,50,128,200,0.8,1.0,0.6,1.0,3140.6457312011717,412.48819637229144,32050.668007072625,1.1950364179792814,0.0062401195493293924
Standard_GA,rastrigin,50,128,200,0.8,1.0,0.7,0.5,3140.6457312011717,412.48819637229144,31925.557926637794,1.29171456900076,0.006264573369699065
Standard_GA,rastrigin,50,128,200,0.8,1.0,0.7,0.7,3140.6457312011717,412.48819637229144,32286.26219623945,1.2931338649941608,0.006194585139164701
Standard_GA,rastrigin,50,128,200,0.8,1.0,0.7,0.8,3140.6457312011717,412.48819637229144,31790.78908917819,1.32288608700037,0.006291130410099868
Standard_GA,rastrigin,50,128,200,0.8,1.0,0.7,0.9,3140.6457312011717,412.48819637229144,31784.761276311827,1.3172239559935406,0.0062923234899062664
Standard_GA,rastrigin,50,128,200,0.8,1.0,0.7,1.0,3140.6457312011717,412.48819637229144,32010.411582284094,2.39143401599722,0.006247967149247416
Standard_GA,rastrigin,50,128,200,0.9,0.5,0.5,0.5,3140.6457312011717,412.48819637229144,32467.619540398795,1.0351375929894857,0.006159983479883522
Standard_GA,rastrigin,50,128,200,0.9,0.5,0.5,0.7,3140.6457312011717,412.48819637229144,32427.604553438097,1.0452796519966796,0.006167584770882968
Standard_GA,rastrigin,50,128,200,0.9,0.5,0.5,0.8,3140.6457312011717,412.48819637229144,32475.258315720766,1.0484498899895698,0.006158534538990353
Standard_GA,rastrigin,50,128,200,0.9,0.5,0.5,0.9,3140.6457312011717,412.48819637229144,32377.520866018993,1.037641345988959,0.006177125198300928
Standard_GA,rastrigin,50,128,200,0.9,0.5,0.5,1.0,3140.6457312011717,412.48819637229144,32299.553916474408,1.0213622570154257,0.00619203598034801
Standard_GA,rastrigin,50,128,200,0.9,0.5,0.2,0.5,3140.6457312011717,412.48819637229144,31743.938414297947,1.2180824980023317,0.006300415449077263
Standard_GA,rastrigin,50,128,200,0.9,0.5,0.2,0.7,3140.6457312011717,412.48819637229144,31907.092714760867,1.204203758010408,0.006268198791658506
Standard_GA,rastrigin,50,128,200,0.9,0.5,0.2,0.8,3140.6457312011717,412.48819637229144,31702.031139099196,1.2321737459860742,0.006308744039852172
Standard_GA,rastrigin,50,128,200,0.9,0.5,0.2,0.9,3140.6457312011717,412.48819637229144,31671.312433915493,1.2128431239980273,0.006314863029983826
Standard_GA,rastrigin,50,128,200,0.9,0.5,0.2,1.0,3140.6457312011717,412.48819637229144,32195.549481643782,1.2295704139978625,0.006212038720259443
Standard_GA,rastrigin,50,128,200,0.9,0.5,0.4,0.5,3140.6457312011717,412.48819637229144,31708.43751281058,1.244291359995259,0.006307469421008136
Standard_GA,rastrigin,50,128,200,0.9,0.5,0.4,0.7,3140.6457312011717,412.48819637229144,31653.31331774686,1.2555742580152582,0.006318453869025689
Standard_GA,rastrigin,50,128,200,0.9,0.5,0.4,0.8,3140.6457312011717,412.48819637229144,31989.977153250034,1.2652133989904542,0.006251958200591616
Standard_GA,rastrigin,50,128,200,0.9,0.5,0.4,0.9,3140.6457312011717,412.48819637229144,31737.33924540141,1.2663544769748114,0.0063017254992155354
Standard_GA,rastrigin,50,128,200,0.9,0.5,0.4,1.0,3140.6457312011717,412.48819637229144,32134.057626504,1.222533307998674,0.006223926101229154
Standard_GA,rastrigin,50,128,200,0.9,0.5,0.3,0.5,3140.6457312011717,412.48819637229144,31922.360642325475,1.2008094390039332,0.0062652008177246895
Standard_GA,rastrigin,50,128,200,0.9,0.5,0.3,0.7,3140.6457312011717,412.48819637229144,32000.20019984325,1.2209733279887587,0.006249960898712743
Standard_GA,rastrigin,50,128,200,0.9,0.5,0.3,0.8,3140.6457312011717,412.48819637229144,32121.185953186803,1.2320227200107183,0.006226420166785829
Standard_GA,rastrigin,50,128,200,0.9,0.5,0.3,0.9,3140.6457312011717,412.48819637229144,31909.820660868983,1.1978055289946496,0.006267662928148638
Standard_GA,rastrigin,50,128,200,0.9,0.5,0.3,1.0,3140.6457312011717,412.48819637229144,31876.907650740184,1.2349233640125021,0.006274134310369845
Standard_GA,rastrigin,50,128,200,0.9,0.5,0.6,0.5,3140.6457312011717,412.48819637229144,32219.332567327245,1.2067660879984032,0.006207453229581006
Standard_GA,rastrigin,50,128,200,0.9,0.5,0.6,0.7,3140.6457312011717,412.48819637229144,32214.893286371556,1.2001494250143878,0.0062083086298662235
Standard_GA,rastrigin,50,128,200,0.9,0.5,0.6,0.8,3140.6457312011717,412.48819637229144,31789.524520753133,1.2299791350087617,0.006291380667535123
Standard_GA,rastrigin,50,128,200,0.9,0.5,0.6,0.9,3140.6457312011717,412.48819637229144,31886.855529428725,1.2270983910129871,0.006272176941856742
Standard_GA,rastrigin,50,128,200,0.9,0.5,0.6,1.0,3140.6457312011717,412.48819637229144,31860.831073492565,1.187971232982818,0.006277300160145387
Standard_GA,rastrigin,50,128,200,0.9,0.5,0.7,0.5,3140.6457312011717,412.48819637229144,32022.664573918097,1.2993249720020685,0.006245576458459254
Standard_GA,rastrigin,50,128,200,0.9,0.5,0.7,0.7,3140.6457312011717,412.48819637229144,31848.132565091342,1.3102006549888756,0.00627980304940138
Standard_GA,rastrigin,50,128,200,0.9,0.5,0.7,0.8,3140.6457312011717,412.48819637229144,31900.400467841446,1.2934984610183164,0.00626951376994839
Standard_GA,rastrigin,50,128,200,0.9,0.5,0.7,0.9,3140.6457312011717,412.48819637229144,31780.999929760957,1.2733530149853323,0.00629306819930207
Standard_GA,rastrigin,50,128,200,0.9,0.5,0.7,1.0,3140.6457312011717,412.48819637229144,31719.11959666311,1.2977027650049422,0.00630534524738323
Standard_GA,rastrigin,50,128,200,0.9,0.8,0.5,0.5,3140.6457312011717,412.48819637229144,32675.099341163008,1.0687329700158443,0.006120868919533677
Standard_GA,rastrigin,50,128,200,0.9,0.8,0.5,0.7,3140.6457312011717,412.48819637229144,32632.332577943373,1.0469060019822791,0.006128890710533597
Standard_GA,rastrigin,50,128,200,0.9,0.8,0.5,0.8,3140.6457312011717,412.48819637229144,32434.68602745652,1.050332051992882,0.0061662382003851235
Standard_GA,rastrigin,50,128,200,0.9,0.8,0.5,0.9,3140.6457312011717,412.48819637229144,32433.489569271085,1.0574719829892274,0.006166465670394246
Standard_GA,rastrigin,50,128,200,0.9,0.8,0.5,1.0,3140.6457312011717,412.48819637229144,32368.07483048843,1.0553429749852512,0.006178927880246193
Standard_GA,rastrigin,50,128,200,0.9,0.8,0.2,0.5,3140.6457312011717,412.48819637229144,32000.472068299954,1.2138976560090668,0.006249907800520304
Standard_GA,rastrigin,50,128,200,0.9,0.8,0.2,0.7,3140.6457312011717,412.48819637229144,31827.959029731162,1.2021292219869792,0.006283783380931709
Standard_GA,rastrigin,50,128,200,0.9,0.8,0.2,0.8,3140.6457312011717,412.48819637229144,31817.711041357492,1.1814058999880217,0.006285807289532386
Standard_GA,rastrigin,50,128,200,0.9,0.8,0.2,0.9,3140.6457312011717,412.48819637229144,31601.263160281218,1.2291814380150754,0.0063288609377923424
Standard_GA,rastrigin,50,128,200,0.9,0.8,0.2,1.0,3140.6457312011717,412.48819637229144,31688.11025592948,1.2103570039907936,0.00631151553010568
Standard_GA,rastrigin,50,128,200,0.9,0.8,0.4,0.5,3140.6457312011717,412.48819637229144,31864.859341318177,1.2513224059948698,0.006276506601134315
Standard_GA,rastrigin,50,128,200,0.9,0.8,0.4,0.7,3140.6457312011717,412.48819637229144,31894.217539045436,1.2593988169974182,0.006270729161333293
Standard_GA,rastrigin,50,128,200,0.9,0.8,0.4,0.8,3140.6457312011717,412.48819637229144,31977.372716202684,1.2158937009808142,0.006254422518541105
Standard_GA,rastrigin,50,128,200,0.9,0.8,0.4,0.9,3140.6457312011717,412.48819637229144,32265.795869297235,1.2381176319904625,0.006198514389980119
Standard_GA,rastrigin,50,128,200,0.9,0.8,0.4,1.0,3140.6457312011717,412.48819637229144,31675.86668213776,1.2151640810188837,0.006313955100486055
Standard_GA,rastrigin,50,128,200,0.9,0.8,0.3,0.5,3140.6457312011717,412.48819637229144,31930.061972527867,1.2382010480214376,0.006263689690676984
Standard_GA,rastrigin,50,128,200,0.9,0.8,0.3,0.7,3140.6457312011717,412.48819637229144,31725.95787642823,1.229159984010039,0.006303986179991625
Standard_GA,rastrigin,50,128,200,0.9,0.8,0.3,0.8,3140.6457312011717,412.48819637229144,31949.30886883151,1.2139632090111263,0.006259916319977492
Standard_GA,rastrigin,50,128,200,0.9,0.8,0.3,0.9,3140.6457312011717,412.48819637229144,31463.401297956654,1.2240726389863994,0.006356591841613408
Standard_GA,rastrigin,50,128,200,0.9,0.8,0.3,1.0,3140.6457312011717,412.48819637229144,31803.050086755473,1.2086166600056458,0.0062887049969867805
Standard_GA,rastrigin,50,128,200,0.9,0.8,0.6,0.5,3140.6457312011717,412.48819637229144,31440.34194274832,1.2507687399920542,0.006361253969953395
Standard_GA,rastrigin,50,128,200,0.9,0.8,0.6,0.7,3140.6457312011717,412.48819637229144,31867.602148765767,1.2064012749760877,0.006275966389512178
Standard_GA,rastrigin,50,128,200,0.9,0.8,0.6,0.8,3140.6457312011717,412.48819637229144,31699.889192548784,1.2028434960229788,0.006309170318709221
Standard_GA,rastrigin,50,128,200,0.9,0.8,0.6,0.9,3140.6457312011717,412.48819637229144,31444.14871267363,1.2081274380034301,0.006360483847965952
Standard_GA,rastrigin,50,128,200,0.9,0.8,0.6,1.0,3140.6457312011717,412.48819637229144,31648.925909000467,1.2464044330117758,0.006319329779944383
Standard_GA,rastrigin,50,128,200,0.9,0.8,0.7,0.5,3140.6457312011717,412.48819637229144,31883.800682932615,1.3112032279896084,0.006272777890844736
Standard_GA,rastrigin,50,128,200,0.9,0.8,0.7,0.7,3140.6457312011717,412.48819637229144,31748.95859678708,1.3004441130033229,0.006299419220013079
Standard_GA,rastrigin,50,128,200,0.9,0.8,0.7,0.8,3140.6457312011717,412.48819637229144,31786.142122125766,1.3025120820093434,0.006292050140327774
Standard_GA,rastrigin,50,128,200,0.9,0.8,0.7,0.9,3140.6457312011717,412.48819637229144,32120.854485770993,1.2883928439987358,0.006226484419603367
Standard_GA,rastrigin,50,128,200,0.9,0.8,0.7,1.0,3140.6457312011717,412.48819637229144,32182.849404373475,1.2626821150188334,0.006214490130660124
Standard_GA,rastrigin,50,128,200,0.9,1.0,0.5,0.5,3140.6457312011717,412.48819637229144,32468.969164099668,1.0406172109942418,0.006159727430494968
Standard_GA,rastrigin,50,128,200,0.9,1.0,0.5,0.7,3140.6457312011717,412.48819637229144,32530.13121933218,1.0019436839793343,0.006148146118794102
Standard_GA,rastrigin,50,128,200,0.9,1.0,0.5,0.8,3140.6457312011717,412.48819637229144,32189.988818726462,1.036457315000007,0.006213111819524783
Standard_GA,rastrigin,50,128,200,0.9,1.0,0.5,0.9,3140.6457312011717,412.48819637229144,32121.489025949882,1.0550109640171286,0.00622636141924886
Standard_GA,rastrigin,50,128,200,0.9,1.0,0.5,1.0,3140.6457312011717,412.48819637229144,32683.932465980994,1.0315233169822022,0.006119214700011071
Standard_GA,rastrigin,50,128,200,0.9,1.0,0.2,0.5,3140.6457312011717,412.48819637229144,31972.09276432637,1.2379371020069811,0.006255455389618874
Standard_GA,rastrigin,50,128,200,0.9,1.0,0.2,0.7,3140.6457312011717,412.48819637229144,31600.796088791925,1.2180188070051372,0.006328954480704851
Standard_GA,rastrigin,50,128,200,0.9,1.0,0.2,0.8,3140.6457312011717,412.48819637229144,31776.011341950252,1.2430751990177669,0.006294056162296328
Standard_GA,rastrigin,50,128,200,0.9,1.0,0.2,0.9,3140.6457312011717,412.48819637229144,31736.9373010807,1.1916071299929172,0.006301805309776682
Standard_GA,rastrigin,50,128,200,0.9,1.0,0.2,1.0,3140.6457312011717,412.48819637229144,31827.437235195815,1.209171906026313,0.0062838864003424534
Standard_GA,rastrigin,50,128,200,0.9,1.0,0.4,0.5,3140.6457312011717,412.48819637229144,31980.035558379008,1.2522596759954467,0.006253901739255525
Standard_GA,rastrigin,50,128,200,0.9,1.0,0.4,0.7,3140.6457312011717,412.48819637229144,32196.74093318168,1.1989613919868134,0.006211808841617312
Standard_GA,rastrigin,50,128,200,0.9,1.0,0.4,0.8,3140.6457312011717,412.48819637229144,32054.564709033544,1.252568110008724,0.0062393609713763
Standard_GA,rastrigin,50,128,200,0.9,1.0,0.4,0.9,3140.6457312011717,412.48819637229144,31723.694472344814,1.184232174011413,0.006304435953206848
Standard_GA,rastrigin,50,128,200,0.9,1.0,0.4,1.0,3140.6457312011717,412.48819637229144,32245.635800716806,1.2239992230024654,0.006202389719837811
Standard_GA,rastrigin,50,128,200,0.9,1.0,0.3,0.5,3140.6457312011717,412.48819637229144,32032.760690052968,1.214675492985407,0.0062436079717008396
Standard_GA,rastrigin,50,128,200,0.9,1.0,0.3,0.7,3140.6457312011717,412.48819637229144,31926.730969316104,1.1972980100254063,0.006264343198563438
Standard_GA,rastrigin,50,128,200,0.9,1.0,0.3,0.8,3140.6457312011717,412.48819637229144,32199.81235227168,1.207384612003807,0.0062112163205165416
Standard_GA,rastrigin,50,128,200,0.9,1.0,0.3,0.9,3140.6457312011717,412.48819637229144,32136.295529572737,1.201008980977349,0.006223492680292111
Standard_GA,rastrigin,50,128,200,0.9,1.0,0.3,1.0,3140.6457312011717,412.48819637229144,32330.02677289004,1.183289759006584,0.006186199640505947
Standard_GA,rastrigin,50,128,200,0.9,1.0,0.6,0.5,3140.6457312011717,412.48819637229144,31731.502647491583,1.2591385540144984,0.006302884619799443
Standard_GA,rastrigin,50,128,200,0.9,1.0,0.6,0.7,3140.6457312011717,412.48819637229144,31658.472066683393,1.234651477978332,0.0063174242767854594
Standard_GA,rastrigin,50,128,200,0.9,1.0,0.6,0.8,3140.6457312011717,412.48819637229144,31300.247411915727,1.225096930982545,0.006389725850021932
Standard_GA,rastrigin,50,128,200,0.9,1.0,0.6,0.9,3140.6457312011717,412.48819637229144,31563.644331885433,1.2373706549988128,0.006336403930326924
Standard_GA,rastrigin,50,128,200,0.9,1.0,0.6,1.0,3140.6457312011717,412.48819637229144,31347.47330664695,1.236955575994216,0.006380099539237563
Standard_GA,rastrigin,50,128,200,0.9,1.0,0.7,0.5,3140.6457312011717,412.48819637229144,31486.906892914827,1.2986604509933386,0.006351846520847176
Standard_GA,rastrigin,50,128,200,0.9,1.0,0.7,0.7,3140.6457312011717,412.48819637229144,31891.46305460951,1.3134019630088005,0.006271270767902024
Standard_GA,rastrigin,50,128,200,0.9,1.0,0.7,0.8,3140.6457312011717,412.48819637229144,32051.938284626623,1.3003690229961649,0.006239872241858393
Standard_GA,rastrigin,50,128,200,0.9,1.0,0.7,0.9,3140.6457312011717,412.48819637229144,31797.7609586698,1.297664341982454,0.006289751038129907
Standard_GA,rastrigin,50,128,200,0.9,1.0,0.7,1.0,3140.6457312011717,412.48819637229144,31704.612942250795,1.2983812550082803,0.006308230299619026
Standard_GA,rastrigin,50,128,200,1.0,0.5,0.5,0.5,3140.6457312011717,412.48819637229144,32315.455873872757,1.0423058759770356,0.006188988971116487
Standard_GA,rastrigin,50,128,200,1.0,0.5,0.5,0.7,3140.6457312011717,412.48819637229144,32291.664363277705,1.0211195010051597,0.006193548828887288
Standard_GA,rastrigin,50,128,200,1.0,0.5,0.5,0.8,3140.6457312011717,412.48819637229144,32414.258170724508,1.0513171819911804,0.006170124238124118
Standard_GA,rastrigin,50,128,200,1.0,0.5,0.5,0.9,3140.6457312011717,412.48819637229144,32580.995347808075,1.0272950340004172,0.006138547882437706
Standard_GA,rastrigin,50,128,200,1.0,0.5,0.5,1.0,3140.6457312011717,412.48819637229144,32360.780562734617,1.017548934003571,0.00618032063881401
Standard_GA,rastrigin,50,128,200,1.0,0.5,0.2,0.5,3140.6457312011717,412.48819637229144,31764.290021266752,1.2202236510056537,0.0062963787280023095
Standard_GA,rastrigin,50,128,200,1.0,0.5,0.2,0.7,3140.6457312011717,412.48819637229144,31982.446913568732,1.206353756977478,0.00625343021878507
Standard_GA,rastrigin,50,128,200,1.0,0.5,0.2,0.8,3140.6457312011717,412.48819637229144,31829.288225786375,1.2109057939960621,0.006283520969154779
Standard_GA,rastrigin,50,128,200,1.0,0.5,0.2,0.9,3140.6457312011717,412.48819637229144,31981.4464454448,1.204838147998089,0.0062536258433829066
Standard_GA,rastrigin,50,128,200,1.0,0.5,0.2,1.0,3140.6457312011717,412.48819637229144,32153.550597559366,1.2046434990188573,0.006220152869063895
Standard_GA,rastrigin,50,128,200,1.0,0.5,0.4,0.5,3140.6457312011717,412.48819637229144,31680.753211003244,1.2392659549950622,0.006312981218216009
Standard_GA,rastrigin,50,128,200,1.0,0.5,0.4,0.7,3140.6457312011717,412.48819637229144,31720.694063064682,1.2384201080130879,0.006305032279633451
Standard_GA,rastrigin,50,128,200,1.0,0.5,0.4,0.8,3140.6457312011717,412.48819637229144,32318.995521447112,1.2432449789776001,0.00618831113941269
Standard_GA,rastrigin,50,128,200,1.0,0.5,0.4,0.9,3140.6457312011717,412.48819637229144,31607.684009261586,1.2535664000024553,0.006327575280156452
Standard_GA,rastrigin,50,128,200,1.0,0.5,0.4,1.0,3140.6457312011717,412.48819637229144,31701.372908716326,1.2682675660180394,0.006308875031245407
Standard_GA,rastrigin,50,128,200,1.0,0.5,0.3,0.5,3140.6457312011717,412.48819637229144,31867.856239723907,1.2024952019855846,0.006275916349550243
Standard_GA,rastrigin,50,128,200,1.0,0.5,0.3,0.7,3140.6457312011717,412.48819637229144,31790.057240869523,1.1904356699960772,0.006291275240073446
Standard_GA,rastrigin,50,128,200,1.0,0.5,0.3,0.8,3140.6457312011717,412.48819637229144,31473.329930636202,1.2099222649994772,0.006354586579836905
Standard_GA,rastrigin,50,128,200,1.0,0.5,0.3,0.9,3140.6457312011717,412.48819637229144,31947.30091102851,1.1782434239867143,0.006260309769422747
Standard_GA,rastrigin,50,128,200,1.0,0.5,0.3,1.0,3140.6457312011717,412.48819637229144,31446.702072884596,1.2655992140062153,0.006359967399330344
Standard_GA,rastrigin,50,128,200,1.0,0.5,0.6,0.5,3140.6457312011717,412.48819637229144,31778.156078992368,1.2467880480107851,0.0062936313706450165
Standard_GA,rastrigin,50,128,200,1.0,0.5,0.6,0.7,3140.6457312011717,412.48819637229144,31632.48998582991,1.2113566419866402,0.006322613240045029
Standard_GA,rastrigin,50,128,200,1.0,0.5,0.6,0.8,3140.6457312011717,412.48819637229144,31823.132629103246,1.2283669949974865,0.006284736400120891
Standard_GA,rastrigin,50,128,200,1.0,0.5,0.6,0.9,3140.6457312011717,412.48819637229144,31663.472469915076,1.2114618019841146,0.006316426607663743
Standard_GA,rastrigin,50,128,200,1.0,0.5,0.6,1.0,3140.6457312011717,412.48819637229144,31934.61975885173,1.211049556004582,0.006262795721704606
Standard_GA,rastrigin,50,128,200,1.0,0.5,0.7,0.5,3140.6457312011717,412.48819637229144,32018.128653388114,1.410926649987232,0.006246461252158042
Standard_GA,rastrigin,50,128,200,1.0,0.5,0.7,0.7,3140.6457312011717,412.48819637229144,32006.191897219353,1.2638978269824293,0.0062487908790353685
Standard_GA,rastrigin,50,128,200,1.0,0.5,0.7,0.8,3140.6457312011717,412.48819637229144,31772.75874752612,1.2915195300010964,0.006294700488215312
Standard_GA,rastrigin,50,128,200,1.0,0.5,0.7,0.9,3140.6457312011717,412.48819637229144,31967.704432413524,1.2815821609983686,0.0062563141004648055
Standard_GA,rastrigin,50,128,200,1.0,0.5,0.7,1.0,3140.6457312011717,412.48819637229144,31746.174945501607,2.474266142002307,0.006299971582193393
Standard_GA,rastrigin,50,128,200,1.0,0.8,0.5,0.5,3140.6457312011717,412.48819637229144,32175.34517798733,1.032733936997829,0.0062159395305207
Standard_GA,rastrigin,50,128,200,1.0,0.8,0.5,0.7,3140.6457312011717,412.48819637229144,32799.491651585064,1.0312359899980947,0.006097655479679815
Standard_GA,rastrigin,50,128,200,1.0,0.8,0.5,0.8,3140.6457312011717,412.48819637229144,32575.590148545714,1.0499038060079329,0.006139566438796464
Standard_GA,rastrigin,50,128,200,1.0,0.8,0.5,0.9,3140.6457312011717,412.48819637229144,32602.615800608055,1.0551882839936297,0.006134477099112701
Standard_GA,rastrigin,50,128,200,1.0,0.8,0.5,1.0,3140.6457312011717,412.48819637229144,32473.571019482057,1.0535666070063598,0.006158854530658573
Standard_GA,rastrigin,50,128,200,1.0,0.8,0.2,0.5,3140.6457312011717,412.48819637229144,32061.974116465513,1.2239353790064342,0.006237919077393599
Standard_GA,rastrigin,50,128,200,1.0,0.8,0.2,0.7,3140.6457312011717,412.48819637229144,32138.05991610261,1.2078257240063976,0.006223151009180583
Standard_GA,rastrigin,50,128,200,1.0,0.8,0.2,0.8,3140.6457312011717,412.48819637229144,31744.204580647372,1.205020155000966,0.006300362621841487
Standard_GA,rastrigin,50,128,200,1.0,0.8,0.2,0.9,3140.6457312011717,412.48819637229144,32123.34935481704,1.1993454530020244,0.006226000837923493
Standard_GA,rastrigin,50,128,200,1.0,0.8,0.2,1.0,3140.6457312011717,412.48819637229144,32249.575223975087,1.1988826289889403,0.006201632071461063
Standard_GA,rastrigin,50,128,200,1.0,0.8,0.4,0.5,3140.6457312011717,412.48819637229144,32106.49544891547,1.233006499009207,0.006229269099712838
Standard_GA,rastrigin,50,128,200,1.0,0.8,0.4,0.7,3140.6457312011717,412.48819637229144,32322.636324567207,1.2667352060088888,0.006187614091613796
Standard_GA,rastrigin,50,128,200,1.0,0.8,0.4,0.8,3140.6457312011717,412.48819637229144,32173.605264252976,1.2638701150135603,0.006216275681799744
Standard_GA,rastrigin,50,128,200,1.0,0.8,0.4,0.9,3140.6457312011717,412.48819637229144,32022.06792526246,1.2041712279897183,0.006245692828670144
Standard_GA,rastrigin,50,128,200,1.0,0.8,0.4,1.0,3140.6457312011717,412.48819637229144,32188.87790300945,1.201551169011509,0.006213326248980593
Standard_GA,rastrigin,50,128,200,1.0,0.8,0.3,0.5,3140.6457312011717,412.48819637229144,31995.063848886257,1.1793382800242398,0.006250964240753092
Standard_GA,rastrigin,50,128,200,1.0,0.8,0.3,0.7,3140.6457312011717,412.48819637229144,31889.709046208558,1.199822533002589,0.006271615702426061
Standard_GA,rastrigin,50,128,200,1.0,0.8,0.3,0.8,3140.6457312011717,412.48819637229144,32243.64374899427,1.205812161002541,0.006202772911055945
Standard_GA,rastrigin,50,128,200,1.0,0.8,0.3,0.9,3140.6457312011717,412.48819637229144,31617.08888113325,1.2165121419820935,0.006325693069084082
Standard_GA,rastrigin,50,128,200,1.0,0.8,0.3,1.0,3140.6457312011717,412.48819637229144,31860.13681252314,1.2137180530116893,0.006277436948148534
Standard_GA,rastrigin,50,128,200,1.0,0.8,0.6,0.5,3140.6457312011717,412.48819637229144,31769.791167012885,1.2121736720146146,0.006295288469118532
Standard_GA,rastrigin,50,128,200,1.0,0.8,0.6,0.7,3140.6457312011717,412.48819637229144,31864.207933851787,1.2244374340225477,0.0062766349132289175
Standard_GA,rastrigin,50,128,200,1.0,0.8,0.6,0.8,3140.6457312011717,412.48819637229144,31775.46994621143,1.2356864649918862,0.006294163401471451
Standard_GA,rastrigin,50,128,200,1.0,0.8,0.6,0.9,3140.6457312011717,412.48819637229144,31899.34537160596,1.22451877000276,0.006269721139105968
Standard_GA,rastrigin,50,128,200,1.0,0.8,0.6,1.0,3140.6457312011717,412.48819637229144,32070.5837615937,1.1884777670202311,0.006236244450265076
Standard_GA,rastrigin,50,128,200,1.0,0.8,0.7,0.5,3140.6457312011717,412.48819637229144,31999.387498002943,1.3572641180071514,0.006250119631586131
Standard_GA,rastrigin,50,128,200,1.0,0.8,0.7,0.7,3140.6457312011717,412.48819637229144,31868.025631513512,1.2736717470106669,0.006275882990448736
Standard_GA,rastrigin,50,128,200,1.0,0.8,0.7,0.8,3140.6457312011717,412.48819637229144,31811.84884277444,1.3125410770007875,0.006286965620529372
Standard_GA,rastrigin,50,128,200,1.0,0.8,0.7,0.9,3140.6457312011717,412.48819637229144,31929.370655024217,1.2872680130240042,0.0062638253087061455
Standard_GA,rastrigin,50,128,200,1.0,0.8,0.7,1.0,3140.6457312011717,412.48819637229144,31570.703445220417,1.4088452430150937,0.006334987129666843
Standard_GA,rastrigin,50,128,200,1.0,1.0,0.5,0.5,3140.6457312011717,412.48819637229144,32625.357747118618,1.0500952119764406,0.006130200978950597
Standard_GA,rastrigin,50,128,200,1.0,1.0,0.5,0.7,3140.6457312011717,412.48819637229144,32099.044090820666,1.04234663801617,0.006230715140118264
Standard_GA,rastrigin,50,128,200,1.0,1.0,0.5,0.8,3140.6457312011717,412.48819637229144,32644.258951757092,1.0328107549867127,0.006126651559025049
Standard_GA,rastrigin,50,128,200,1.0,1.0,0.5,0.9,3140.6457312011717,412.48819637229144,32653.909910500413,1.026882966980338,0.006124840809206944
Standard_GA,rastrigin,50,128,200,1.0,1.0,0.5,1.0,3140.6457312011717,412.48819637229144,32099.912386055283,1.0639949289907236,0.006230546600709204
Standard_GA,rastrigin,50,128,200,1.0,1.0,0.2,0.5,3140.6457312011717,412.48819637229144,31434.070648468743,1.2263836289930623,0.006362523080024402
Standard_GA,rastrigin,50,128,200,1.0,1.0,0.2,0.7,3140.6457312011717,412.48819637229144,31615.46659195231,1.2309000499953981,0.006326017660321668
Standard_GA,rastrigin,50,128,200,1.0,1.0,0.2,0.8,3140.6457312011717,412.48819637229144,31829.02467012964,1.21515303599881,0.006283572998945601
Standard_GA,rastrigin,50,128,200,1.0,1.0,0.2,0.9,3140.6457312011717,412.48819637229144,32302.647173168538,1.1940425889915787,0.006191443039570004
Standard_GA,rastrigin,50,128,200,1.0,1.0,0.2,1.0,3140.6457312011717,412.48819637229144,32139.302283699257,1.2447228179953527,0.006222910448850598
Standard_GA,rastrigin,50,128,200,1.0,1.0,0.4,0.5,3140.6457312011717,412.48819637229144,32090.19091022828,1.234482111001853,0.006232434096746147
Standard_GA,rastrigin,50,128,200,1.0,1.0,0.4,0.7,3140.6457312011717,412.48819637229144,31504.914739319916,1.2931489839975256,0.006348215878533665
Standard_GA,rastrigin,50,128,200,1.0,1.0,0.4,0.8,3140.6457312011717,412.48819637229144,31641.956330435023,1.2595158990006894,0.0063207216997398065
Standard_GA,rastrigin,50,128,200,1.0,1.0,0.4,0.9,3140.6457312011717,412.48819637229144,31770.709261337848,1.2767142119992059,0.006295106550969649
Standard_GA,rastrigin,50,128,200,1.0,1.0,0.4,1.0,3140.6457312011717,412.48819637229144,31975.46131109317,1.2242213150020689,0.006254796390712727
Standard_GA,rastrigin,50,128,200,1.0,1.0,0.3,0.5,3140.6457312011717,412.48819637229144,31793.06402967819,1.216503476985963,0.006290680250676814
Standard_GA,rastrigin,50,128,200,1.0,1.0,0.3,0.7,3140.6457312011717,412.48819637229144,31734.987307619176,1.204436528001679,0.006302192531584296
Standard_GA,rastrigin,50,128,200,1.0,1.0,0.3,0.8,3140.6457312011717,412.48819637229144,31435.83737098392,1.2120720070088282,0.006362165500468109
Standard_GA,rastrigin,50,128,200,1.0,1.0,0.3,0.9,3140.6457312011717,412.48819637229144,31262.432092615563,1.233623528998578,0.006397454919933807
Standard_GA,rastrigin,50,128,200,1.0,1.0,0.3,1.0,3140.6457312011717,412.48819637229144,31520.534109822762,1.2309777640039101,0.006345070147071965
Standard_GA,rastrigin,50,128,200,1.0,1.0,0.6,0.5,3140.6457312011717,412.48819637229144,31975.108935440137,1.2156930979981553,0.006254865320515819
Standard_GA,rastrigin,50,128,200,1.0,1.0,0.6,0.7,3140.6457312011717,412.48819637229144,31933.553424501217,1.2127365570049733,0.006263004850770812
Standard_GA,rastrigin,50,128,200,1.0,1.0,0.6,0.8,3140.6457312011717,412.48819637229144,31769.606563411922,1.2475761099776719,0.006295325049140956
Standard_GA,rastrigin,50,128,200,1.0,1.0,0.6,0.9,3140.6457312011717,412.48819637229144,31750.8547961535,1.209588467987487,0.0062990430110949095
Standard_GA,rastrigin,50,128,200,1.0,1.0,0.6,1.0,3140.6457312011717,412.48819637229144,31952.802738210477,1.2139341259899084,0.006259231831354555
Standard_GA,rastrigin,50,128,200,1.0,1.0,0.7,0.5,3140.6457312011717,412.48819637229144,32007.200130758458,1.265421696996782,0.006248594040807802
Standard_GA,rastrigin,50,128,200,1.0,1.0,0.7,0.7,3140.6457312011717,412.48819637229144,32315.584525591647,1.2864576769934501,0.0061889643321046605
Standard_GA,rastrigin,50,128,200,1.0,1.0,0.7,0.8,3140.6457312011717,412.48819637229144,31780.818320614067,1.3195892740041018,0.0062931041605770585
Standard_GA,rastrigin,50,128,200,1.0,1.0,0.7,0.9,3140.6457312011717,412.48819637229144,32216.096870607842,1.3868221279990394,0.006208076689217705
Standard_GA,rastrigin,50,128,200,1.0,1.0,0.7,1.0,3140.6457312011717,412.48819637229144,31872.125674557654,1.3255171019991394,0.006275075658340939
Standard_GA,ellipsoidal_rotated,50,128,200,0.8,0.5,0.5,0.5,11833542.065,2607768.59556575,33219.542736974254,1.5916056809946895,0.006020552467671223
Standard_GA,ellipsoidal_rotated,50,128,200,0.8,0.5,0.5,0.7,11833542.065,2607768.59556575,33423.47159057194,1.0050875410088338,0.005983818869863171
Standard_GA,ellipsoidal_rotated,50,128,200,0.8,0.5,0.5,0.8,11833542.065,2607768.59556575,33557.98625773815,1.0060550770140253,0.005959833181404975
Standard_GA,ellipsoidal_rotated,50,128,200,0.8,0.5,0.5,0.9,11833542.065,2607768.59556575,33395.22246844317,1.0186975629767403,0.005988880600780249
Standard_GA,ellipsoidal_rotated,50,128,200,0.8,0.5,0.5,1.0,11833542.065,2607768.59556575,33412.85235698764,1.0012867729819845,0.0059857206401648
Standard_GA,ellipsoidal_rotated,50,128,200,0.8,0.5,0.2,0.5,11833542.065,2607768.59556575,36704.86776445763,1.157513536978513,0.005448868561070412
Standard_GA,ellipsoidal_rotated,50,128,200,0.8,0.5,0.2,0.7,11833542.065,2607768.59556575,36215.25285033865,1.1410117040213663,0.005522534961346537
Standard_GA,ellipsoidal_rotated,50,128,200,0.8,0.5,0.2,0.8,11833542.065,2607768.59556575,36798.43570869159,1.163380388985388,0.0054350136397988535
Standard_GA,ellipsoidal_rotated,50,128,200,0.8,0.5,0.2,0.9,11833542.065,2607768.59556575,35895.28544670158,1.1563957920006942,0.0055717623501550404
Standard_GA,ellipsoidal_rotated,50,128,200,0.8,0.5,0.2,1.0,11833542.065,2607768.59556575,36325.85620211079,1.176047800021479,0.005505720192450099
Standard_GA,ellipsoidal_rotated,50,128,200,0.8,0.5,0.4,0.5,11833542.065,2607768.59556575,35673.26280543269,1.1792068990180269,0.005606439789116849
Standard_GA,ellipsoidal_rotated,50,128,200,0.8,0.5,0.4,0.7,11833542.065,2607768.59556575,36466.646353404845,1.1832111760159023,0.005484463749744464
Standard_GA,ellipsoidal_rotated,50,128,200,0.8,0.5,0.4,0.8,11833542.065,2607768.59556575,36146.663131207846,1.181816127995262,0.00553301418927731
Standard_GA,ellipsoidal_rotated,50,128,200,0.8,0.5,0.4,0.9,11833542.065,2607768.59556575,35891.58236930539,1.190714280004613,0.00557233721105149
Standard_GA,ellipsoidal_rotated,50,128,200,0.8,0.5,0.4,1.0,11833542.065,2607768.59556575,36588.121201963506,1.1459645869908854,0.005466254987404682
Standard_GA,ellipsoidal_rotated,50,128,200,0.8,0.5,0.3,0.5,11833542.065,2607768.59556575,36316.18682958049,1.1551093260059133,0.005507186118920799
Standard_GA,ellipsoidal_rotated,50,128,200,0.8,0.5,0.3,0.7,11833542.065,2607768.59556575,36318.273854989195,1.1654706050176173,0.0055068696491071024
Standard_GA,ellipsoidal_rotated,50,128,200,0.8,0.5,0.3,0.8,11833542.065,2607768.59556575,36707.95916144988,1.1918234140030108,0.005448409679229371
Standard_GA,ellipsoidal_rotated,50,128,200,0.8,0.5,0.3,0.9,11833542.065,2607768.59556575,36354.52055382496,1.1851036720036063,0.005501379111956339
Standard_GA,ellipsoidal_rotated,50,128,200,0.8,0.5,0.3,1.0,11833542.065,2607768.59556575,37171.42697221512,1.1346850970003288,0.005380476787977386
Standard_GA,ellipsoidal_rotated,50,128,200,0.8,0.5,0.6,0.5,11833542.065,2607768.59556575,36456.0646373821,1.1673930560064036,0.0054860556669882495
Standard_GA,ellipsoidal_rotated,50,128,200,0.8,0.5,0.6,0.7,11833542.065,2607768.59556575,35952.961183161875,1.1911340950173326,0.0055628241295926275
Standard_GA,ellipsoidal_rotated,50,128,200,0.8,0.5,0.6,0.8,11833542.065,2607768.59556575,36756.895108899145,1.1703059690189548,0.005441155990120024
Standard_GA,ellipsoidal_rotated,50,128,200,0.8,0.5,0.6,0.9,11833542.065,2607768.59556575,36482.64367742386,1.174142522009788,0.005482058859779499
Standard_GA,ellipsoidal_rotated,50,128,200,0.8,0.5,0.6,1.0,11833542.065,2607768.59556575,36613.01767930945,1.1552868730213959,0.00546253798995167
Standard_GA,ellipsoidal_rotated,50,128,200,0.8,0.5,0.7,0.5,11833542.065,2607768.59556575,36476.93784460883,1.214555696991738,0.005482916379987728
Standard_GA,ellipsoidal_rotated,50,128,200,0.8,0.5,0.7,0.7,11833542.065,2607768.59556575,36854.17398984152,1.2279074329999276,0.005426793720980641
Standard_GA,ellipsoidal_rotated,50,128,200,0.8,0.5,0.7,0.8,11833542.065,2607768.59556575,36447.39673029185,1.246029025001917,0.0054873603588202965
Standard_GA,ellipsoidal_rotated,50,128,200,0.8,0.5,0.7,0.9,11833542.065,2607768.59556575,36383.87320836919,1.2205369749863166,0.005496940879675094
Standard_GA,ellipsoidal_rotated,50,128,200,0.8,0.5,0.7,1.0,11833542.065,2607768.59556575,36263.70004781035,1.222810292005306,0.005515157023037318
Standard_GA,ellipsoidal_rotated,50,128,200,0.8,0.8,0.5,0.5,11833542.065,2607768.59556575,33001.79313626114,1.0165057720150799,0.006060276760545094
Standard_GA,ellipsoidal_rotated,50,128,200,0.8,0.8,0.5,0.7,11833542.065,2607768.59556575,33329.311767518775,1.0071374109829776,0.006000723969191313
Standard_GA,ellipsoidal_rotated,50,128,200,0.8,0.8,0.5,0.8,11833542.065,2607768.59556575,33212.28097873832,1.0018388069875073,0.006021868842071854
Standard_GA,ellipsoidal_rotated,50,128,200,0.8,0.8,0.5,0.9,11833542.065,2607768.59556575,33476.38209139944,1.0181350609927904,0.005974361251282971
Standard_GA,ellipsoidal_rotated,50,128,200,0.8,0.8,0.5,1.0,11833542.065,2607768.59556575,33169.1933148402,0.9862611220160034,0.0060296914097853005
Standard_GA,ellipsoidal_rotated,50,128,200,0.8,0.8,0.2,0.5,11833542.065,2607768.59556575,36461.7821307544,1.1423173689981923,0.005485195410437882
Standard_GA,ellipsoidal_rotated,50,128,200,0.8,0.8,0.2,0.7,11833542.065,2607768.59556575,36195.91050665514,1.1451305779919494,0.005525486089463811
Standard_GA,ellipsoidal_rotated,50,128,200,0.8,0.8,0.2,0.8,11833542.065,2607768.59556575,36108.66840216239,1.170948672981467,0.0055388362088706344
Standard_GA,ellipsoidal_rotated,50,128,200,0.8,0.8,0.2,0.9,11833542.065,2607768.59556575,36098.192968671894,1.2768085470015649,0.005540443538920954
Standard_GA,ellipsoidal_rotated,50,128,200,0.8,0.8,0.2,1.0,11833542.065,2607768.59556575,35782.82740576159,1.201043656008551,0.005589273249206599
Standard_GA,ellipsoidal_rotated,50,128,200,0.8,0.8,0.4,0.5,11833542.065,2607768.59556575,35724.9725896865,1.2021675209980458,0.005598324799211696
Standard_GA,ellipsoidal_rotated,50,128,200,0.8,0.8,0.4,0.7,11833542.065,2607768.59556575,35962.269124796825,1.1982204759842716,0.005561384330503643
Standard_GA,ellipsoidal_rotated,50,128,200,0.8,0.8,0.4,0.8,11833542.065,2607768.59556575,36230.63862436526,1.1939009050256573,0.005520189750823193
Standard_GA,ellipsoidal_rotated,50,128,200,0.8,0.8,0.4,0.9,11833542.065,2607768.59556575,36641.325842849874,1.152359008003259,0.005458317770971916
Standard_GA,ellipsoidal_rotated,50,128,200,0.8,0.8,0.4,1.0,11833542.065,2607768.59556575,36800.1354219309,1.170585469022626,0.005434762609074824
Standard_GA,ellipsoidal_rotated,50,128,200,0.8,0.8,0.3,0.5,11833542.065,2607768.59556575,36315.25603289403,1.1455545049975626,0.005507327273662667
Standard_GA,ellipsoidal_rotated,50,128,200,0.8,0.8,0.3,0.7,11833542.065,2607768.59556575,36206.92863162185,1.1978917350061238,0.005523804629629012
Standard_GA,ellipsoidal_rotated,50,128,200,0.8,0.8,0.3,0.8,11833542.065,2607768.59556575,36301.668753821876,1.1621454400010407,0.005509388600185048
Standard_GA,ellipsoidal_rotated,50,128,200,0.8,0.8,0.3,0.9,11833542.065,2607768.59556575,36266.656814332826,1.140387680992717,0.005514707380498294
Standard_GA,ellipsoidal_rotated,50,128,200,0.8,0.8,0.3,1.0,11833542.065,2607768.59556575,35744.640569797346,1.1558849359862506,0.005595244400610682
Standard_GA,ellipsoidal_rotated,50,128,200,0.8,0.8,0.6,0.5,11833542.065,2607768.59556575,35785.898528309466,1.1925850459956564,0.0055887935814098455
Standard_GA,ellipsoidal_rotated,50,128,200,0.8,0.8,0.6,0.7,11833542.065,2607768.59556575,35763.61152004666,1.171668123017298,0.005592276380921249
Standard_GA,ellipsoidal_rotated,50,128,200,0.8,0.8,0.6,0.8,11833542.065,2607768.59556575,36040.182998579796,1.1856963199970778,0.005549361389421392
Standard_GA,ellipsoidal_rotated,50,128,200,0.8,0.8,0.6,0.9,11833542.065,2607768.59556575,35908.24203094477,1.1587541530025192,0.005569751920120325
Standard_GA,ellipsoidal_rotated,50,128,200,0.8,0.8,0.6,1.0,11833542.065,2607768.59556575,35928.77731393496,1.172422129980987,0.005566568498907145
Standard_GA,ellipsoidal_rotated,50,128,200,0.8,0.8,0.7,0.5,11833542.065,2607768.59556575,36209.95337682715,1.2150592309772037,0.005523343206732534
Standard_GA,ellipsoidal_rotated,50,128,200,0.8,0.8,0.7,0.7,11833542.065,2607768.59556575,35889.62344388511,1.247103725996567,0.005572641360049602
Standard_GA,ellipsoidal_rotated,50,128,200,0.8,0.8,0.7,0.8,11833542.065,2607768.59556575,36206.101448032925,1.2426664730010089,0.0055239308293676005
Standard_GA,ellipsoidal_rotated,50,128,200,0.8,0.8,0.7,0.9,11833542.065,2607768.59556575,35970.00916952393,1.213273511006264,0.005560187629016582
Standard_GA,ellipsoidal_rotated,50,128,200,0.8,0.8,0.7,1.0,11833542.065,2607768.59556575,35907.61558331842,1.2257784809917212,0.005569849090534262
Standard_GA,ellipsoidal_rotated,50,128,200,0.8,1.0,0.5,0.5,11833542.065,2607768.59556575,33271.32124423378,1.036053327989066,0.006011182980437298
Standard_GA,ellipsoidal_rotated,50,128,200,0.8,1.0,0.5,0.7,11833542.065,2607768.59556575,33243.09743935942,0.9700642590178177,0.006016286549856887
Standard_GA,ellipsoidal_rotated,50,128,200,0.8,1.0,0.5,0.8,11833542.065,2607768.59556575,33072.707772030524,1.0278807080176193,0.0060472822902374905
Standard_GA,ellipsoidal_rotated,50,128,200,0.8,1.0,0.5,0.9,11833542.065,2607768.59556575,33141.20745815784,1.0134761009830981,0.006034783139766659
Standard_GA,ellipsoidal_rotated,50,128,200,0.8,1.0,0.5,1.0,11833542.065,2607768.59556575,32966.4649343097,0.9923263759992551,0.006066771199111826
Standard_GA,ellipsoidal_rotated,50,128,200,0.8,1.0,0.2,0.5,11833542.065,2607768.59556575,36279.18303371705,1.1709084049798548,0.005512803301389795
Standard_GA,ellipsoidal_rotated,50,128,200,0.8,1.0,0.2,0.7,11833542.065,2607768.59556575,36881.89750559533,1.1548290190112311,0.00542271448939573
Standard_GA,ellipsoidal_rotated,50,128,200,0.8,1.0,0.2,0.8,11833542.065,2607768.59556575,35866.98188849378,1.1452886500046588,0.005576159171178006
Standard_GA,ellipsoidal_rotated,50,128,200,0.8,1.0,0.2,0.9,11833542.065,2607768.59556575,36055.39583543009,1.1511274359945673,0.00554701994988136
Standard_GA,ellipsoidal_rotated,50,128,200,0.8,1.0,0.2,1.0,11833542.065,2607768.59556575,36745.03545682275,1.1310164270107634,0.005442912151629571
Standard_GA,ellipsoidal_rotated,50,128,200,0.8,1.0,0.4,0.5,11833542.065,2607768.59556575,36791.72602399493,1.183442119974643,0.005436004819930531
Standard_GA,ellipsoidal_rotated,50,128,200,0.8,1.0,0.4,0.7,11833542.065,2607768.59556575,35900.11464071632,1.1598200790176634,0.0055710128505597825
Standard_GA,ellipsoidal_rotated,50,128,200,0.8,1.0,0.4,0.8,11833542.065,2607768.59556575,35839.15939834014,1.1707731630012859,0.0055804880292271266
Standard_GA,ellipsoidal_rotated,50,128,200,0.8,1.0,0.4,0.9,11833542.065,2607768.59556575,36039.10806793913,1.171639653010061,0.005549526909017004
Standard_GA,ellipsoidal_rotated,50,128,200,0.8,1.0,0.4,1.0,11833542.065,2607768.59556575,36407.47943728049,1.17787611001404,0.0054933767206966876
Standard_GA,ellipsoidal_rotated,50,128,200,0.8,1.0,0.3,0.5,11833542.065,2607768.59556575,36193.83515844998,1.1100016590207815,0.005525802919873968
Standard_GA,ellipsoidal_rotated,50,128,200,0.8,1.0,0.3,0.7,11833542.065,2607768.59556575,36642.61210255326,1.1499129889998585,0.005458126168523449
Standard_GA,ellipsoidal_rotated,50,128,200,0.8,1.0,0.3,0.8,11833542.065,2607768.59556575,36893.545481581175,1.1235599310020916,0.005421002437942662
Standard_GA,ellipsoidal_rotated,50,128,200,0.8,1.0,0.3,0.9,11833542.065,2607768.59556575,36571.864246186815,1.1491532390064094,0.005468684851657599
Standard_GA,ellipsoidal_rotated,50,128,200,0.8,1.0,0.3,1.0,11833542.065,2607768.59556575,36018.31475394646,1.1943701829877682,0.00555273064179346
Standard_GA,ellipsoidal_rotated,50,128,200,0.8,1.0,0.6,0.5,11833542.065,2607768.59556575,35603.06049096149,1.146761305979453,0.005617494598554913
Standard_GA,ellipsoidal_rotated,50,128,200,0.8,1.0,0.6,0.7,11833542.065,2607768.59556575,36405.59526903911,1.1291199479892384,0.005493661029904615
Standard_GA,ellipsoidal_rotated,50,128,200,0.8,1.0,0.6,0.8,11833542.065,2607768.59556575,36176.47872151743,1.135398297017673,0.005528454041632358
Standard_GA,ellipsoidal_rotated,50,128,200,0.8,1.0,0.6,0.9,11833542.065,2607768.59556575,36434.13621833502,1.1484237599943299,0.005489357530022971
Standard_GA,ellipsoidal_rotated,50,128,200,0.8,1.0,0.6,1.0,11833542.065,2607768.59556575,36633.724626635885,1.1451296680024825,0.005459450329944957
Standard_GA,ellipsoidal_rotated,50,128,200,0.8,1.0,0.7,0.5,11833542.065,2607768.59556575,36039.52861729335,1.2211416540085338,0.00554946215095697
Standard_GA,ellipsoidal_rotated,50,128,200,0.8,1.0,0.7,0.7,11833542.065,2607768.59556575,36292.98441693226,1.228140038001584,0.005510706909699365
Standard_GA,ellipsoidal_rotated,50,128,200,0.8,1.0,0.7,0.8,11833542.065,2607768.59556575,36749.556480413194,1.200342272000853,0.0054422425507800656
Standard_GA,ellipsoidal_rotated,50,128,200,0.8,1.0,0.7,0.9,11833542.065,2607768.59556575,36632.853129874435,1.1853005749871954,0.005459580210444983
Standard_GA,ellipsoidal_rotated,50,128,200,0.8,1.0,0.7,1.0,11833542.065,2607768.59556575,36667.39962521553,1.2131585280003492,0.005454436421568971
Standard_GA,ellipsoidal_rotated,50,128,200,0.9,0.5,0.5,0.5,11833542.065,2607768.59556575,33441.78196133416,1.0250457469956018,0.005980542550969403
Standard_GA,ellipsoidal_rotated,50,128,200,0.9,0.5,0.5,0.7,11833542.065,2607768.59556575,33177.33389027944,0.9954273310140707,0.006028211931115948
Standard_GA,ellipsoidal_rotated,50,128,200,0.9,0.5,0.5,0.8,11833542.065,2607768.59556575,33620.836139164,0.9919687719957437,0.005948692030506209
Standard_GA,ellipsoidal_rotated,50,128,200,0.9,0.5,0.5,0.9,11833542.065,2607768.59556575,32936.56453717239,1.005620275012916,0.006072278721549082
Standard_GA,ellipsoidal_rotated,50,128,200,0.9,0.5,0.5,1.0,11833542.065,2607768.59556575,33148.49638407607,1.0061423569859471,0.006033456168952398
Standard_GA,ellipsoidal_rotated,50,128,200,0.9,0.5,0.2,0.5,11833542.065,2607768.59556575,36928.16643631913,1.145090606994927,0.005415920130908489
Standard_GA,ellipsoidal_rotated,50,128,200,0.9,0.5,0.2,0.7,11833542.065,2607768.59556575,36371.75401546996,1.1475095200003125,0.0054987724791863
Standard_GA,ellipsoidal_rotated,50,128,200,0.9,0.5,0.2,0.8,11833542.065,2607768.59556575,36246.7178401142,1.1304083129798528,0.005517740968498401
Standard_GA,ellipsoidal_rotated,50,128,200,0.9,0.5,0.2,0.9,11833542.065,2607768.59556575,36035.930258631815,1.1736685009964276,0.005550016291090287
Standard_GA,ellipsoidal_rotated,50,128,200,0.9,0.5,0.2,1.0,11833542.065,2607768.59556575,36467.09835679071,1.1429367589880712,0.0054843957707635125
Standard_GA,ellipsoidal_rotated,50,128,200,0.9,0.5,0.4,0.5,11833542.065,2607768.59556575,36711.829505038804,1.1740987270022742,0.005447835280792787
Standard_GA,ellipsoidal_rotated,50,128,200,0.9,0.5,0.4,0.7,11833542.065,2607768.59556575,35621.011396228525,1.1534389209991787,0.005614663710002787
Standard_GA,ellipsoidal_rotated,50,128,200,0.9,0.5,0.4,0.8,11833542.065,2607768.59556575,35873.752425255225,1.2033951439952943,0.0055751067696837705
Standard_GA,ellipsoidal_rotated,50,128,200,0.9,0.5,0.4,0.9,11833542.065,2607768.59556575,36241.87952743627,1.1780228099960368,0.005518477590230759
Standard_GA,ellipsoidal_rotated,50,128,200,0.9,0.5,0.4,1.0,11833542.065,2607768.59556575,36165.442380784014,1.179720918997191,0.005530141119088512
Standard_GA,ellipsoidal_rotated,50,128,200,0.9,0.5,0.3,0.5,11833542.065,2607768.59556575,36817.443628733876,1.1776936090027448,0.005432207678968553
Standard_GA,ellipsoidal_rotated,50,128,200,0.9,0.5,0.3,0.7,11833542.065,2607768.59556575,36726.73746333696,1.131182908982737,0.005445623919076752
Standard_GA,ellipsoidal_rotated,50,128,200,0.9,0.5,0.3,0.8,11833542.065,2607768.59556575,36579.11428864167,1.1754511370090768,0.005467600949050393
Standard_GA,ellipsoidal_rotated,50,128,200,0.9,0.5,0.3,0.9,11833542.065,2607768.59556575,36818.71339330516,1.1504362060222775,0.005432020338776056
Standard_GA,ellipsoidal_rotated,50,128,200,0.9,0.5,0.3,1.0,11833542.065,2607768.59556575,36166.447732883615,1.169688130990835,0.00552998739265604
Standard_GA,ellipsoidal_rotated,50,128,200,0.9,0.5,0.6,0.5,11833542.065,2607768.59556575,36474.25241993545,1.1354587879905012,0.00548332006088458
Standard_GA,ellipsoidal_rotated,50,128,200,0.9,0.5,0.6,0.7,11833542.065,2607768.59556575,36353.5960991525,1.1405551110219676,0.005501519009412732
Standard_GA,ellipsoidal_rotated,50,128,200,0.9,0.5,0.6,0.8,11833542.065,2607768.59556575,36515.25792812758,1.1472627210023347,0.0054771624616114425
Standard_GA,ellipsoidal_rotated,50,128,200,0.9,0.5,0.6,0.9,11833542.065,2607768.59556575,36113.94355745245,1.1593558469903655,0.005538027152360883
Standard_GA,ellipsoidal_rotated,50,128,200,0.9,0.5,0.6,1.0,11833542.065,2607768.59556575,35699.53843072691,1.1722581680223811,0.005602313329291064
Standard_GA,ellipsoidal_rotated,50,128,200,0.9,0.5,0.7,0.5,11833542.065,2607768.59556575,36435.63975223196,1.220490850013448,0.005489131009089761
Standard_GA,ellipsoidal_rotated,50,128,200,0.9,0.5,0.7,0.7,11833542.065,2607768.59556575,36291.82863419339,1.2378488309914246,0.005510882408707403
Standard_GA,ellipsoidal_rotated,50,128,200,0.9,0.5,0.7,0.8,11833542.065,2607768.59556575,35525.80752965006,1.243564949982101,0.005629710171488114
Standard_GA,ellipsoidal_rotated,50,128,200,0.9,0.5,0.7,0.9,11833542.065,2607768.59556575,36299.56722491826,1.2428401990036946,0.005509707560995594
Standard_GA,ellipsoidal_rotated,50,128,200,0.9,0.5,0.7,1.0,11833542.065,2607768.59556575,36014.29001623455,1.2125592830125242,0.005553351181151811
Standard_GA,ellipsoidal_rotated,50,128,200,0.9,0.8,0.5,0.5,11833542.065,2607768.59556575,33241.972871620936,1.026420907001011,0.006016490079346113
Standard_GA,ellipsoidal_rotated,50,128,200,0.9,0.8,0.5,0.7,11833542.065,2607768.59556575,33012.41438447067,1.0108637009980157,0.0060583269575727175
Standard_GA,ellipsoidal_rotated,50,128,200,0.9,0.8,0.5,0.8,11833542.065,2607768.59556575,33263.72284956947,1.0006962660118006,0.006012556108180434
Standard_GA,ellipsoidal_rotated,50,128,200,0.9,0.8,0.5,0.9,11833542.065,2607768.59556575,32902.872731004274,1.0192219369928353,0.0060784965992206706
Standard_GA,ellipsoidal_rotated,50,128,200,0.9,0.8,0.5,1.0,11833542.065,2607768.59556575,33397.390750077415,1.0195505150186364,0.005988491780590266
Standard_GA,ellipsoidal_rotated,50,128,200,0.9,0.8,0.2,0.5,11833542.065,2607768.59556575,36266.33134277101,1.1381022040150128,0.005514756872144062
Standard_GA,ellipsoidal_rotated,50,128,200,0.9,0.8,0.2,0.7,11833542.065,2607768.59556575,36266.32320280312,1.139243964018533,0.005514758109929971
Standard_GA,ellipsoidal_rotated,50,128,200,0.9,0.8,0.2,0.8,11833542.065,2607768.59556575,35863.8866554615,1.1659671220113523,0.00557664042164106
Standard_GA,ellipsoidal_rotated,50,128,200,0.9,0.8,0.2,0.9,11833542.065,2607768.59556575,36685.31139658275,2.636860845988849,0.005451773267996032
Standard_GA,ellipsoidal_rotated,50,128,200,0.9,0.8,0.2,1.0,11833542.065,2607768.59556575,36146.44427470356,1.1448474620119669,0.005533047690114472
Standard_GA,ellipsoidal_rotated,50,128,200,0.9,0.8,0.4,0.5,11833542.065,2607768.59556575,36281.453730427354,1.1841690849978477,0.0055124582792632285
Standard_GA,ellipsoidal_rotated,50,128,200,0.9,0.8,0.4,0.7,11833542.065,2607768.59556575,36978.97485253062,1.1859499140118714,0.005408478758472484
Standard_GA,ellipsoidal_rotated,50,128,200,0.9,0.8,0.4,0.8,11833542.065,2607768.59556575,36775.147120270216,1.1704073989822064,0.005438455469557084
Standard_GA,ellipsoidal_rotated,50,128,200,0.9,0.8,0.4,0.9,11833542.065,2607768.59556575,37004.47380489202,1.211295285000233,0.0054047518971492535
Standard_GA,ellipsoidal_rotated,50,128,200,0.9,0.8,0.4,1.0,11833542.065,2607768.59556575,36886.90507832666,1.1936958680162206,0.005421978330123239
Standard_GA,ellipsoidal_rotated,50,128,200,0.9,0.8,0.3,0.5,11833542.065,2607768.59556575,36583.26611431737,1.158294955996098,0.005466980432393029
Standard_GA,ellipsoidal_rotated,50,128,200,0.9,0.8,0.3,0.7,11833542.065,2607768.59556575,36511.28874237699,1.1662927200086415,0.005477757890475914
Standard_GA,ellipsoidal_rotated,50,128,200,0.9,0.8,0.3,0.8,11833542.065,2607768.59556575,36615.269959369434,1.14683124498697,0.0054622019780799745
Standard_GA,ellipsoidal_rotated,50,128,200,0.9,0.8,0.3,0.9,11833542.065,2607768.59556575,36473.88452058138,1.1619308919762261,0.0054833753692219035
Standard_GA,ellipsoidal_rotated,50,128,200,0.9,0.8,0.3,1.0,11833542.065,2607768.59556575,36105.24830698468,1.1549126600148156,0.005539360879047308
Standard_GA,ellipsoidal_rotated,50,128,200,0.9,0.8,0.6,0.5,11833542.065,2607768.59556575,36203.68197860226,1.1675215949944686,0.005524299990211148
Standard_GA,ellipsoidal_rotated,50,128,200,0.9,0.8,0.6,0.7,11833542.065,2607768.59556575,36015.26131926013,1.1826809750054963,0.005553201411676128
Standard_GA,ellipsoidal_rotated,50,128,200,0.9,0.8,0.6,0.8,11833542.065,2607768.59556575,36316.32080955155,1.1758659810002428,0.005507165801536758
Standard_GA,ellipsoidal_rotated,50,128,200,0.9,0.8,0.6,0.9,11833542.065,2607768.59556575,36126.447578753025,1.189954272005707,0.005536110340326559
Standard_GA,ellipsoidal_rotated,50,128,200,0.9,0.8,0.6,1.0,11833542.065,2607768.59556575,35946.45907732848,1.1601247780199628,0.0055638303502928465
Standard_GA,ellipsoidal_rotated,50,128,200,0.9,0.8,0.7,0.5,11833542.065,2607768.59556575,36217.74149183943,1.228850367013365,0.005522155489597935
Standard_GA,ellipsoidal_rotated,50,128,200,0.9,0.8,0.7,0.7,11833542.065,2607768.59556575,36817.45725312285,1.225061197008472,0.005432205668766983
Standard_GA,ellipsoidal_rotated,50,128,200,0.9,0.8,0.7,0.8,11833542.065,2607768.59556575,36527.303130789864,1.225063535006484,0.00547535631863866
Standard_GA,ellipsoidal_rotated,50,128,200,0.9,0.8,0.7,0.9,11833542.065,2607768.59556575,36588.73385485387,1.227444980002474,0.005466163458768278
Standard_GA,ellipsoidal_rotated,50,128,200,0.9,0.8,0.7,1.0,11833542.065,2607768.59556575,36165.80579522297,1.219006802974036,0.005530085549107753
Standard_GA,ellipsoidal_rotated,50,128,200,0.9,1.0,0.5,0.5,11833542.065,2607768.59556575,32857.0469917571,1.007937429996673,0.006086974281352013
Standard_GA,ellipsoidal_rotated,50,128,200,0.9,1.0,0.5,0.7,11833542.065,2607768.59556575,33276.580408035756,0.9939689899911173,0.006010232949047349
Standard_GA,ellipsoidal_rotated,50,128,200,0.9,1.0,0.5,0.8,11833542.065,2607768.59556575,33113.92203539233,1.0074128150008619,0.006039755719248205
Standard_GA,ellipsoidal_rotated,50,128,200,0.9,1.0,0.5,0.9,11833542.065,2607768.59556575,33359.64292091377,0.9851303010073025,0.0059952680091373625
Standard_GA,ellipsoidal_rotated,50,128,200,0.9,1.0,0.5,1.0,11833542.065,2607768.59556575,33119.94335748685,1.019026099005714,0.0060386576704331675
Standard_GA,ellipsoidal_rotated,50,128,200,0.9,1.0,0.2,0.5,11833542.065,2607768.59556575,35952.129385260654,1.1434701069956645,0.005562952832551673
Standard_GA,ellipsoidal_rotated,50,128,200,0.9,1.0,0.2,0.7,11833542.065,2607768.59556575,36312.169741703095,1.1629432089976035,0.005507795359590091
Standard_GA,ellipsoidal_rotated,50,128,200,0.9,1.0,0.2,0.8,11833542.065,2607768.59556575,36429.32026487393,1.1522935619868804,0.005490083222684916
Standard_GA,ellipsoidal_rotated,50,128,200,0.9,1.0,0.2,0.9,11833542.065,2607768.59556575,36117.479760977774,1.1399470469914377,0.0055374849331565204
Standard_GA,ellipsoidal_rotated,50,128,200,0.9,1.0,0.2,1.0,11833542.065,2607768.59556575,36666.78904425193,1.1656016189954244,0.005454527249676175
Standard_GA,ellipsoidal_rotated,50,128,200,0.9,1.0,0.4,0.5,11833542.065,2607768.59556575,36518.46734427845,1.2046954490069766,0.005476681102591101
Standard_GA,ellipsoidal_rotated,50,128,200,0.9,1.0,0.4,0.7,11833542.065,2607768.59556575,37027.947169404244,1.1814616359770298,0.005401325628045015
Standard_GA,ellipsoidal_rotated,50,128,200,0.9,1.0,0.4,0.8,11833542.065,2607768.59556575,35837.76679058173,1.1929089620243758,0.005580704879539553
Standard_GA,ellipsoidal_rotated,50,128,200,0.9,1.0,0.4,0.9,11833542.065,2607768.59556575,36083.72010341114,1.2162105359893758,0.005542665762477555
Standard_GA,ellipsoidal_rotated,50,128,200,0.9,1.0,0.4,1.0,11833542.065,2607768.59556575,36542.166586355626,1.1902130649832543,0.005473129228048493
Standard_GA,ellipsoidal_rotated,50,128,200,0.9,1.0,0.3,0.5,11833542.065,2607768.59556575,36733.67254743835,1.1357566420047078,0.005444595819863025
Standard_GA,ellipsoidal_rotated,50,128,200,0.9,1.0,0.3,0.7,11833542.065,2607768.59556575,36462.88993817602,1.152596136991633,0.005485028760449495
Standard_GA,ellipsoidal_rotated,50,128,200,0.9,1.0,0.3,0.8,11833542.065,2607768.59556575,36546.45027540426,1.126081244990928,0.005472487710649148
Standard_GA,ellipsoidal_rotated,50,128,200,0.9,1.0,0.3,0.9,11833542.065,2607768.59556575,36763.30082218968,1.1423574700020254,0.005440207911888138
Standard_GA,ellipsoidal_rotated,50,128,200,0.9,1.0,0.3,1.0,11833542.065,2607768.59556575,36781.275292725215,1.164106014999561,0.0054375493619591
Standard_GA,ellipsoidal_rotated,50,128,200,0.9,1.0,0.6,0.5,11833542.065,2607768.59556575,36576.69180876377,1.1617858360114042,0.0054679630690952765
Standard_GA,ellipsoidal_rotated,50,128,200,0.9,1.0,0.6,0.7,11833542.065,2607768.59556575,36940.79021482811,1.147750175994588,0.005414069348189514
Standard_GA,ellipsoidal_rotated,50,128,200,0.9,1.0,0.6,0.8,11833542.065,2607768.59556575,36712.220436648575,1.1545221090200357,0.005447777269291691
Standard_GA,ellipsoidal_rotated,50,128,200,0.9,1.0,0.6,0.9,11833542.065,2607768.59556575,37147.87418016361,1.1654627669777256,0.005383888160868083
Standard_GA,ellipsoidal_rotated,50,128,200,0.9,1.0,0.6,1.0,11833542.065,2607768.59556575,36900.92817825118,1.173765054991236,0.005419917868566699
Standard_GA,ellipsoidal_rotated,50,128,200,0.9,1.0,0.7,0.5,11833542.065,2607768.59556575,36746.54477894107,1.2408341070113238,0.005442688590264879
Standard_GA,ellipsoidal_rotated,50,128,200,0.9,1.0,0.7,0.7,11833542.065,2607768.59556575,35982.09704941399,1.2464725470053963,0.00555831973120803
Standard_GA,ellipsoidal_rotated,50,128,200,0.9,1.0,0.7,0.8,11833542.065,2607768.59556575,35723.44469755524,1.2184865199960768,0.005598564239626284
Standard_GA,ellipsoidal_rotated,50,128,200,0.9,1.0,0.7,0.9,11833542.065,2607768.59556575,35973.39883549492,1.2001637069915887,0.005559663709136658
Standard_GA,ellipsoidal_rotated,50,128,200,0.9,1.0,0.7,1.0,11833542.065,2607768.59556575,35898.8234116171,1.2364838529902045,0.005571213231887668
Standard_GA,ellipsoidal_rotated,50,128,200,1.0,0.5,0.5,0.5,11833542.065,2607768.59556575,32891.81390895126,1.0128119730215985,0.006080540299590212
Standard_GA,ellipsoidal_rotated,50,128,200,1.0,0.5,0.5,0.7,11833542.065,2607768.59556575,33078.54036411803,1.0154482230136637,0.006046215999813285
Standard_GA,ellipsoidal_rotated,50,128,200,1.0,0.5,0.5,0.8,11833542.065,2607768.59556575,32892.63231176718,0.9983173619839363,0.006080389009439386
Standard_GA,ellipsoidal_rotated,50,128,200,1.0,0.5,0.5,0.9,11833542.065,2607768.59556575,33479.2478378549,1.0124340149923228,0.005973849859728943
Standard_GA,ellipsoidal_rotated,50,128,200,1.0,0.5,0.5,1.0,11833542.065,2607768.59556575,33067.34298200164,1.0273370520153549,0.0060482633911306035
Standard_GA,ellipsoidal_rotated,50,128,200,1.0,0.5,0.2,0.5,11833542.065,2607768.59556575,36363.6398626387,1.1523170059954282,0.005499999470775947
Standard_GA,ellipsoidal_rotated,50,128,200,1.0,0.5,0.2,0.7,11833542.065,2607768.59556575,36150.95804474157,1.1648301020031795,0.005532356839685235
Standard_GA,ellipsoidal_rotated,50,128,200,1.0,0.5,0.2,0.8,11833542.065,2607768.59556575,36186.67497459651,1.1399883539997973,0.005526896299270448
Standard_GA,ellipsoidal_rotated,50,128,200,1.0,0.5,0.2,0.9,11833542.065,2607768.59556575,35921.47481704549,1.1605054819956422,0.005567700129759033
Standard_GA,ellipsoidal_rotated,50,128,200,1.0,0.5,0.2,1.0,11833542.065,2607768.59556575,35951.642625847235,1.1514669279858936,0.005563028150936589
Standard_GA,ellipsoidal_rotated,50,128,200,1.0,0.5,0.4,0.5,11833542.065,2607768.59556575,35871.168269193186,1.1984441389795393,0.005575508399924729
Standard_GA,ellipsoidal_rotated,50,128,200,1.0,0.5,0.4,0.7,11833542.065,2607768.59556575,35674.72351939357,1.170284466992598,0.005606210231489967
Standard_GA,ellipsoidal_rotated,50,128,200,1.0,0.5,0.4,0.8,11833542.065,2607768.59556575,35761.77677182534,1.177525509003317,0.005592563291138504
Standard_GA,ellipsoidal_rotated,50,128,200,1.0,0.5,0.4,0.9,11833542.065,2607768.59556575,35745.68261770147,1.1342153970035724,0.005595081289648078
Standard_GA,ellipsoidal_rotated,50,128,200,1.0,0.5,0.4,1.0,11833542.065,2607768.59556575,36594.60112167649,1.1805304310109932,0.005465287060651462
Standard_GA,ellipsoidal_rotated,50,128,200,1.0,0.5,0.3,0.5,11833542.065,2607768.59556575,36106.031308476515,1.1608191750128753,0.005539240751531906
Standard_GA,ellipsoidal_rotated,50,128,200,1.0,0.5,0.3,0.7,11833542.065,2607768.59556575,36026.865416087,1.1395251359790564,0.005551412749628071
Standard_GA,ellipsoidal_rotated,50,128,200,1.0,0.5,0.3,0.8,11833542.065,2607768.59556575,36670.757296599906,1.1328439869976137,0.005453936998965219
Standard_GA,ellipsoidal_rotated,50,128,200,1.0,0.5,0.3,0.9,11833542.065,2607768.59556575,36352.547448784586,2.6656753289862536,0.0055016777099808675
Standard_GA,ellipsoidal_rotated,50,128,200,1.0,0.5,0.3,1.0,11833542.065,2607768.59556575,36120.02440392343,1.1234923570009414,0.005537094819301274
Standard_GA,ellipsoidal_rotated,50,128,200,1.0,0.5,0.6,0.5,11833542.065,2607768.59556575,35951.70487882583,1.1832149529946037,0.005563018518150784
Standard_GA,ellipsoidal_rotated,50,128,200,1.0,0.5,0.6,0.7,11833542.065,2607768.59556575,35823.87760227362,1.186807204008801,0.005582868561032228
Standard_GA,ellipsoidal_rotated,50,128,200,1.0,0.5,0.6,0.8,11833542.065,2607768.59556575,36072.20742102136,1.158809921995271,0.005544434740731958
Standard_GA,ellipsoidal_rotated,50,128,200,1.0,0.5,0.6,0.9,11833542.065,2607768.59556575,36046.578989750764,1.1367252249910962,0.005548376728256699
Standard_GA,ellipsoidal_rotated,50,128,200,1.0,0.5,0.6,1.0,11833542.065,2607768.59556575,36560.3293405209,1.158778598997742,0.005470410239940975
Standard_GA,ellipsoidal_rotated,50,128,200,1.0,0.5,0.7,0.5,11833542.065,2607768.59556575,36045.86966194536,1.2292141020006966,0.005548485911858734
Standard_GA,ellipsoidal_rotated,50,128,200,1.0,0.5,0.7,0.7,11833542.065,2607768.59556575,36475.14300142391,1.1960469530022237,0.005483186179480981
Standard_GA,ellipsoidal_rotated,50,128,200,1.0,0.5,0.7,0.8,11833542.065,2607768.59556575,36209.15264167217,1.227256964019034,0.005523465350852348
Standard_GA,ellipsoidal_rotated,50,128,200,1.0,0.5,0.7,0.9,11833542.065,2607768.59556575,35861.86535290339,1.2002307370130438,0.005576954740972724
Standard_GA,ellipsoidal_rotated,50,128,200,1.0,0.5,0.7,1.0,11833542.065,2607768.59556575,36202.189549371404,1.2318875959899742,0.005524527728557587
Standard_GA,ellipsoidal_rotated,50,128,200,1.0,0.8,0.5,0.5,11833542.065,2607768.59556575,33558.09870402565,0.9984053639927879,0.00595981321122963
Standard_GA,ellipsoidal_rotated,50,128,200,1.0,0.8,0.5,0.7,11833542.065,2607768.59556575,33669.80444555083,0.9829860870086122,0.005940040439600125
Standard_GA,ellipsoidal_rotated,50,128,200,1.0,0.8,0.5,0.8,11833542.065,2607768.59556575,33729.93422181741,1.0069381929934025,0.005929451231204439
Standard_GA,ellipsoidal_rotated,50,128,200,1.0,0.8,0.5,0.9,11833542.065,2607768.59556575,33500.519517430315,0.989715523988707,0.005970056670194026
Standard_GA,ellipsoidal_rotated,50,128,200,1.0,0.8,0.5,1.0,11833542.065,2607768.59556575,33655.012881791794,0.9885543669806793,0.005942651120130904
Standard_GA,ellipsoidal_rotated,50,128,200,1.0,0.8,0.2,0.5,11833542.065,2607768.59556575,36709.95129758006,1.141349784011254,0.005448114010796416
Standard_GA,ellipsoidal_rotated,50,128,200,1.0,0.8,0.2,0.7,11833542.065,2607768.59556575,36686.81994290996,1.1483138899784535,0.005451549093413633
Standard_GA,ellipsoidal_rotated,50,128,200,1.0,0.8,0.2,0.8,11833542.065,2607768.59556575,36091.579482659705,1.1578274079947732,0.005541458779771346
Standard_GA,ellipsoidal_rotated,50,128,200,1.0,0.8,0.2,0.9,11833542.065,2607768.59556575,36204.6020555892,1.1386023729864974,0.005524159599735868
Standard_GA,ellipsoidal_rotated,50,128,200,1.0,0.8,0.2,1.0,11833542.065,2607768.59556575,36831.95473249005,1.1335989020008128,0.00543006749037886
Standard_GA,ellipsoidal_rotated,50,128,200,1.0,0.8,0.4,0.5,11833542.065,2607768.59556575,36576.904046089636,1.166020925011253,0.005467931341263466
Standard_GA,ellipsoidal_rotated,50,128,200,1.0,0.8,0.4,0.7,11833542.065,2607768.59556575,36540.13256775643,1.1297866009990685,0.0054734338916023265
Standard_GA,ellipsoidal_rotated,50,128,200,1.0,0.8,0.4,0.8,11833542.065,2607768.59556575,36116.15024597195,1.1660002279968467,0.005537688780168537
Standard_GA,ellipsoidal_rotated,50,128,200,1.0,0.8,0.4,0.9,11833542.065,2607768.59556575,37006.00872662967,1.1813927059993148,0.005404527720820625
Standard_GA,ellipsoidal_rotated,50,128,200,1.0,0.8,0.4,1.0,11833542.065,2607768.59556575,36771.644984572704,1.1641227460058872,0.005438973428681493
Standard_GA,ellipsoidal_rotated,50,128,200,1.0,0.8,0.3,0.5,11833542.065,2607768.59556575,36543.06533587831,1.1638941550045274,0.005472994620504323
Standard_GA,ellipsoidal_rotated,50,128,200,1.0,0.8,0.3,0.7,11833542.065,2607768.59556575,36350.29580044113,1.1752194269793108,0.0055020185007015245
Standard_GA,ellipsoidal_rotated,50,128,200,1.0,0.8,0.3,0.8,11833542.065,2607768.59556575,36426.60657109189,1.156369694013847,0.005490492220560555
Standard_GA,ellipsoidal_rotated,50,128,200,1.0,0.8,0.3,0.9,11833542.065,2607768.59556575,35859.93486856025,1.1639789599867072,0.005577254970849026
Standard_GA,ellipsoidal_rotated,50,128,200,1.0,0.8,0.3,1.0,11833542.065,2607768.59556575,36503.442620204696,1.1036486010125373,0.005478935290593654
Standard_GA,ellipsoidal_rotated,50,128,200,1.0,0.8,0.6,0.5,11833542.065,2607768.59556575,36177.6977280292,1.1728992580028716,0.005528267760528251
Standard_GA,ellipsoidal_rotated,50,128,200,1.0,0.8,0.6,0.7,11833542.065,2607768.59556575,36262.37921627228,1.154145073989639,0.005515357908734586
Standard_GA,ellipsoidal_rotated,50,128,200,1.0,0.8,0.6,0.8,11833542.065,2607768.59556575,36417.53112689109,1.164212147006765,0.005491860480688047
Standard_GA,ellipsoidal_rotated,50,128,200,1.0,0.8,0.6,0.9,11833542.065,2607768.59556575,36397.989654550605,1.1189890100213233,0.005494808968796861
Standard_GA,ellipsoidal_rotated,50,128,200,1.0,0.8,0.6,1.0,11833542.065,2607768.59556575,36473.44824235272,1.1595378180209082,0.0054834409587783736
Standard_GA,ellipsoidal_rotated,50,128,200,1.0,0.8,0.7,0.5,11833542.065,2607768.59556575,36427.28163441375,1.2266602820018306,0.005490390471823048
Standard_GA,ellipsoidal_rotated,50,128,200,1.0,0.8,0.7,0.7,11833542.065,2607768.59556575,36423.66534447714,1.2335498379834462,0.00549093558016466
Standard_GA,ellipsoidal_rotated,50,128,200,1.0,0.8,0.7,0.8,11833542.065,2607768.59556575,36397.801053219446,1.2350315259827767,0.005494837441074196
Standard_GA,ellipsoidal_rotated,50,128,200,1.0,0.8,0.7,0.9,11833542.065,2607768.59556575,36796.35120936276,1.225690574006876,0.005435321531258523
Standard_GA,ellipsoidal_rotated,50,128,200,1.0,0.8,0.7,1.0,11833542.065,2607768.59556575,36750.343326452705,1.2499966839968693,0.005442126029229257
Standard_GA,ellipsoidal_rotated,50,128,200,1.0,1.0,0.5,0.5,11833542.065,2607768.59556575,33724.53933719499,1.0162977979925927,0.005930399760254659
Standard_GA,ellipsoidal_rotated,50,128,200,1.0,1.0,0.5,0.7,11833542.065,2607768.59556575,33387.756978388185,0.9969853030052036,0.005990219712257386
Standard_GA,ellipsoidal_rotated,50,128,200,1.0,1.0,0.5,0.8,11833542.065,2607768.59556575,33609.39643275902,1.0175033739942592,0.005950716800289229
Standard_GA,ellipsoidal_rotated,50,128,200,1.0,1.0,0.5,0.9,11833542.065,2607768.59556575,33203.764106276154,1.0246012350253295,0.006023413470829837
Standard_GA,ellipsoidal_rotated,50,128,200,1.0,1.0,0.5,1.0,11833542.065,2607768.59556575,33225.37584651485,1.0204706829972565,0.006019495488144458
Standard_GA,ellipsoidal_rotated,50,128,200,1.0,1.0,0.2,0.5,11833542.065,2607768.59556575,36250.20663797169,1.1696820459910668,0.0055172099292394704
Standard_GA,ellipsoidal_rotated,50,128,200,1.0,1.0,0.2,0.7,11833542.065,2607768.59556575,35925.978127770286,1.1598248130176216,0.005567002220195718
Standard_GA,ellipsoidal_rotated,50,128,200,1.0,1.0,0.2,0.8,11833542.065,2607768.59556575,36229.081285363,1.1775358699960634,0.005520427041046787
Standard_GA,ellipsoidal_rotated,50,128,200,1.0,1.0,0.2,0.9,11833542.065,2607768.59556575,36201.40778598999,1.1672561519953888,0.005524647029815242
Standard_GA,ellipsoidal_rotated,50,128,200,1.0,1.0,0.2,1.0,11833542.065,2607768.59556575,36523.47505393596,1.182919443002902,0.005475930198444985
Standard_GA,ellipsoidal_rotated,50,128,200,1.0,1.0,0.4,0.5,11833542.065,2607768.59556575,36173.31666993303,1.1844931519881357,0.005528937305498403
Standard_GA,ellipsoidal_rotated,50,128,200,1.0,1.0,0.4,0.7,11833542.065,2607768.59556575,36362.890394175476,1.186142574006226,0.005500112830195576
Standard_GA,ellipsoidal_rotated,50,128,200,1.0,1.0,0.4,0.8,11833542.065,2607768.59556575,36163.319377668806,1.1763726680073887,0.005530465771444142
Standard_GA,ellipsoidal_rotated,50,128,200,1.0,1.0,0.4,0.9,11833542.065,2607768.59556575,36058.1071685294,1.1516001039999537,0.005546602850372438
Standard_GA,ellipsoidal_rotated,50,128,200,1.0,1.0,0.4,1.0,11833542.065,2607768.59556575,36562.77391975218,1.1696801309881266,0.005470044489484281
Standard_GA,ellipsoidal_rotated,50,128,200,1.0,1.0,0.3,0.5,11833542.065,2607768.59556575,36138.66156020377,1.1559877170075197,0.005534239270782564
Standard_GA,ellipsoidal_rotated,50,128,200,1.0,1.0,0.3,0.7,11833542.065,2607768.59556575,36305.9567527667,1.1585690620122477,0.005508737901109271
Standard_GA,ellipsoidal_rotated,50,128,200,1.0,1.0,0.3,0.8,11833542.065,2607768.59556575,35990.826431397676,1.1601419959915802,0.005556971590558533
Standard_GA,ellipsoidal_rotated,50,128,200,1.0,1.0,0.3,0.9,11833542.065,2607768.59556575,36194.48098729934,1.1649201280088164,0.00552570432133507
Standard_GA,ellipsoidal_rotated,50,128,200,1.0,1.0,0.3,1.0,11833542.065,2607768.59556575,36820.45489738344,1.155242837005062,0.005431763419474009
Standard_GA,ellipsoidal_rotated,50,128,200,1.0,1.0,0.6,0.5,11833542.065,2607768.59556575,36920.39128949414,1.1801734929904342,0.005417060681502335
Standard_GA,ellipsoidal_rotated,50,128,200,1.0,1.0,0.6,0.7,11833542.065,2607768.59556575,36521.25266399635,1.1153569259913638,0.005476263419550378
Standard_GA,ellipsoidal_rotated,50,128,200,1.0,1.0,0.6,0.8,11833542.065,2607768.59556575,36531.80527273515,1.1337572039919905,0.005474681541381869
Standard_GA,ellipsoidal_rotated,50,128,200,1.0,1.0,0.6,0.9,11833542.065,2607768.59556575,36403.33232962776,1.1476053640071768,0.005494002532213926
Standard_GA,ellipsoidal_rotated,50,128,200,1.0,1.0,0.6,1.0,11833542.065,2607768.59556575,36073.87181534969,1.1444338770234026,0.005544178928830661
Standard_GA,ellipsoidal_rotated,50,128,200,1.0,1.0,0.7,0.5,11833542.065,2607768.59556575,36794.72056899484,1.2469086890050676,0.005435562409693375
Standard_GA,ellipsoidal_rotated,50,128,200,1.0,1.0,0.7,0.7,11833542.065,2607768.59556575,36496.581545771456,1.2116439800010994,0.005479965287959203
Standard_GA,ellipsoidal_rotated,50,128,200,1.0,1.0,0.7,0.8,11833542.065,2607768.59556575,36310.80257230275,1.2386368860024959,0.005508002738351934
Standard_GA,ellipsoidal_rotated,50,128,200,1.0,1.0,0.7,0.9,11833542.065,2607768.59556575,35909.23000601941,1.1860364329768345,0.005569598678848706
Standard_GA,ellipsoidal_rotated,50,128,200,1.0,1.0,0.7,1.0,11833542.065,2607768.59556575,35601.30383629187,1.2288410710170865,0.005617771779361647
Standard_GA_Ablation,sphere,50,128,200,0.8,0.5,0.5,0.5,485.3296862792969,39.35403296133339,31731.5561616388,1.2568364120088518,0.006302873990207445
Standard_GA_Ablation,sphere,50,128,200,0.8,0.5,0.5,0.7,485.3296862792969,39.35403296133339,31331.17647370644,2.9091084059909917,0.006383418132027145
Standard_GA_Ablation,sphere,50,128,200,0.8,0.5,0.5,0.8,485.3296862792969,39.35403296133339,31201.097645647256,1.3040523620147724,0.006410030899278354
Standard_GA_Ablation,sphere,50,128,200,0.8,0.5,0.5,0.9,485.3296862792969,39.35403296133339,31369.2371573716,1.3022152759949677,0.006375673051807098
Standard_GA_Ablation,sphere,50,128,200,0.8,0.5,0.5,1.0,485.3296862792969,39.35403296133339,31593.39602598405,1.2860038559883833,0.006330436900025233
Standard_GA_Ablation,sphere,50,128,200,0.8,0.5,0.2,0.5,485.3296862792969,39.35403296133339,31129.764744528107,1.388994835986523,0.006424719288479537
Standard_GA_Ablation,sphere,50,128,200,0.8,0.5,0.2,0.7,485.3296862792969,39.35403296133339,31302.958645911876,1.4052461849933024,0.006389172418566886
Standard_GA_Ablation,sphere,50,128,200,0.8,0.5,0.2,0.8,485.3296862792969,39.35403296133339,31261.922175202257,1.4497073219972663,0.006397559269680641
Standard_GA_Ablation,sphere,50,128,200,0.8,0.5,0.2,0.9,485.3296862792969,39.35403296133339,31478.017471123392,1.4428267040057108,0.006353640288289171
Standard_GA_Ablation,sphere,50,128,200,0.8,0.5,0.2,1.0,485.3296862792969,39.35403296133339,31891.683026318122,1.4379012960125692,0.0062712275120429695
Standard_GA_Ablation,sphere,50,128,200,0.8,0.5,0.4,0.5,485.3296862792969,39.35403296133339,31436.999349701688,1.4351699039980303,0.00636193034122698
Standard_GA_Ablation,sphere,50,128,200,0.8,0.5,0.4,0.7,485.3296862792969,39.35403296133339,31375.8211648776,1.4344364659918938,0.006374335159198381
Standard_GA_Ablation,sphere,50,128,200,0.8,0.5,0.4,0.8,485.3296862792969,39.35403296133339,31226.701703939838,1.408959288004553,0.0064047750510508195
Standard_GA_Ablation,sphere,50,128,200,0.8,0.5,0.4,0.9,485.3296862792969,39.35403296133339,31748.96434088569,1.4268045049975626,0.006299418080307078
Standard_GA_Ablation,sphere,50,128,200,0.8,0.5,0.4,1.0,485.3296862792969,39.35403296133339,31871.782276398917,1.4535531740111765,0.006275143268285319
Standard_GA_Ablation,sphere,50,128,200,0.8,0.5,0.3,0.5,485.3296862792969,39.35403296133339,31562.617267949085,1.4136588830151595,0.0063366101201972926
Standard_GA_Ablation,sphere,50,128,200,0.8,0.5,0.3,0.7,485.3296862792969,39.35403296133339,31596.006538261074,1.4351232789922506,0.0063299138692673295
Standard_GA_Ablation,sphere,50,128,200,0.8,0.5,0.3,0.8,485.3296862792969,39.35403296133339,31762.73697907972,1.4729747119999956,0.006296686590067111
Standard_GA_Ablation,sphere,50,128,200,0.8,0.5,0.3,0.9,485.3296862792969,39.35403296133339,31692.408176099252,1.4181710650154855,0.006310659603041131
Standard_GA_Ablation,sphere,50,128,200,0.8,0.5,0.3,1.0,485.3296862792969,39.35403296133339,31681.893203291052,1.4904885810101405,0.006312754061655141
Standard_GA_Ablation,sphere,50,128,200,0.8,0.5,0.6,0.5,485.3296862792969,39.35403296133339,32417.61323635832,1.459553977008909,0.006169485660211649
Standard_GA_Ablation,sphere,50,128,200,0.8,0.5,0.6,0.7,485.3296862792969,39.35403296133339,32684.199634209806,1.4648880320019089,0.00611916468013078
Standard_GA_Ablation,sphere,50,128,200,0.8,0.5,0.6,0.8,485.3296862792969,39.35403296133339,33269.41303115761,1.4916565160092432,0.006011527760128956
Standard_GA_Ablation,sphere,50,128,200,0.8,0.5,0.6,0.9,485.3296862792969,39.35403296133339,32240.186607148084,1.4944337290071417,0.006203438039519824
Standard_GA_Ablation,sphere,50,128,200,0.8,0.5,0.6,1.0,485.3296862792969,39.35403296133339,32799.68905195988,1.464919545018347,0.006097618781786877
Standard_GA_Ablation,sphere,50,128,200,0.8,0.5,0.7,0.5,485.3296862792969,39.35403296133339,32147.08665626542,1.60252224598662,0.006221403579693288
Standard_GA_Ablation,sphere,50,128,200,0.8,0.5,0.7,0.7,485.3296862792969,39.35403296133339,32350.22492892644,1.5302158830163535,0.00618233723071171
Standard_GA_Ablation,sphere,50,128,200,0.8,0.5,0.7,0.8,485.3296862792969,39.35403296133339,32342.95125389167,1.49826409999514,0.006183727589668706
Standard_GA_Ablation,sphere,50,128,200,0.8,0.5,0.7,0.9,485.3296862792969,39.35403296133339,32505.326608775424,1.5481174050073605,0.006152837730478495
Standard_GA_Ablation,sphere,50,128,200,0.8,0.5,0.7,1.0,485.3296862792969,39.35403296133339,32473.302644738025,1.5389181339996867,0.006158905430347659
Standard_GA_Ablation,sphere,50,128,200,0.8,0.8,0.5,0.5,485.3296862792969,39.35403296133339,31795.72346486722,1.3319356559950393,0.0062901540900929835
Standard_GA_Ablation,sphere,50,128,200,0.8,0.8,0.5,0.7,485.3296862792969,39.35403296133339,31438.402535938574,1.3002537330030464,0.006361646389996168
Standard_GA_Ablation,sphere,50,128,200,0.8,0.8,0.5,0.8,485.3296862792969,39.35403296133339,31517.240746430325,1.314955337002175,0.006345733169000596
Standard_GA_Ablation,sphere,50,128,200,0.8,0.8,0.5,0.9,485.3296862792969,39.35403296133339,31376.96398894798,1.2952441349916626,0.00637410299066687
Standard_GA_Ablation,sphere,50,128,200,0.8,0.8,0.5,1.0,485.3296862792969,39.35403296133339,32195.472785038968,1.3393081169924699,0.006212053518684115
Standard_GA_Ablation,sphere,50,128,200,0.8,0.8,0.2,0.5,485.3296862792969,39.35403296133339,31455.46399604253,1.3944749789952766,0.006358195829670876
Standard_GA_Ablation,sphere,50,128,200,0.8,0.8,0.2,0.7,485.3296862792969,39.35403296133339,31214.362945121724,1.3659657559765037,0.006407306801411323
Standard_GA_Ablation,sphere,50,128,200,0.8,0.8,0.2,0.8,485.3296862792969,39.35403296133339,31442.40951641873,1.4409887570072897,0.006360835669911466
Standard_GA_Ablation,sphere,50,128,200,0.8,0.8,0.2,0.9,485.3296862792969,39.35403296133339,31234.749578925654,1.3938455439929385,0.0064031248111859895
Standard_GA_Ablation,sphere,50,128,200,0.8,0.8,0.2,1.0,485.3296862792969,39.35403296133339,31638.98270373728,1.4608784120064229,0.00632131576014217
Standard_GA_Ablation,sphere,50,128,200,0.8,0.8,0.4,0.5,485.3296862792969,39.35403296133339,31432.26158692984,1.4436151209811214,0.0063628892705310134
Standard_GA_Ablation,sphere,50,128,200,0.8,0.8,0.4,0.7,485.3296862792969,39.35403296133339,31329.311665226767,1.4541015430004336,0.006383798090973869
Standard_GA_Ablation,sphere,50,128,200,0.8,0.8,0.4,0.8,485.3296862792969,39.35403296133339,31876.649813430737,1.4449311200005468,0.00627418505930109
Standard_GA_Ablation,sphere,50,128,200,0.8,0.8,0.4,0.9,485.3296862792969,39.35403296133339,31474.55193508513,1.453818965004757,0.00635433986200951
Standard_GA_Ablation,sphere,50,128,200,0.8,0.8,0.4,1.0,485.3296862792969,39.35403296133339,31313.050290967905,1.4764442539890297,0.0063871133007341995
Standard_GA_Ablation,sphere,50,128,200,0.8,0.8,0.3,0.5,485.3296862792969,39.35403296133339,31246.074374419695,1.4418623090023175,0.006400804069126025
Standard_GA_Ablation,sphere,50,128,200,0.8,0.8,0.3,0.7,485.3296862792969,39.35403296133339,30792.687972376363,1.4970981699880213,0.006495048440701794
Standard_GA_Ablation,sphere,50,128,200,0.8,0.8,0.3,0.8,485.3296862792969,39.35403296133339,30912.342305724123,1.5027526850171853,0.0064699076511897146
Standard_GA_Ablation,sphere,50,128,200,0.8,0.8,0.3,0.9,485.3296862792969,39.35403296133339,31018.888683573612,1.4781398470222484,0.006447684249433223
Standard_GA_Ablation,sphere,50,128,200,0.8,0.8,0.3,1.0,485.3296862792969,39.35403296133339,31293.79042713259,1.5054016549838707,0.006391044270130806
Standard_GA_Ablation,sphere,50,128,200,0.8,0.8,0.6,0.5,485.3296862792969,39.35403296133339,32370.20194812609,1.5104523150075693,0.006178521849215031
Standard_GA_Ablation,sphere,50,128,200,0.8,0.8,0.6,0.7,485.3296862792969,39.35403296133339,32211.218593307414,1.5270231690083165,0.0062090168808936145
Standard_GA_Ablation,sphere,50,128,200,0.8,0.8,0.6,0.8,485.3296862792969,39.35403296133339,32471.80593497619,1.4828690190042835,0.006159189310274087
Standard_GA_Ablation,sphere,50,128,200,0.8,0.8,0.6,0.9,485.3296862792969,39.35403296133339,31797.48942654122,1.4675236469774973,0.006289804748957977
Standard_GA_Ablation,sphere,50,128,200,0.8,0.8,0.6,1.0,485.3296862792969,39.35403296133339,31813.301319643448,1.486059994000243,0.00628667858109111
Standard_GA_Ablation,sphere,50,128,200,0.8,0.8,0.7,0.5,485.3296862792969,39.35403296133339,31875.99828903089,1.5297529309755191,0.006274313299509231
Standard_GA_Ablation,sphere,50,128,200,0.8,0.8,0.7,0.7,485.3296862792969,39.35403296133339,32182.474216928727,1.5999368050252087,0.006214562579989433
Standard_GA_Ablation,sphere,50,128,200,0.8,0.8,0.7,0.8,485.3296862792969,39.35403296133339,31720.36991064153,1.5467336510191672,0.006305096711148508
Standard_GA_Ablation,sphere,50,128,200,0.8,0.8,0.7,0.9,485.3296862792969,39.35403296133339,32296.32805946784,1.528744277980877,0.00619265446002828
Standard_GA_Ablation,sphere,50,128,200,0.8,0.8,0.7,1.0,485.3296862792969,39.35403296133339,32012.861802936055,1.5817750550049823,0.0062474889383884145
Standard_GA_Ablation,sphere,50,128,200,0.8,1.0,0.5,0.5,485.3296862792969,39.35403296133339,31045.356055579556,1.3528836589830462,0.0064421873481478546
Standard_GA_Ablation,sphere,50,128,200,0.8,1.0,0.5,0.7,485.3296862792969,39.35403296133339,31221.43906946459,1.338749310001731,0.0064058546294108966
Standard_GA_Ablation,sphere,50,128,200,0.8,1.0,0.5,0.8,485.3296862792969,39.35403296133339,31269.526017768843,1.3736588619940449,0.006396003568661399
Standard_GA_Ablation,sphere,50,128,200,0.8,1.0,0.5,0.9,485.3296862792969,39.35403296133339,32311.700905853773,1.3962422890181188,0.006189708198362496
Standard_GA_Ablation,sphere,50,128,200,0.8,1.0,0.5,1.0,485.3296862792969,39.35403296133339,32289.483640914856,1.3458778359927237,0.0061939671201980675
Standard_GA_Ablation,sphere,50,128,200,0.8,1.0,0.2,0.5,485.3296862792969,39.35403296133339,31217.304361206017,1.4656445470172912,0.0064067030799924395
Standard_GA_Ablation,sphere,50,128,200,0.8,1.0,0.2,0.7,485.3296862792969,39.35403296133339,30916.537938856174,1.4812825089902617,0.006469029630534351
Standard_GA_Ablation,sphere,50,128,200,0.8,1.0,0.2,0.8,485.3296862792969,39.35403296133339,31377.91899227752,1.5085114250250626,0.006373908991517965
Standard_GA_Ablation,sphere,50,128,200,0.8,1.0,0.2,0.9,485.3296862792969,39.35403296133339,31320.711105136965,1.4933931280102115,0.006385551060084253
Standard_GA_Ablation,sphere,50,128,200,0.8,1.0,0.2,1.0,485.3296862792969,39.35403296133339,31586.703295232364,1.439179242006503,0.006331778221065179
Standard_GA_Ablation,sphere,50,128,200,0.8,1.0,0.4,0.5,485.3296862792969,39.35403296133339,31272.17319043389,1.4365409209858626,0.0063954621503944506
Standard_GA_Ablation,sphere,50,128,200,0.8,1.0,0.4,0.7,485.3296862792969,39.35403296133339,31136.09473723006,1.4528434879903216,0.006423413137963507
Standard_GA_Ablation,sphere,50,128,200,0.8,1.0,0.4,0.8,485.3296862792969,39.35403296133339,31423.982202708154,1.4640674499969464,0.0063645657227607445
Standard_GA_Ablation,sphere,50,128,200,0.8,1.0,0.4,0.9,485.3296862792969,39.35403296133339,31030.970991516948,1.4435352649888955,0.006445173760585021
Standard_GA_Ablation,sphere,50,128,200,0.8,1.0,0.4,1.0,485.3296862792969,39.35403296133339,31109.504324365145,1.4644434030051343,0.006428903460328001
Standard_GA_Ablation,sphere,50,128,200,0.8,1.0,0.3,0.5,485.3296862792969,39.35403296133339,30854.47428793902,1.4511800289910752,0.006482042057614308
Standard_GA_Ablation,sphere,50,128,200,0.8,1.0,0.3,0.7,485.3296862792969,39.35403296133339,31122.219760583233,1.4672329449967947,0.00642627683817409
Standard_GA_Ablation,sphere,50,128,200,0.8,1.0,0.3,0.8,485.3296862792969,39.35403296133339,31979.570334406035,3.2334459130070172,0.006253992718120572
Standard_GA_Ablation,sphere,50,128,200,0.8,1.0,0.3,0.9,485.3296862792969,39.35403296133339,31484.522645712437,1.4622262920020148,0.0063523275309125896
Standard_GA_Ablation,sphere,50,128,200,0.8,1.0,0.3,1.0,485.3296862792969,39.35403296133339,31634.187874255433,1.4633471209963318,0.006322273889090866
Standard_GA_Ablation,sphere,50,128,200,0.8,1.0,0.6,0.5,485.3296862792969,39.35403296133339,32161.32630350147,1.5135171189904213,0.006218649010697845
Standard_GA_Ablation,sphere,50,128,200,0.8,1.0,0.6,0.7,485.3296862792969,39.35403296133339,32328.203154966362,1.5735160360054579,0.006186548600962852
Standard_GA_Ablation,sphere,50,128,200,0.8,1.0,0.6,0.8,485.3296862792969,39.35403296133339,32317.97319564751,1.6937177540094126,0.006188506896432955
Standard_GA_Ablation,sphere,50,128,200,0.8,1.0,0.6,0.9,485.3296862792969,39.35403296133339,32439.00600000639,1.4921820489980746,0.006165417029114906
Standard_GA_Ablation,sphere,50,128,200,0.8,1.0,0.6,1.0,485.3296862792969,39.35403296133339,32331.32270470281,1.5218409360095393,0.006185951679944992
Standard_GA_Ablation,sphere,50,128,200,0.8,1.0,0.7,0.5,485.3296862792969,39.35403296133339,32845.417821881296,1.5952988369972445,0.006089129420870449
Standard_GA_Ablation,sphere,50,128,200,0.8,1.0,0.7,0.7,485.3296862792969,39.35403296133339,32476.665366609675,1.5458591779752169,0.006158267720602453
Standard_GA_Ablation,sphere,50,128,200,0.8,1.0,0.7,0.8,485.3296862792969,39.35403296133339,32026.46703346105,1.541140296991216,0.0062448349295300435
Standard_GA_Ablation,sphere,50,128,200,0.8,1.0,0.7,0.9,485.3296862792969,39.35403296133339,32779.91059021648,1.5668251239985693,0.00610129791079089
Standard_GA_Ablation,sphere,50,128,200,0.8,1.0,0.7,1.0,485.3296862792969,39.35403296133339,32466.08093300117,1.5690637329826131,0.00616027540905634
Standard_GA_Ablation,sphere,50,128,200,0.9,0.5,0.5,0.5,485.3296862792969,39.35403296133339,31629.887199419936,1.3521561810048297,0.006323133520490956
Standard_GA_Ablation,sphere,50,128,200,0.9,0.5,0.5,0.7,485.3296862792969,39.35403296133339,31936.02009474299,1.3774681180075277,0.006262521109601948
Standard_GA_Ablation,sphere,50,128,200,0.9,0.5,0.5,0.8,485.3296862792969,39.35403296133339,31926.104741145962,1.3774874070077203,0.006264466073189396
Standard_GA_Ablation,sphere,50,128,200,0.9,0.5,0.5,0.9,485.3296862792969,39.35403296133339,32019.044529978837,1.3897100079921074,0.006246282577631063
Standard_GA_Ablation,sphere,50,128,200,0.9,0.5,0.5,1.0,485.3296862792969,39.35403296133339,32500.960284529658,1.3618619799963199,0.0061536643301951695
Standard_GA_Ablation,sphere,50,128,200,0.9,0.5,0.2,0.5,485.3296862792969,39.35403296133339,31337.480782664577,1.526806703011971,0.006382133949664422
Standard_GA_Ablation,sphere,50,128,200,0.9,0.5,0.2,0.7,485.3296862792969,39.35403296133339,31047.059296735442,1.5062382320174947,0.006441833929857239
Standard_GA_Ablation,sphere,50,128,200,0.9,0.5,0.2,0.8,485.3296862792969,39.35403296133339,31300.219821159077,1.4936320130073,0.00638973148248624
Standard_GA_Ablation,sphere,50,128,200,0.9,0.5,0.2,0.9,485.3296862792969,39.35403296133339,31581.2832683184,1.5010812940017786,0.006332864890282508
Standard_GA_Ablation,sphere,50,128,200,0.9,0.5,0.2,1.0,485.3296862792969,39.35403296133339,31726.99197450989,1.4596559350029565,0.006303780710150022
Standard_GA_Ablation,sphere,50,128,200,0.9,0.5,0.4,0.5,485.3296862792969,39.35403296133339,31324.8983754303,1.5460746649769135,0.00638469748897478
Standard_GA_Ablation,sphere,50,128,200,0.9,0.5,0.4,0.7,485.3296862792969,39.35403296133339,31225.906191544855,1.446581915981369,0.006404938219347968
Standard_GA_Ablation,sphere,50,128,200,0.9,0.5,0.4,0.8,485.3296862792969,39.35403296133339,31366.373858119965,1.4598652860149741,0.006376255059149116
Standard_GA_Ablation,sphere,50,128,200,0.9,0.5,0.4,0.9,485.3296862792969,39.35403296133339,31122.55624416911,1.4412284879945219,0.006426207360054832
Standard_GA_Ablation,sphere,50,128,200,0.9,0.5,0.4,1.0,485.3296862792969,39.35403296133339,31318.83046819476,1.4606265169859398,0.006385934500431176
Standard_GA_Ablation,sphere,50,128,200,0.9,0.5,0.3,0.5,485.3296862792969,39.35403296133339,31564.898823787902,1.5533336229855195,0.006336152100993786
Standard_GA_Ablation,sphere,50,128,200,0.9,0.5,0.3,0.7,485.3296862792969,39.35403296133339,31071.775644316414,1.459999870014144,0.006436709710105788
Standard_GA_Ablation,sphere,50,128,200,0.9,0.5,0.3,0.8,485.3296862792969,39.35403296133339,31035.59158250019,1.451770674000727,0.006444214200600981
Standard_GA_Ablation,sphere,50,128,200,0.9,0.5,0.3,0.9,485.3296862792969,39.35403296133339,31229.386359757893,1.4659239830216393,0.006404224460129626
Standard_GA_Ablation,sphere,50,128,200,0.9,0.5,0.3,1.0,485.3296862792969,39.35403296133339,31463.128973880193,1.4615103940013796,0.00635664686007658
Standard_GA_Ablation,sphere,50,128,200,0.9,0.5,0.6,0.5,485.3296862792969,39.35403296133339,32482.37057730334,1.4909879339975305,0.006157186081109103
Standard_GA_Ablation,sphere,50,128,200,0.9,0.5,0.6,0.7,485.3296862792969,39.35403296133339,32141.888230305914,1.4689050480083097,0.006222409790207166
Standard_GA_Ablation,sphere,50,128,200,0.9,0.5,0.6,0.8,485.3296862792969,39.35403296133339,31886.008433624374,1.512750434980262,0.006272343570890371
Standard_GA_Ablation,sphere,50,128,200,0.9,0.5,0.6,0.9,485.3296862792969,39.35403296133339,32288.59448097487,1.4970335199905094,0.006194137689017225
Standard_GA_Ablation,sphere,50,128,200,0.9,0.5,0.6,1.0,485.3296862792969,39.35403296133339,32604.538962172406,1.4660207699926104,0.00613411526021082
Standard_GA_Ablation,sphere,50,128,200,0.9,0.5,0.7,0.5,485.3296862792969,39.35403296133339,32325.673181515773,1.6038609170063864,0.006187032792076934
Standard_GA_Ablation,sphere,50,128,200,0.9,0.5,0.7,0.7,485.3296862792969,39.35403296133339,32447.989503165452,1.5209228789899498,0.006163710080727469
Standard_GA_Ablation,sphere,50,128,200,0.9,0.5,0.7,0.8,485.3296862792969,39.35403296133339,32546.59174345614,1.5538813750026748,0.006145036677771713
Standard_GA_Ablation,sphere,50,128,200,0.9,0.5,0.7,0.9,485.3296862792969,39.35403296133339,32020.045680844858,1.5905247470072936,0.006246087278996128
Standard_GA_Ablation,sphere,50,128,200,0.9,0.5,0.7,1.0,485.3296862792969,39.35403296133339,32355.597016737564,1.5976736419834197,0.0061813107604393736
Standard_GA_Ablation,sphere,50,128,200,0.9,0.8,0.5,0.5,485.3296862792969,39.35403296133339,31567.506078746374,1.3304925730044488,0.006335628779197577
Standard_GA_Ablation,sphere,50,128,200,0.9,0.8,0.5,0.7,485.3296862792969,39.35403296133339,31224.98113062794,1.3520129319804255,0.006405127969919704
Standard_GA_Ablation,sphere,50,128,200,0.9,0.8,0.5,0.8,485.3296862792969,39.35403296133339,31286.537100861944,1.32017284000176,0.006392525940318592
Standard_GA_Ablation,sphere,50,128,200,0.9,0.8,0.5,0.9,485.3296862792969,39.35403296133339,31251.438395865993,1.312023781996686,0.006399705430085305
Standard_GA_Ablation,sphere,50,128,200,0.9,0.8,0.5,1.0,485.3296862792969,39.35403296133339,32209.240498751027,1.3210612839902751,0.00620939820073545
Standard_GA_Ablation,sphere,50,128,200,0.9,0.8,0.2,0.5,485.3296862792969,39.35403296133339,31147.959672744826,1.489204380020965,0.006420966320147273
Standard_GA_Ablation,sphere,50,128,200,0.9,0.8,0.2,0.7,485.3296862792969,39.35403296133339,31022.442630337955,1.4795335840026382,0.0064469455994549205
Standard_GA_Ablation,sphere,50,128,200,0.9,0.8,0.2,0.8,485.3296862792969,39.35403296133339,31048.38599334365,1.4513807269977406,0.006441558670485392
Standard_GA_Ablation,sphere,50,128,200,0.9,0.8,0.2,0.9,485.3296862792969,39.35403296133339,31196.514063571485,1.464447544014547,0.006410972700105049
Standard_GA_Ablation,sphere,50,128,200,0.9,0.8,0.2,1.0,485.3296862792969,39.35403296133339,31374.900337528794,1.4921174170158338,0.006374522240657825
Standard_GA_Ablation,sphere,50,128,200,0.9,0.8,0.4,0.5,485.3296862792969,39.35403296133339,31125.08675630291,1.4162219940044452,0.00642568490060512
Standard_GA_Ablation,sphere,50,128,200,0.9,0.8,0.4,0.7,485.3296862792969,39.35403296133339,30958.193401226148,1.490855047974037,0.006460325297666714
Standard_GA_Ablation,sphere,50,128,200,0.9,0.8,0.4,0.8,485.3296862792969,39.35403296133339,31017.288056036858,1.4494577570003457,0.006448016978101805
Standard_GA_Ablation,sphere,50,128,200,0.9,0.8,0.4,0.9,485.3296862792969,39.35403296133339,30786.086475937253,1.467441348999273,0.006496441181516275
Standard_GA_Ablation,sphere,50,128,200,0.9,0.8,0.4,1.0,485.3296862792969,39.35403296133339,31046.893881419925,1.455997915007174,0.00644186825142242
Standard_GA_Ablation,sphere,50,128,200,0.9,0.8,0.3,0.5,485.3296862792969,39.35403296133339,31369.450898951738,1.4365997090062592,0.006375629609974567
Standard_GA_Ablation,sphere,50,128,200,0.9,0.8,0.3,0.7,485.3296862792969,39.35403296133339,31622.444846339153,1.4784381389908958,0.006324621672101785
Standard_GA_Ablation,sphere,50,128,200,0.9,0.8,0.3,0.8,485.3296862792969,39.35403296133339,31359.949164251837,1.4347217259928584,0.006377561358676758
Standard_GA_Ablation,sphere,50,128,200,0.9,0.8,0.3,0.9,485.3296862792969,39.35403296133339,30773.90906900551,1.408832611021353,0.006499011859414167
Standard_GA_Ablation,sphere,50,128,200,0.9,0.8,0.3,1.0,485.3296862792969,39.35403296133339,32352.167312490557,1.4516819510026835,0.006181966050935444
Standard_GA_Ablation,sphere,50,128,200,0.9,0.8,0.6,0.5,485.3296862792969,39.35403296133339,32456.343189047067,1.5325406850024592,0.006162123651301954
Standard_GA_Ablation,sphere,50,128,200,0.9,0.8,0.6,0.7,485.3296862792969,39.35403296133339,32144.784730469957,1.51698768499773,0.006221849101711996
Standard_GA_Ablation,sphere,50,128,200,0.9,0.8,0.6,0.8,485.3296862792969,39.35403296133339,32857.00954535507,1.503631053987192,0.006086981218541041
Standard_GA_Ablation,sphere,50,128,200,0.9,0.8,0.6,0.9,485.3296862792969,39.35403296133339,32499.484412704514,1.5008933510107454,0.006153943781391717
Standard_GA_Ablation,sphere,50,128,200,0.9,0.8,0.6,1.0,485.3296862792969,39.35403296133339,32530.63915164189,1.5282396349939518,0.006148050121846609
Standard_GA_Ablation,sphere,50,128,200,0.9,0.8,0.7,0.5,485.3296862792969,39.35403296133339,32736.697053863412,1.5957027270051185,0.006109351828345097
Standard_GA_Ablation,sphere,50,128,200,0.9,0.8,0.7,0.7,485.3296862792969,39.35403296133339,33009.553403091915,1.6248756189888809,0.006058852040732745
Standard_GA_Ablation,sphere,50,128,200,0.9,0.8,0.7,0.8,485.3296862792969,39.35403296133339,32709.221268038473,1.5705966880195774,0.006114483691344503
Standard_GA_Ablation,sphere,50,128,200,0.9,0.8,0.7,0.9,485.3296862792969,39.35403296133339,32408.056896308048,1.5714825030008797,0.006171304890012834
Standard_GA_Ablation,sphere,50,128,200,0.9,0.8,0.7,1.0,485.3296862792969,39.35403296133339,32516.86430119649,1.6056880310061388,0.006150654569501058
Standard_GA_Ablation,sphere,50,128,200,0.9,1.0,0.5,0.5,485.3296862792969,39.35403296133339,31494.501014997175,1.3819370520068333,0.006350314929732121
Standard_GA_Ablation,sphere,50,128,200,0.9,1.0,0.5,0.7,485.3296862792969,39.35403296133339,31602.718488549206,1.3469168269948568,0.006328569489123765
Standard_GA_Ablation,sphere,50,128,200,0.9,1.0,0.5,0.8,485.3296862792969,39.35403296133339,31974.464669027813,1.3411972019821405,0.006254991352325306
Standard_GA_Ablation,sphere,50,128,200,0.9,1.0,0.5,0.9,485.3296862792969,39.35403296133339,31929.083259241037,1.3735698949894868,0.00626388168981066
Standard_GA_Ablation,sphere,50,128,200,0.9,1.0,0.5,1.0,485.3296862792969,39.35403296133339,31863.303932684525,1.3598195659869816,0.006276812989090104
Standard_GA_Ablation,sphere,50,128,200,0.9,1.0,0.2,0.5,485.3296862792969,39.35403296133339,31154.850896109358,1.4727157840097789,0.006419546049728524
Standard_GA_Ablation,sphere,50,128,200,0.9,1.0,0.2,0.7,485.3296862792969,39.35403296133339,31070.244365735063,1.4661478189809714,0.00643702693952946
Standard_GA_Ablation,sphere,50,128,200,0.9,1.0,0.2,0.8,485.3296862792969,39.35403296133339,30719.963550610875,1.4910313069995027,0.006510424391308334
Standard_GA_Ablation,sphere,50,128,200,0.9,1.0,0.2,0.9,485.3296862792969,39.35403296133339,31184.3442987804,1.5018122289911844,0.0064134745975024995
Standard_GA_Ablation,sphere,50,128,200,0.9,1.0,0.2,1.0,485.3296862792969,39.35403296133339,31775.87009896242,1.4790263420145493,0.00629408413922647
Standard_GA_Ablation,sphere,50,128,200,0.9,1.0,0.4,0.5,485.3296862792969,39.35403296133339,31581.848544089542,1.4527342590154149,0.0063327515398850665
Standard_GA_Ablation,sphere,50,128,200,0.9,1.0,0.4,0.7,485.3296862792969,39.35403296133339,31662.26836260518,1.4737496890011244,0.0063166668196208775
Standard_GA_Ablation,sphere,50,128,200,0.9,1.0,0.4,0.8,485.3296862792969,39.35403296133339,31469.105417179013,1.4516906399803702,0.006355439639883116
Standard_GA_Ablation,sphere,50,128,200,0.9,1.0,0.4,0.9,485.3296862792969,39.35403296133339,31449.542536271663,1.4655625029990915,0.0063593929790658876
Standard_GA_Ablation,sphere,50,128,200,0.9,1.0,0.4,1.0,485.3296862792969,39.35403296133339,31649.921633596285,1.4691121620126069,0.006319130970223341
Standard_GA_Ablation,sphere,50,128,200,0.9,1.0,0.3,0.5,485.3296862792969,39.35403296133339,31203.05578214696,1.481029098998988,0.00640962864010362
Standard_GA_Ablation,sphere,50,128,200,0.9,1.0,0.3,0.7,485.3296862792969,39.35403296133339,31480.79162973041,1.4792259929818101,0.00635308039112715
Standard_GA_Ablation,sphere,50,128,200,0.9,1.0,0.3,0.8,485.3296862792969,39.35403296133339,31160.14597408732,1.4865431300131604,0.0064184551691869275
Standard_GA_Ablation,sphere,50,128,200,0.9,1.0,0.3,0.9,485.3296862792969,39.35403296133339,31331.120087495114,1.5172053989954293,0.006383429620182141
Standard_GA_Ablation,sphere,50,128,200,0.9,1.0,0.3,1.0,485.3296862792969,39.35403296133339,31824.328879693578,1.4812522259890102,0.006284500162000768
Standard_GA_Ablation,sphere,50,128,200,0.9,1.0,0.6,0.5,485.3296862792969,39.35403296133339,32304.839687915304,1.5360669319925364,0.006191022829152643
Standard_GA_Ablation,sphere,50,128,200,0.9,1.0,0.6,0.7,485.3296862792969,39.35403296133339,32662.072650235124,1.4945199509966187,0.006123310120019596
Standard_GA_Ablation,sphere,50,128,200,0.9,1.0,0.6,0.8,485.3296862792969,39.35403296133339,32741.95384154169,1.520939478999935,0.006108370959409513
Standard_GA_Ablation,sphere,50,128,200,0.9,1.0,0.6,0.9,485.3296862792969,39.35403296133339,32547.404901955884,1.5170268240035512,0.006144883151282556
Standard_GA_Ablation,sphere,50,128,200,0.9,1.0,0.6,1.0,485.3296862792969,39.35403296133339,32488.498466404326,1.4448796010110527,0.00615602473000763
Standard_GA_Ablation,sphere,50,128,200,0.9,1.0,0.7,0.5,485.3296862792969,39.35403296133339,32598.53544671338,1.536357462988235,0.0061352449507103305
Standard_GA_Ablation,sphere,50,128,200,0.9,1.0,0.7,0.7,485.3296862792969,39.35403296133339,32214.22080976756,1.5819180260004941,0.006208438229223247
Standard_GA_Ablation,sphere,50,128,200,0.9,1.0,0.7,0.8,485.3296862792969,39.35403296133339,31944.300847345152,1.5576277390064206,0.006260897709289566
Standard_GA_Ablation,sphere,50,128,200,0.9,1.0,0.7,0.9,485.3296862792969,39.35403296133339,32530.41163244662,1.6272494980075862,0.0061480931215919556
Standard_GA_Ablation,sphere,50,128,200,0.9,1.0,0.7,1.0,485.3296862792969,39.35403296133339,32436.830419027934,1.617786425020313,0.0061658305517630655
Standard_GA_Ablation,sphere,50,128,200,1.0,0.5,0.5,0.5,485.3296862792969,39.35403296133339,31528.503785353627,1.3975143950083293,0.006343466260295827
Standard_GA_Ablation,sphere,50,128,200,1.0,0.5,0.5,0.7,485.3296862792969,39.35403296133339,31664.812705412704,1.3298073159821797,0.0063161592604592445
Standard_GA_Ablation,sphere,50,128,200,1.0,0.5,0.5,0.8,485.3296862792969,39.35403296133339,31331.614538328726,1.3281527829822153,0.006383328881929629
Standard_GA_Ablation,sphere,50,128,200,1.0,0.5,0.5,0.9,485.3296862792969,39.35403296133339,31376.712847752522,1.3505013629910536,0.006374154009390623
Standard_GA_Ablation,sphere,50,128,200,1.0,0.5,0.5,1.0,485.3296862792969,39.35403296133339,32348.54830511048,1.3797324630140793,0.0061826576609746555
Standard_GA_Ablation,sphere,50,128,200,1.0,0.5,0.2,0.5,485.3296862792969,39.35403296133339,31194.201615855134,1.4390712100139353,0.006411447949940339
Standard_GA_Ablation,sphere,50,128,200,1.0,0.5,0.2,0.7,485.3296862792969,39.35403296133339,31247.11838046415,1.4721790789917577,0.006400590210105293
Standard_GA_Ablation,sphere,50,128,200,1.0,0.5,0.2,0.8,485.3296862792969,39.35403296133339,31350.68301170548,1.4740022600162774,0.0063794463401427495
Standard_GA_Ablation,sphere,50,128,200,1.0,0.5,0.2,0.9,485.3296862792969,39.35403296133339,31824.18371396601,1.4531234150053933,0.006284528828691691
Standard_GA_Ablation,sphere,50,128,200,1.0,0.5,0.2,1.0,485.3296862792969,39.35403296133339,31796.448950659367,1.5082703189982567,0.006290010570373852
Standard_GA_Ablation,sphere,50,128,200,1.0,0.5,0.4,0.5,485.3296862792969,39.35403296133339,31766.330181492485,1.4491926880145911,0.006295974349486641
Standard_GA_Ablation,sphere,50,128,200,1.0,0.5,0.4,0.7,485.3296862792969,39.35403296133339,31663.01349570686,1.4621949220017996,0.006316518168023322
Standard_GA_Ablation,sphere,50,128,200,1.0,0.5,0.4,0.8,485.3296862792969,39.35403296133339,31250.328134240895,1.4390913219831418,0.006399932798813097
Standard_GA_Ablation,sphere,50,128,200,1.0,0.5,0.4,0.9,485.3296862792969,39.35403296133339,31508.83255068208,1.5166055359877646,0.006347426540742163
Standard_GA_Ablation,sphere,50,128,200,1.0,0.5,0.4,1.0,485.3296862792969,39.35403296133339,31722.3826999991,1.4976312879880425,0.006304696651932317
Standard_GA_Ablation,sphere,50,128,200,1.0,0.5,0.3,0.5,485.3296862792969,39.35403296133339,31657.434697983535,1.4467371119826566,0.006317631289712153
Standard_GA_Ablation,sphere,50,128,200,1.0,0.5,0.3,0.7,485.3296862792969,39.35403296133339,31680.35922272159,1.4826214849890675,0.00631305972870905
Standard_GA_Ablation,sphere,50,128,200,1.0,0.5,0.3,0.8,485.3296862792969,39.35403296133339,31268.849346323568,1.4920512980024796,0.006396141980949324
Standard_GA_Ablation,sphere,50,128,200,1.0,0.5,0.3,0.9,485.3296862792969,39.35403296133339,30742.341218672984,1.4865459529974032,0.00650568538607331
Standard_GA_Ablation,sphere,50,128,200,1.0,0.5,0.3,1.0,485.3296862792969,39.35403296133339,31103.100498882497,1.4913089750043582,0.006430227108940017
Standard_GA_Ablation,sphere,50,128,200,1.0,0.5,0.6,0.5,485.3296862792969,39.35403296133339,32149.162135487328,1.5023123410064727,0.006221001939557027
Standard_GA_Ablation,sphere,50,128,200,1.0,0.5,0.6,0.7,485.3296862792969,39.35403296133339,32205.7593054602,1.4992065450060181,0.00621006938861683
Standard_GA_Ablation,sphere,50,128,200,1.0,0.5,0.6,0.8,485.3296862792969,39.35403296133339,32431.163341542066,1.5257002800062764,0.00616690797964111
Standard_GA_Ablation,sphere,50,128,200,1.0,0.5,0.6,0.9,485.3296862792969,39.35403296133339,31996.574267954467,1.4741179650009144,0.006250669159926474
Standard_GA_Ablation,sphere,50,128,200,1.0,0.5,0.6,1.0,485.3296862792969,39.35403296133339,31844.791738529377,1.521072814008221,0.006280461861460935
Standard_GA_Ablation,sphere,50,128,200,1.0,0.5,0.7,0.5,485.3296862792969,39.35403296133339,32447.31879015744,1.6265451169747394,0.006163837489730213
Standard_GA_Ablation,sphere,50,128,200,1.0,0.5,0.7,0.7,485.3296862792969,39.35403296133339,31649.024874462055,1.5772486999921966,0.006319310019607656
Standard_GA_Ablation,sphere,50,128,200,1.0,0.5,0.7,0.8,485.3296862792969,39.35403296133339,31741.752305673857,1.6050038489920553,0.006300849369436037
Standard_GA_Ablation,sphere,50,128,200,1.0,0.5,0.7,0.9,485.3296862792969,39.35403296133339,32251.941328954385,1.5842942529998254,0.006201177100010682
Standard_GA_Ablation,sphere,50,128,200,1.0,0.5,0.7,1.0,485.3296862792969,39.35403296133339,32288.001539691573,1.6088089509867132,0.006194251439010259
Standard_GA_Ablation,sphere,50,128,200,1.0,0.8,0.5,0.5,485.3296862792969,39.35403296133339,31446.357942286828,1.3581307900021784,0.0063600369991036135
Standard_GA_Ablation,sphere,50,128,200,1.0,0.8,0.5,0.7,485.3296862792969,39.35403296133339,31415.491669137922,1.3226287930156104,0.006366285847325344
Standard_GA_Ablation,sphere,50,128,200,1.0,0.8,0.5,0.8,485.3296862792969,39.35403296133339,31664.462779315563,1.346625486999983,0.006316229060757905
Standard_GA_Ablation,sphere,50,128,200,1.0,0.8,0.5,0.9,485.3296862792969,39.35403296133339,31677.27602011339,1.3521369669761043,0.0063136741894413715
Standard_GA_Ablation,sphere,50,128,200,1.0,0.8,0.5,1.0,485.3296862792969,39.35403296133339,32511.64105511211,1.3537989349861164,0.006151642719632946
Standard_GA_Ablation,sphere,50,128,200,1.0,0.8,0.2,0.5,485.3296862792969,39.35403296133339,31415.7637494264,1.4951772629865445,0.0063662307112826964
Standard_GA_Ablation,sphere,50,128,200,1.0,0.8,0.2,0.7,485.3296862792969,39.35403296133339,31689.62733264126,1.4694835759873968,0.00631121337908553
Standard_GA_Ablation,sphere,50,128,200,1.0,0.8,0.2,0.8,485.3296862792969,39.35403296133339,31524.33709977551,1.4965141889988445,0.006344304699159693
Standard_GA_Ablation,sphere,50,128,200,1.0,0.8,0.2,0.9,485.3296862792969,39.35403296133339,31849.88110965968,1.5220973980030976,0.006279458290955517
Standard_GA_Ablation,sphere,50,128,200,1.0,0.8,0.2,1.0,485.3296862792969,39.35403296133339,32081.057483494747,1.496096258983016,0.006234208460955415
Standard_GA_Ablation,sphere,50,128,200,1.0,0.8,0.4,0.5,485.3296862792969,39.35403296133339,31423.846488820942,1.5039934040105436,0.006364593210164458
Standard_GA_Ablation,sphere,50,128,200,1.0,0.8,0.4,0.7,485.3296862792969,39.35403296133339,31162.324163010846,1.503830083005596,0.006418006531021092
Standard_GA_Ablation,sphere,50,128,200,1.0,0.8,0.4,0.8,485.3296862792969,39.35403296133339,31756.23346286518,1.5252113990136422,0.006297976119676605
Standard_GA_Ablation,sphere,50,128,200,1.0,0.8,0.4,0.9,485.3296862792969,39.35403296133339,31505.974230674365,1.4704331880202517,0.006348002399026882
Standard_GA_Ablation,sphere,50,128,200,1.0,0.8,0.4,1.0,485.3296862792969,39.35403296133339,31643.444545306676,1.438566805998562,0.0063204244314692916
Standard_GA_Ablation,sphere,50,128,200,1.0,0.8,0.3,0.5,485.3296862792969,39.35403296133339,31273.185561633163,1.497230587003287,0.006395255117386114
Standard_GA_Ablation,sphere,50,128,200,1.0,0.8,0.3,0.7,485.3296862792969,39.35403296133339,31129.022988191664,1.4870218809810467,0.00642487237957539
Standard_GA_Ablation,sphere,50,128,200,1.0,0.8,0.3,0.8,485.3296862792969,39.35403296133339,31149.35370701215,1.4842880590003915,0.006420678961148951
Standard_GA_Ablation,sphere,50,128,200,1.0,0.8,0.3,0.9,485.3296862792969,39.35403296133339,31136.369476547185,1.4751530940120574,0.006423356459417846
Standard_GA_Ablation,sphere,50,128,200,1.0,0.8,0.3,1.0,485.3296862792969,39.35403296133339,31632.648676661825,1.5116388460155576,0.006322581521526444
Standard_GA_Ablation,sphere,50,128,200,1.0,0.8,0.6,0.5,485.3296862792969,39.35403296133339,32797.65933693742,1.4971962929994334,0.0060979961388511585
Standard_GA_Ablation,sphere,50,128,200,1.0,0.8,0.6,0.7,485.3296862792969,39.35403296133339,32554.918959322673,1.4834358360094484,0.006143464840133675
Standard_GA_Ablation,sphere,50,128,200,1.0,0.8,0.6,0.8,485.3296862792969,39.35403296133339,32266.61060301011,1.517383484984748,0.006198357877146918
Standard_GA_Ablation,sphere,50,128,200,1.0,0.8,0.6,0.9,485.3296862792969,39.35403296133339,32714.077022469464,1.467965613992419,0.006113576117786579
Standard_GA_Ablation,sphere,50,128,200,1.0,0.8,0.6,1.0,485.3296862792969,39.35403296133339,32567.48854450969,1.4715076799911913,0.0061410937391337935
Standard_GA_Ablation,sphere,50,128,200,1.0,0.8,0.7,0.5,485.3296862792969,39.35403296133339,32177.546120781677,1.6238725509901997,0.006215514360519592
Standard_GA_Ablation,sphere,50,128,200,1.0,0.8,0.7,0.7,485.3296862792969,39.35403296133339,32707.861382249106,1.5759542610030621,0.0061147379115573134
Standard_GA_Ablation,sphere,50,128,200,1.0,0.8,0.7,0.8,485.3296862792969,39.35403296133339,33073.89307285878,1.6270030669984408,0.0060470655679819175
Standard_GA_Ablation,sphere,50,128,200,1.0,0.8,0.7,0.9,485.3296862792969,39.35403296133339,32735.819882286287,1.6049842310021631,0.006109515531279613
Standard_GA_Ablation,sphere,50,128,200,1.0,0.8,0.7,1.0,485.3296862792969,39.35403296133339,32819.89560545,1.6504190959967673,0.006093864599824883
Standard_GA_Ablation,sphere,50,128,200,1.0,1.0,0.5,0.5,485.3296862792969,39.35403296133339,32366.235615807094,1.3739436600008048,0.006179278998461086
Standard_GA_Ablation,sphere,50,128,200,1.0,1.0,0.5,0.7,485.3296862792969,39.35403296133339,32032.266081059544,1.3846737630083226,0.0062437043790123424
Standard_GA_Ablation,sphere,50,128,200,1.0,1.0,0.5,0.8,485.3296862792969,39.35403296133339,32098.540865829465,1.363108090008609,0.00623081282217754
Standard_GA_Ablation,sphere,50,128,200,1.0,1.0,0.5,0.9,485.3296862792969,39.35403296133339,32002.16027924928,1.3561519530194346,0.006249578098941128
Standard_GA_Ablation,sphere,50,128,200,1.0,1.0,0.5,1.0,485.3296862792969,39.35403296133339,32597.380748162046,1.3837130610190798,0.0061354622797807675
Standard_GA_Ablation,sphere,50,128,200,1.0,1.0,0.2,0.5,485.3296862792969,39.35403296133339,31345.768521397134,1.504544399009319,0.006380446530238259
Standard_GA_Ablation,sphere,50,128,200,1.0,1.0,0.2,0.7,485.3296862792969,39.35403296133339,31099.016308869974,1.4975724890246056,0.006431071581610013
Standard_GA_Ablation,sphere,50,128,200,1.0,1.0,0.2,0.8,485.3296862792969,39.35403296133339,31498.490456604555,1.456032972986577,0.006349510630534496
Standard_GA_Ablation,sphere,50,128,200,1.0,1.0,0.2,0.9,485.3296862792969,39.35403296133339,31436.947073259686,1.4435789019917138,0.006361940920469351
Standard_GA_Ablation,sphere,50,128,200,1.0,1.0,0.2,1.0,485.3296862792969,39.35403296133339,31418.683328799427,1.4938997899880633,0.006365639129653573
Standard_GA_Ablation,sphere,50,128,200,1.0,1.0,0.4,0.5,485.3296862792969,39.35403296133339,31056.17790490691,1.4490063099947292,0.006439942500728648
Standard_GA_Ablation,sphere,50,128,200,1.0,1.0,0.4,0.7,485.3296862792969,39.35403296133339,31261.15255556963,1.4952170210017357,0.0063977167714620005
Standard_GA_Ablation,sphere,50,128,200,1.0,1.0,0.4,0.8,485.3296862792969,39.35403296133339,31646.31841482463,1.4720978729892522,0.006319850460276939
Standard_GA_Ablation,sphere,50,128,200,1.0,1.0,0.4,0.9,485.3296862792969,39.35403296133339,31298.41663908944,1.4441225259797648,0.00639009961130796
Standard_GA_Ablation,sphere,50,128,200,1.0,1.0,0.4,1.0,485.3296862792969,39.35403296133339,30811.024026261963,1.4954332209890708,0.006491183150210418
Standard_GA_Ablation,sphere,50,128,200,1.0,1.0,0.3,0.5,485.3296862792969,39.35403296133339,30782.092046967377,1.4832300409907475,0.006497284190263599
Standard_GA_Ablation,sphere,50,128,200,1.0,1.0,0.3,0.7,485.3296862792969,39.35403296133339,31039.879804677137,1.466614660981577,0.0064433239193749615
Standard_GA_Ablation,sphere,50,128,200,1.0,1.0,0.3,0.8,485.3296862792969,39.35403296133339,31231.155320910028,1.451248481986113,0.006403861719009001
Standard_GA_Ablation,sphere,50,128,200,1.0,1.0,0.3,0.9,485.3296862792969,39.35403296133339,31146.4869401142,1.478157656994881,0.006421269929560367
Standard_GA_Ablation,sphere,50,128,200,1.0,1.0,0.3,1.0,485.3296862792969,39.35403296133339,31331.863352420907,1.4925010619917884,0.006383278190332931
Standard_GA_Ablation,sphere,50,128,200,1.0,1.0,0.6,0.5,485.3296862792969,39.35403296133339,32366.45229369369,1.5579322910052724,0.00617923763114959
Standard_GA_Ablation,sphere,50,128,200,1.0,1.0,0.6,0.7,485.3296862792969,39.35403296133339,32059.614723047136,1.5687458680185955,0.006238378150446806
Standard_GA_Ablation,sphere,50,128,200,1.0,1.0,0.6,0.8,485.3296862792969,39.35403296133339,32095.399234869525,1.4892794330080505,0.0062314227200113235
Standard_GA_Ablation,sphere,50,128,200,1.0,1.0,0.6,0.9,485.3296862792969,39.35403296133339,32326.409578284376,1.4955492209992371,0.006186891851248219
Standard_GA_Ablation,sphere,50,128,200,1.0,1.0,0.6,1.0,485.3296862792969,39.35403296133339,32424.42351068487,1.508812308020424,0.006168189850286581
Standard_GA_Ablation,sphere,50,128,200,1.0,1.0,0.7,0.5,485.3296862792969,39.35403296133339,32409.44102294959,1.5784491680096835,0.00617104132892564
Standard_GA_Ablation,sphere,50,128,200,1.0,1.0,0.7,0.7,485.3296862792969,39.35403296133339,32582.02194019722,1.5540390239912085,0.0061383544694399465
Standard_GA_Ablation,sphere,50,128,200,1.0,1.0,0.7,0.8,485.3296862792969,39.35403296133339,32322.378586024603,1.5905708610080183,0.006187663431628607
Standard_GA_Ablation,sphere,50,128,200,1.0,1.0,0.7,0.9,485.3296862792969,39.35403296133339,32274.977745837703,1.5528541609819513,0.006196750980743673
Standard_GA_Ablation,sphere,50,128,200,1.0,1.0,0.7,1.0,485.3296862792969,39.35403296133339,32735.295871428447,1.5384542340179905,0.006109613329463173
Standard_GA_Ablation,rosenbrock,50,128,200,0.8,0.5,0.5,0.5,1141292.204375,185125.43610923222,31661.89162611431,1.3634222300024703,0.006316741979971994
Standard_GA_Ablation,rosenbrock,50,128,200,0.8,0.5,0.5,0.7,1141292.204375,185125.43610923222,32089.80518485918,1.3644658290140796,0.0062325090117519725
Standard_GA_Ablation,rosenbrock,50,128,200,0.8,0.5,0.5,0.8,1141292.204375,185125.43610923222,32167.23704318912,1.3499422240129206,0.006217506332031917
Standard_GA_Ablation,rosenbrock,50,128,200,0.8,0.5,0.5,0.9,1141292.204375,185125.43610923222,31803.587096006042,1.326779383001849,0.006288598811079282
Standard_GA_Ablation,rosenbrock,50,128,200,0.8,0.5,0.5,1.0,1141292.204375,185125.43610923222,32032.048147853788,1.3890501560235862,0.006243746858672239
Standard_GA_Ablation,rosenbrock,50,128,200,0.8,0.5,0.2,0.5,1141292.204375,185125.43610923222,31468.474154852076,1.423645126982592,0.006355567130958662
Standard_GA_Ablation,rosenbrock,50,128,200,0.8,0.5,0.2,0.7,1141292.204375,185125.43610923222,31285.124645165542,1.4525121890183073,0.006392814549035393
Standard_GA_Ablation,rosenbrock,50,128,200,0.8,0.5,0.2,0.8,1141292.204375,185125.43610923222,31347.836508953915,1.459551684994949,0.0063800256181275475
Standard_GA_Ablation,rosenbrock,50,128,200,0.8,0.5,0.2,0.9,1141292.204375,185125.43610923222,31004.91726175389,1.5158634780091234,0.0064505897019989785
Standard_GA_Ablation,rosenbrock,50,128,200,0.8,0.5,0.2,1.0,1141292.204375,185125.43610923222,31089.26403575162,1.500599545019213,0.006433088920020964
Standard_GA_Ablation,rosenbrock,50,128,200,0.8,0.5,0.4,0.5,1141292.204375,185125.43610923222,31137.584508386535,1.4810597639880143,0.0064231058111181485
Standard_GA_Ablation,rosenbrock,50,128,200,0.8,0.5,0.4,0.7,1141292.204375,185125.43610923222,30843.517293339344,1.4720079850230832,0.006484344768396113
Standard_GA_Ablation,rosenbrock,50,128,200,0.8,0.5,0.4,0.8,1141292.204375,185125.43610923222,31607.530146789468,1.4845269230136182,0.006327606082195416
Standard_GA_Ablation,rosenbrock,50,128,200,0.8,0.5,0.4,0.9,1141292.204375,185125.43610923222,31510.912925379445,1.4495669739844743,0.006347007478761952
Standard_GA_Ablation,rosenbrock,50,128,200,0.8,0.5,0.4,1.0,1141292.204375,185125.43610923222,31416.34547785065,1.4625138159899507,0.006366112829418853
Standard_GA_Ablation,rosenbrock,50,128,200,0.8,0.5,0.3,0.5,1141292.204375,185125.43610923222,31210.51610508171,1.5096726299962029,0.00640809653152246
Standard_GA_Ablation,rosenbrock,50,128,200,0.8,0.5,0.3,0.7,1141292.204375,185125.43610923222,31486.619531494445,1.5289900730131194,0.006351904490729794
Standard_GA_Ablation,rosenbrock,50,128,200,0.8,0.5,0.3,0.8,1141292.204375,185125.43610923222,31373.634373577246,1.4767998479946982,0.0063747794603114015
Standard_GA_Ablation,rosenbrock,50,128,200,0.8,0.5,0.3,0.9,1141292.204375,185125.43610923222,31024.15938403588,1.4901814339973498,0.0064465888511040246
Standard_GA_Ablation,rosenbrock,50,128,200,0.8,0.5,0.3,1.0,1141292.204375,185125.43610923222,31458.019649390833,1.4977571000054013,0.006357679289067164
Standard_GA_Ablation,rosenbrock,50,128,200,0.8,0.5,0.6,0.5,1141292.204375,185125.43610923222,32212.900004282947,1.5012786939914804,0.006208692789950874
Standard_GA_Ablation,rosenbrock,50,128,200,0.8,0.5,0.6,0.7,1141292.204375,185125.43610923222,32681.224110770127,1.5137570610095281,0.006119721810973715
Standard_GA_Ablation,rosenbrock,50,128,200,0.8,0.5,0.6,0.8,1141292.204375,185125.43610923222,32626.563124185617,1.5052035319968127,0.006129974500800018
Standard_GA_Ablation,rosenbrock,50,128,200,0.8,0.5,0.6,0.9,1141292.204375,185125.43610923222,32480.66218648719,1.4784353219729383,0.006157509931654204
Standard_GA_Ablation,rosenbrock,50,128,200,0.8,0.5,0.6,1.0,1141292.204375,185125.43610923222,32306.829758168984,1.5394104119914118,0.006190641467983368
Standard_GA_Ablation,rosenbrock,50,128,200,0.8,0.5,0.7,0.5,1141292.204375,185125.43610923222,32600.893720599095,1.619002007006202,0.006134801141161006
Standard_GA_Ablation,rosenbrock,50,128,200,0.8,0.5,0.7,0.7,1141292.204375,185125.43610923222,32014.510414894037,1.6019031729956623,0.006247167219116818
Standard_GA_Ablation,rosenbrock,50,128,200,0.8,0.5,0.7,0.8,1141292.204375,185125.43610923222,32076.91401559624,1.606753396015847,0.006235013751720544
Standard_GA_Ablation,rosenbrock,50,128,200,0.8,0.5,0.7,0.9,1141292.204375,185125.43610923222,32785.002151612774,1.616090804018313,0.0061003503698157146
Standard_GA_Ablation,rosenbrock,50,128,200,0.8,0.5,0.7,1.0,1141292.204375,185125.43610923222,32248.31537427939,1.6137891490070615,0.00620187435153639
Standard_GA_Ablation,rosenbrock,50,128,200,0.8,0.8,0.5,0.5,1141292.204375,185125.43610923222,31235.15276722948,1.394733349996386,0.006403042158635799
Standard_GA_Ablation,rosenbrock,50,128,200,0.8,0.8,0.5,0.7,1141292.204375,185125.43610923222,31578.109682207603,1.406547810009215,0.0063335013404139315
Standard_GA_Ablation,rosenbrock,50,128,200,0.8,0.8,0.5,0.8,1141292.204375,185125.43610923222,31444.043794431418,1.397237036988372,0.0063605050707701595
Standard_GA_Ablation,rosenbrock,50,128,200,0.8,0.8,0.5,0.9,1141292.204375,185125.43610923222,31374.74200623027,1.3719900739961304,0.006374554409412667
Standard_GA_Ablation,rosenbrock,50,128,200,0.8,0.8,0.5,1.0,1141292.204375,185125.43610923222,31714.26623243757,1.3397043829900213,0.00630631018022541
Standard_GA_Ablation,rosenbrock,50,128,200,0.8,0.8,0.2,0.5,1141292.204375,185125.43610923222,31048.006133033083,1.4557382600032724,0.006441637480456848
Standard_GA_Ablation,rosenbrock,50,128,200,0.8,0.8,0.2,0.7,1141292.204375,185125.43610923222,31327.05172370418,1.4759867890097667,0.0063842586198006755
Standard_GA_Ablation,rosenbrock,50,128,200,0.8,0.8,0.2,0.8,1141292.204375,185125.43610923222,31133.219725803105,1.5135820079885889,0.00642400631099008
Standard_GA_Ablation,rosenbrock,50,128,200,0.8,0.8,0.2,0.9,1141292.204375,185125.43610923222,30939.66673047387,1.4574208370177075,0.006464193740102928
Standard_GA_Ablation,rosenbrock,50,128,200,0.8,0.8,0.2,1.0,1141292.204375,185125.43610923222,31372.917128154113,1.4697122809884604,0.0063749252000707204
Standard_GA_Ablation,rosenbrock,50,128,200,0.8,0.8,0.4,0.5,1141292.204375,185125.43610923222,31864.98475239526,1.4696304500102997,0.006276481898676138
Standard_GA_Ablation,rosenbrock,50,128,200,0.8,0.8,0.4,0.7,1141292.204375,185125.43610923222,31833.976789607234,1.4739572489925195,0.006282595521188341
Standard_GA_Ablation,rosenbrock,50,128,200,0.8,0.8,0.4,0.8,1141292.204375,185125.43610923222,31565.230321116753,1.4695907439745497,0.006336085558868945
Standard_GA_Ablation,rosenbrock,50,128,200,0.8,0.8,0.4,0.9,1141292.204375,185125.43610923222,31490.414410954396,1.484908512007678,0.006351139028847683
Standard_GA_Ablation,rosenbrock,50,128,200,0.8,0.8,0.4,1.0,1141292.204375,185125.43610923222,31654.763976504026,1.4873097559902817,0.006318164310068823
Standard_GA_Ablation,rosenbrock,50,128,200,0.8,0.8,0.3,0.5,1141292.204375,185125.43610923222,31635.642889974886,1.499275863985531,0.006321983109228313
Standard_GA_Ablation,rosenbrock,50,128,200,0.8,0.8,0.3,0.7,1141292.204375,185125.43610923222,31327.225039112574,1.5648311280237976,0.006384223299392033
Standard_GA_Ablation,rosenbrock,50,128,200,0.8,0.8,0.3,0.8,1141292.204375,185125.43610923222,31411.37757464526,1.4767790570040233,0.006367119669448584
Standard_GA_Ablation,rosenbrock,50,128,200,0.8,0.8,0.3,0.9,1141292.204375,185125.43610923222,31717.158751699266,1.5302815150062088,0.00630573506176006
Standard_GA_Ablation,rosenbrock,50,128,200,0.8,0.8,0.3,1.0,1141292.204375,185125.43610923222,31649.93159837422,1.507201899017673,0.006319128980685491
Standard_GA_Ablation,rosenbrock,50,128,200,0.8,0.8,0.6,0.5,1141292.204375,185125.43610923222,32810.73634267841,1.5085919899865985,0.006095565729192458
Standard_GA_Ablation,rosenbrock,50,128,200,0.8,0.8,0.6,0.7,1141292.204375,185125.43610923222,32749.46940389673,1.5308380940114148,0.006106969170505181
Standard_GA_Ablation,rosenbrock,50,128,200,0.8,0.8,0.6,0.8,1141292.204375,185125.43610923222,32271.32208459599,1.4887413480028044,0.006197452942142263
Standard_GA_Ablation,rosenbrock,50,128,200,0.8,0.8,0.6,0.9,1141292.204375,185125.43610923222,32377.58486472904,1.5015262450033333,0.0061771129883709365
Standard_GA_Ablation,rosenbrock,50,128,200,0.8,0.8,0.6,1.0,1141292.204375,185125.43610923222,33016.20667226587,1.5079272839939222,0.00605763108964311
Standard_GA_Ablation,rosenbrock,50,128,200,0.8,0.8,0.7,0.5,1141292.204375,185125.43610923222,32482.033489882688,3.5837069409899414,0.006157249978277832
Standard_GA_Ablation,rosenbrock,50,128,200,0.8,0.8,0.7,0.7,1141292.204375,185125.43610923222,32619.48249383192,1.5779086499824189,0.00613130511919735
Standard_GA_Ablation,rosenbrock,50,128,200,0.8,0.8,0.7,0.8,1141292.204375,185125.43610923222,32941.73001181645,1.5486758880142588,0.006071326549281366
Standard_GA_Ablation,rosenbrock,50,128,200,0.8,0.8,0.7,0.9,1141292.204375,185125.43610923222,32525.04351967853,1.5927909250021912,0.00614910783682717
Standard_GA_Ablation,rosenbrock,50,128,200,0.8,0.8,0.7,1.0,1141292.204375,185125.43610923222,32363.78604663581,1.617851139017148,0.006179746699344833
Standard_GA_Ablation,rosenbrock,50,128,200,0.8,1.0,0.5,0.5,1141292.204375,185125.43610923222,31883.72027798898,1.344409782992443,0.006272793709649704
Standard_GA_Ablation,rosenbrock,50,128,200,0.8,1.0,0.5,0.7,1141292.204375,185125.43610923222,31800.5137457557,1.3403957980044652,0.006289206570654642
Standard_GA_Ablation,rosenbrock,50,128,200,0.8,1.0,0.5,0.8,1141292.204375,185125.43610923222,31304.264378363077,1.3765197989996523,0.006388905919739046
Standard_GA_Ablation,rosenbrock,50,128,200,0.8,1.0,0.5,0.9,1141292.204375,185125.43610923222,31614.171048396878,1.3443739580106921,0.00632627689949004
Standard_GA_Ablation,rosenbrock,50,128,200,0.8,1.0,0.5,1.0,1141292.204375,185125.43610923222,32022.489843964737,1.3848272189788986,0.006245610537298489
Standard_GA_Ablation,rosenbrock,50,128,200,0.8,1.0,0.2,0.5,1141292.204375,185125.43610923222,30979.239744323764,1.4471973240142688,0.006455936351267155
Standard_GA_Ablation,rosenbrock,50,128,200,0.8,1.0,0.2,0.7,1141292.204375,185125.43610923222,30814.349995094057,1.4859741300169844,0.006490482519729994
Standard_GA_Ablation,rosenbrock,50,128,200,0.8,1.0,0.2,0.8,1141292.204375,185125.43610923222,31345.34940997356,1.444831808010349,0.0063805318417144005
Standard_GA_Ablation,rosenbrock,50,128,200,0.8,1.0,0.2,0.9,1141292.204375,185125.43610923222,31244.012719482234,1.4923266650002915,0.0064012264300254175
Standard_GA_Ablation,rosenbrock,50,128,200,0.8,1.0,0.2,1.0,1141292.204375,185125.43610923222,31806.027358337702,1.502973438007757,0.006288116329233162
Standard_GA_Ablation,rosenbrock,50,128,200,0.8,1.0,0.4,0.5,1141292.204375,185125.43610923222,31484.736331191936,1.5047507679846603,0.006352284417953342
Standard_GA_Ablation,rosenbrock,50,128,200,0.8,1.0,0.4,0.7,1141292.204375,185125.43610923222,31787.86311120248,1.4704581969999708,0.0062917094898875805
Standard_GA_Ablation,rosenbrock,50,128,200,0.8,1.0,0.4,0.8,1141292.204375,185125.43610923222,31622.01192877496,1.450268701009918,0.006324708258616738
Standard_GA_Ablation,rosenbrock,50,128,200,0.8,1.0,0.4,0.9,1141292.204375,185125.43610923222,31691.032818218053,1.4974058470106684,0.006310933479107916
Standard_GA_Ablation,rosenbrock,50,128,200,0.8,1.0,0.4,1.0,1141292.204375,185125.43610923222,31129.946189490525,1.514147836016491,0.006424681841162965
Standard_GA_Ablation,rosenbrock,50,128,200,0.8,1.0,0.3,0.5,1141292.204375,185125.43610923222,31009.584154297136,1.4568737089866772,0.0064496188986231575
Standard_GA_Ablation,rosenbrock,50,128,200,0.8,1.0,0.3,0.7,1141292.204375,185125.43610923222,31063.1987730705,1.4561782219971064,0.00643848695239285
Standard_GA_Ablation,rosenbrock,50,128,200,0.8,1.0,0.3,0.8,1141292.204375,185125.43610923222,31315.19977441977,1.5111245359876193,0.006386674887617119
Standard_GA_Ablation,rosenbrock,50,128,200,0.8,1.0,0.3,0.9,1141292.204375,185125.43610923222,30773.16244503563,1.5146318639745004,0.006499169539602008
Standard_GA_Ablation,rosenbrock,50,128,200,0.8,1.0,0.3,1.0,1141292.204375,185125.43610923222,31250.23803578967,1.5065572510065977,0.0063999512506416065
Standard_GA_Ablation,rosenbrock,50,128,200,0.8,1.0,0.6,0.5,1141292.204375,185125.43610923222,31486.588660900434,1.5629072139854543,0.006351910718367435
Standard_GA_Ablation,rosenbrock,50,128,200,0.8,1.0,0.6,0.7,1141292.204375,185125.43610923222,31987.091143540343,1.503638817986939,0.0062525222785188815
Standard_GA_Ablation,rosenbrock,50,128,200,0.8,1.0,0.6,0.8,1141292.204375,185125.43610923222,32380.445309980212,1.4852051310008392,0.006176567310467363
Standard_GA_Ablation,rosenbrock,50,128,200,0.8,1.0,0.6,0.9,1141292.204375,185125.43610923222,32315.22399974039,1.5351825749967247,0.006189033379487227
Standard_GA_Ablation,rosenbrock,50,128,200,0.8,1.0,0.6,1.0,1141292.204375,185125.43610923222,32277.643398907217,1.5302925260039046,0.006196239221317228
Standard_GA_Ablation,rosenbrock,50,128,200,0.8,1.0,0.7,0.5,1141292.204375,185125.43610923222,32455.690517268744,1.5584343390073627,0.006162247569300235
Standard_GA_Ablation,rosenbrock,50,128,200,0.8,1.0,0.7,0.7,1141292.204375,185125.43610923222,32215.60533876571,1.6123841709923,0.006208171409380157
Standard_GA_Ablation,rosenbrock,50,128,200,0.8,1.0,0.7,0.8,1141292.204375,185125.43610923222,32410.681975358006,1.603386863018386,0.006170805049769115
Standard_GA_Ablation,rosenbrock,50,128,200,0.8,1.0,0.7,0.9,1141292.204375,185125.43610923222,32524.45290429786,1.578377747995546,0.006149219499202445
Standard_GA_Ablation,rosenbrock,50,128,200,0.8,1.0,0.7,1.0,1141292.204375,185125.43610923222,32522.621621759234,1.5761375110014342,0.006149565749219619
Standard_GA_Ablation,rosenbrock,50,128,200,0.9,0.5,0.5,0.5,1141292.204375,185125.43610923222,31616.588766876608,1.3347643459856045,0.006325793129508384
Standard_GA_Ablation,rosenbrock,50,128,200,0.9,0.5,0.5,0.7,1141292.204375,185125.43610923222,32033.501807169476,1.3468939209997188,0.006243463521532249
Standard_GA_Ablation,rosenbrock,50,128,200,0.9,0.5,0.5,0.8,1141292.204375,185125.43610923222,31606.59129179091,1.3367372720094863,0.006327794039971195
Standard_GA_Ablation,rosenbrock,50,128,200,0.9,0.5,0.5,0.9,1141292.204375,185125.43610923222,31755.99123034767,1.314854097989155,0.0062980241602053864
Standard_GA_Ablation,rosenbrock,50,128,200,0.9,0.5,0.5,1.0,1141292.204375,185125.43610923222,31664.43064565794,1.3292737869778648,0.006316235470585525
Standard_GA_Ablation,rosenbrock,50,128,200,0.9,0.5,0.2,0.5,1141292.204375,185125.43610923222,31448.51506957001,1.4273138050048146,0.00635960074927425
Standard_GA_Ablation,rosenbrock,50,128,200,0.9,0.5,0.2,0.7,1141292.204375,185125.43610923222,31447.745045717525,1.537167315982515,0.006359756469319109
Standard_GA_Ablation,rosenbrock,50,128,200,0.9,0.5,0.2,0.8,1141292.204375,185125.43610923222,31233.619479949073,1.4415415750117972,0.0064033564899000335
Standard_GA_Ablation,rosenbrock,50,128,200,0.9,0.5,0.2,0.9,1141292.204375,185125.43610923222,30927.612790193965,1.489976068987744,0.0064667131393798625
Standard_GA_Ablation,rosenbrock,50,128,200,0.9,0.5,0.2,1.0,1141292.204375,185125.43610923222,31229.04248722955,1.4250743800075725,0.006404294979001861
Standard_GA_Ablation,rosenbrock,50,128,200,0.9,0.5,0.4,0.5,1141292.204375,185125.43610923222,31000.505845538486,1.4389260829775594,0.006451507630117703
Standard_GA_Ablation,rosenbrock,50,128,200,0.9,0.5,0.4,0.7,1141292.204375,185125.43610923222,31336.493821188717,1.5092590599961113,0.006382334958761931
Standard_GA_Ablation,rosenbrock,50,128,200,0.9,0.5,0.4,0.8,1141292.204375,185125.43610923222,31470.656245741644,1.4502017390041146,0.006355126452981494
Standard_GA_Ablation,rosenbrock,50,128,200,0.9,0.5,0.4,0.9,1141292.204375,185125.43610923222,31284.21339340227,1.499010659987107,0.006393000759999268
Standard_GA_Ablation,rosenbrock,50,128,200,0.9,0.5,0.4,1.0,1141292.204375,185125.43610923222,31578.86635768951,1.5124374000006355,0.006333349580527284
Standard_GA_Ablation,rosenbrock,50,128,200,0.9,0.5,0.3,0.5,1141292.204375,185125.43610923222,31814.97196016721,1.48878036197857,0.006286348460416775
Standard_GA_Ablation,rosenbrock,50,128,200,0.9,0.5,0.3,0.7,1141292.204375,185125.43610923222,31512.223661775486,1.4377333559968974,0.006346743477915879
Standard_GA_Ablation,rosenbrock,50,128,200,0.9,0.5,0.3,0.8,1141292.204375,185125.43610923222,31589.220552170846,1.4658965139824431,0.006331273659307044
Standard_GA_Ablation,rosenbrock,50,128,200,0.9,0.5,0.3,0.9,1141292.204375,185125.43610923222,31302.180240306952,1.4678787919983733,0.006389331301033962
Standard_GA_Ablation,rosenbrock,50,128,200,0.9,0.5,0.3,1.0,1141292.204375,185125.43610923222,31689.528263610253,1.471384472999489,0.006311233109445311
Standard_GA_Ablation,rosenbrock,50,128,200,0.9,0.5,0.6,0.5,1141292.204375,185125.43610923222,32598.181592329536,1.5286107379943132,0.006135311549005564
Standard_GA_Ablation,rosenbrock,50,128,200,0.9,0.5,0.6,0.7,1141292.204375,185125.43610923222,32376.753624276895,1.5218220559763722,0.00617727157950867
Standard_GA_Ablation,rosenbrock,50,128,200,0.9,0.5,0.6,0.8,1141292.204375,185125.43610923222,32974.989507654645,1.4847896359860897,0.006065202839672565
Standard_GA_Ablation,rosenbrock,50,128,200,0.9,0.5,0.6,0.9,1141292.204375,185125.43610923222,32330.70728134085,1.4574437319824938,0.006186069431132637
Standard_GA_Ablation,rosenbrock,50,128,200,0.9,0.5,0.6,1.0,1141292.204375,185125.43610923222,31975.527466176623,1.475401225994574,0.006254783449985552
Standard_GA_Ablation,rosenbrock,50,128,200,0.9,0.5,0.7,0.5,1141292.204375,185125.43610923222,32255.985670765185,1.5734974520164542,0.0062003995798295365
Standard_GA_Ablation,rosenbrock,50,128,200,0.9,0.5,0.7,0.7,1141292.204375,185125.43610923222,32560.77934244135,1.601702704996569,0.006142359121586196
Standard_GA_Ablation,rosenbrock,50,128,200,0.9,0.5,0.7,0.8,1141292.204375,185125.43610923222,32114.45674151458,1.6228926359908655,0.006227724840864539
Standard_GA_Ablation,rosenbrock,50,128,200,0.9,0.5,0.7,0.9,1141292.204375,185125.43610923222,33307.95655798033,1.6113588669977617,0.006004571299708914
Standard_GA_Ablation,rosenbrock,50,128,200,0.9,0.5,0.7,1.0,1141292.204375,185125.43610923222,33272.69279633504,1.5936635049874894,0.00601093519013375
Standard_GA_Ablation,rosenbrock,50,128,200,0.9,0.8,0.5,0.5,1141292.204375,185125.43610923222,32391.43515113896,1.3859782489889767,0.0061744717104011216
Standard_GA_Ablation,rosenbrock,50,128,200,0.9,0.8,0.5,0.7,1141292.204375,185125.43610923222,32176.918827139365,1.3880529909802135,0.0062156355328625065
Standard_GA_Ablation,rosenbrock,50,128,200,0.9,0.8,0.5,0.8,1141292.204375,185125.43610923222,31894.550231149533,1.3320395280024968,0.006270663751347456
Standard_GA_Ablation,rosenbrock,50,128,200,0.9,0.8,0.5,0.9,1141292.204375,185125.43610923222,31863.160314062985,1.3470579340064432,0.006276841280923691
Standard_GA_Ablation,rosenbrock,50,128,200,0.9,0.8,0.5,1.0,1141292.204375,185125.43610923222,32337.84328087995,1.3452133260143455,0.006184704349725507
Standard_GA_Ablation,rosenbrock,50,128,200,0.9,0.8,0.2,0.5,1141292.204375,185125.43610923222,31406.898517066973,1.4242187780037057,0.006368027708667796
Standard_GA_Ablation,rosenbrock,50,128,200,0.9,0.8,0.2,0.7,1141292.204375,185125.43610923222,31468.76835871536,1.4489268100005575,0.006355507712287363
Standard_GA_Ablation,rosenbrock,50,128,200,0.9,0.8,0.2,0.8,1141292.204375,185125.43610923222,31733.99226991153,1.522809457994299,0.006302390140481293
Standard_GA_Ablation,rosenbrock,50,128,200,0.9,0.8,0.2,0.9,1141292.204375,185125.43610923222,31806.64592565474,1.4974277679866645,0.006287994039594196
Standard_GA_Ablation,rosenbrock,50,128,200,0.9,0.8,0.2,1.0,1141292.204375,185125.43610923222,32123.353982829234,1.4884002530016005,0.006225999940943439
Standard_GA_Ablation,rosenbrock,50,128,200,0.9,0.8,0.4,0.5,1141292.204375,185125.43610923222,31870.53922174505,1.4992200290143955,0.0062753880192758515
Standard_GA_Ablation,rosenbrock,50,128,200,0.9,0.8,0.4,0.7,1141292.204375,185125.43610923222,31544.26143769674,1.5048754559829831,0.006340297438728157
Standard_GA_Ablation,rosenbrock,50,128,200,0.9,0.8,0.4,0.8,1141292.204375,185125.43610923222,31843.156401297045,1.4913258540036622,0.006280784400878474
Standard_GA_Ablation,rosenbrock,50,128,200,0.9,0.8,0.4,0.9,1141292.204375,185125.43610923222,32005.966421080808,1.4963014399982058,0.006248834900616202
Standard_GA_Ablation,rosenbrock,50,128,200,0.9,0.8,0.4,1.0,1141292.204375,185125.43610923222,31763.21867479171,1.4723021670070011,0.006296591099526267
Standard_GA_Ablation,rosenbrock,50,128,200,0.9,0.8,0.3,0.5,1141292.204375,185125.43610923222,31655.373609057082,1.5126278040115722,0.006318042632192373
Standard_GA_Ablation,rosenbrock,50,128,200,0.9,0.8,0.3,0.7,1141292.204375,185125.43610923222,31397.281953420865,1.4416650460043456,0.006369978149596136
Standard_GA_Ablation,rosenbrock,50,128,200,0.9,0.8,0.3,0.8,1141292.204375,185125.43610923222,30684.81127854982,1.4637119249964599,0.006517882680927869
Standard_GA_Ablation,rosenbrock,50,128,200,0.9,0.8,0.3,0.9,1141292.204375,185125.43610923222,30688.025917793573,1.4766853410110343,0.006517199918162078
Standard_GA_Ablation,rosenbrock,50,128,200,0.9,0.8,0.3,1.0,1141292.204375,185125.43610923222,31036.177513547747,1.4833586239838041,0.006444092540477868
Standard_GA_Ablation,rosenbrock,50,128,200,0.9,0.8,0.6,0.5,1141292.204375,185125.43610923222,31633.918072786993,1.5424946800048929,0.0063223278109217065
Standard_GA_Ablation,rosenbrock,50,128,200,0.9,0.8,0.6,0.7,1141292.204375,185125.43610923222,32186.64706483436,1.512039722991176,0.006213756891083904
Standard_GA_Ablation,rosenbrock,50,128,200,0.9,0.8,0.6,0.8,1141292.204375,185125.43610923222,32251.725809184147,1.5654362630157266,0.006201218538917601
Standard_GA_Ablation,rosenbrock,50,128,200,0.9,0.8,0.6,0.9,1141292.204375,185125.43610923222,32387.201592407204,1.5061575699946843,0.006175278818991501
Standard_GA_Ablation,rosenbrock,50,128,200,0.9,0.8,0.6,1.0,1141292.204375,185125.43610923222,32048.591562535254,1.5184156019822694,0.006240523849846795
Standard_GA_Ablation,rosenbrock,50,128,200,0.9,0.8,0.7,0.5,1141292.204375,185125.43610923222,32920.96412385562,1.6170492020028178,0.006075156221049838
Standard_GA_Ablation,rosenbrock,50,128,200,0.9,0.8,0.7,0.7,1141292.204375,185125.43610923222,32148.027677920265,1.6250693010224495,0.006221221469750162
Standard_GA_Ablation,rosenbrock,50,128,200,0.9,0.8,0.7,0.8,1141292.204375,185125.43610923222,32261.31264765456,1.5935736779938452,0.00619937577197561
Standard_GA_Ablation,rosenbrock,50,128,200,0.9,0.8,0.7,0.9,1141292.204375,185125.43610923222,32523.25334849731,1.569212836009683,0.00614944630098762
Standard_GA_Ablation,rosenbrock,50,128,200,0.9,0.8,0.7,1.0,1141292.204375,185125.43610923222,32649.993509481556,1.6407116070040502,0.006125575490295887
Standard_GA_Ablation,rosenbrock,50,128,200,0.9,1.0,0.5,0.5,1141292.204375,185125.43610923222,31881.24247405431,1.3603364469890948,0.006273281229950954
Standard_GA_Ablation,rosenbrock,50,128,200,0.9,1.0,0.5,0.7,1141292.204375,185125.43610923222,31929.8709307269,1.3666209570073988,0.0062637271673884245
Standard_GA_Ablation,rosenbrock,50,128,200,0.9,1.0,0.5,0.8,1141292.204375,185125.43610923222,32033.317212676768,1.3407815879909322,0.006243499499978497
Standard_GA_Ablation,rosenbrock,50,128,200,0.9,1.0,0.5,0.9,1141292.204375,185125.43610923222,31981.182477424943,1.3481414019770455,0.0062536774598993365
Standard_GA_Ablation,rosenbrock,50,128,200,0.9,1.0,0.5,1.0,1141292.204375,185125.43610923222,31768.83142736669,1.3565172599919606,0.006295478650426958
Standard_GA_Ablation,rosenbrock,50,128,200,0.9,1.0,0.2,0.5,1141292.204375,185125.43610923222,31031.331230723157,1.4922152999788523,0.00644509893929353
Standard_GA_Ablation,rosenbrock,50,128,200,0.9,1.0,0.2,0.7,1141292.204375,185125.43610923222,30985.49306933409,1.4866372630058322,0.006454633449029643
Standard_GA_Ablation,rosenbrock,50,128,200,0.9,1.0,0.2,0.8,1141292.204375,185125.43610923222,31620.562956431204,1.472967413981678,0.006324998080381192
Standard_GA_Ablation,rosenbrock,50,128,200,0.9,1.0,0.2,0.9,1141292.204375,185125.43610923222,31241.939972343378,1.458948365994729,0.006401651119522285
Standard_GA_Ablation,rosenbrock,50,128,200,0.9,1.0,0.2,1.0,1141292.204375,185125.43610923222,31458.27200024158,1.4661653740040492,0.006357628289260901
Standard_GA_Ablation,rosenbrock,50,128,200,0.9,1.0,0.4,0.5,1141292.204375,185125.43610923222,31257.447226973643,1.4944275240122806,0.006398475171299651
Standard_GA_Ablation,rosenbrock,50,128,200,0.9,1.0,0.4,0.7,1141292.204375,185125.43610923222,30751.15619165355,1.4737456029979512,0.00650382049876498
Standard_GA_Ablation,rosenbrock,50,128,200,0.9,1.0,0.4,0.8,1141292.204375,185125.43610923222,30867.971381194096,1.4960655850009061,0.006479207769443746
Standard_GA_Ablation,rosenbrock,50,128,200,0.9,1.0,0.4,0.9,1141292.204375,185125.43610923222,30942.165092776315,1.4705987880006433,0.006463671801902819
Standard_GA_Ablation,rosenbrock,50,128,200,0.9,1.0,0.4,1.0,1141292.204375,185125.43610923222,31007.599686379494,1.4968104480067268,0.006450031670392491
Standard_GA_Ablation,rosenbrock,50,128,200,0.9,1.0,0.3,0.5,1141292.204375,185125.43610923222,30934.272585283554,1.45691848298884,0.006465320930001326
Standard_GA_Ablation,rosenbrock,50,128,200,0.9,1.0,0.3,0.7,1141292.204375,185125.43610923222,30963.445075644217,1.513624485989567,0.006459229569300078
Standard_GA_Ablation,rosenbrock,50,128,200,0.9,1.0,0.3,0.8,1141292.204375,185125.43610923222,30986.510280805458,1.4745897889952175,0.0064544215591740796
Standard_GA_Ablation,rosenbrock,50,128,200,0.9,1.0,0.3,0.9,1141292.204375,185125.43610923222,31263.099045263978,1.4665139809949324,0.0063973184395581485
Standard_GA_Ablation,rosenbrock,50,128,200,0.9,1.0,0.3,1.0,1141292.204375,185125.43610923222,31573.279795895334,1.500266377988737,0.0063344702005269935
Standard_GA_Ablation,rosenbrock,50,128,200,0.9,1.0,0.6,0.5,1141292.204375,185125.43610923222,32339.100345464838,1.5263195890001953,0.006184463941899594
Standard_GA_Ablation,rosenbrock,50,128,200,0.9,1.0,0.6,0.7,1141292.204375,185125.43610923222,32176.148609780677,1.5383102610066999,0.006215784319792874
Standard_GA_Ablation,rosenbrock,50,128,200,0.9,1.0,0.6,0.8,1141292.204375,185125.43610923222,32016.666194886253,1.4831638869945891,0.006246746578253806
Standard_GA_Ablation,rosenbrock,50,128,200,0.9,1.0,0.6,0.9,1141292.204375,185125.43610923222,31981.032845438607,1.5256158379779663,0.006253706719435286
Standard_GA_Ablation,rosenbrock,50,128,200,0.9,1.0,0.6,1.0,1141292.204375,185125.43610923222,32665.54111674427,1.5634783109999262,0.006122659939574077
Standard_GA_Ablation,rosenbrock,50,128,200,0.9,1.0,0.7,0.5,1141292.204375,185125.43610923222,32751.468400723945,1.6173181530029979,0.006106596429599449
Standard_GA_Ablation,rosenbrock,50,128,200,0.9,1.0,0.7,0.7,1141292.204375,185125.43610923222,32886.90841086945,1.599562760005938,0.006081447289034259
Standard_GA_Ablation,rosenbrock,50,128,200,0.9,1.0,0.7,0.8,1141292.204375,185125.43610923222,32801.36318149758,1.5853955899947323,0.006097307568998076
Standard_GA_Ablation,rosenbrock,50,128,200,0.9,1.0,0.7,0.9,1141292.204375,185125.43610923222,32164.42401119634,1.550373011996271,0.006218050101888366
Standard_GA_Ablation,rosenbrock,50,128,200,0.9,1.0,0.7,1.0,1141292.204375,185125.43610923222,32123.875530205176,1.5981446350051556,0.006225898858683649
Standard_GA_Ablation,rosenbrock,50,128,200,1.0,0.5,0.5,0.5,1141292.204375,185125.43610923222,32560.880342181816,1.3094259040080942,0.006142340068763587
Standard_GA_Ablation,rosenbrock,50,128,200,1.0,0.5,0.5,0.7,1141292.204375,185125.43610923222,32295.237278192715,1.3939097589754965,0.006192863618780393
Standard_GA_Ablation,rosenbrock,50,128,200,1.0,0.5,0.5,0.8,1141292.204375,185125.43610923222,31601.35123100004,1.3561974140175153,0.006328843299706932
Standard_GA_Ablation,rosenbrock,50,128,200,1.0,0.5,0.5,0.9,1141292.204375,185125.43610923222,31167.34774879062,1.3367264090047684,0.006416972070001066
Standard_GA_Ablation,rosenbrock,50,128,200,1.0,0.5,0.5,1.0,1141292.204375,185125.43610923222,31456.134607146483,1.329939119023038,0.0063580602797446775
Standard_GA_Ablation,rosenbrock,50,128,200,1.0,0.5,0.2,0.5,1141292.204375,185125.43610923222,31053.31128128724,1.4801966160011943,0.006440536990994588
Standard_GA_Ablation,rosenbrock,50,128,200,1.0,0.5,0.2,0.7,1141292.204375,185125.43610923222,31026.16848446585,1.5010803359909914,0.006446171402058098
Standard_GA_Ablation,rosenbrock,50,128,200,1.0,0.5,0.2,0.8,1141292.204375,185125.43610923222,31361.008316331838,1.4939968829858117,0.006377345969958696
Standard_GA_Ablation,rosenbrock,50,128,200,1.0,0.5,0.2,0.9,1141292.204375,185125.43610923222,31317.566468718014,1.5197151890024543,0.006386192241334357
Standard_GA_Ablation,rosenbrock,50,128,200,1.0,0.5,0.2,1.0,1141292.204375,185125.43610923222,31308.828256848603,1.5280568470188882,0.00638797461084323
Standard_GA_Ablation,rosenbrock,50,128,200,1.0,0.5,0.4,0.5,1141292.204375,185125.43610923222,30908.47822063362,1.4859584360092413,0.006470716499607078
Standard_GA_Ablation,rosenbrock,50,128,200,1.0,0.5,0.4,0.7,1141292.204375,185125.43610923222,30920.58450878809,1.4986716459970921,0.00646818303008331
Standard_GA_Ablation,rosenbrock,50,128,200,1.0,0.5,0.4,0.8,1141292.204375,185125.43610923222,31121.287172811848,1.5496973520203028,0.006426469409489073
Standard_GA_Ablation,rosenbrock,50,128,200,1.0,0.5,0.4,0.9,1141292.204375,185125.43610923222,31435.685238852966,1.5353257209935691,0.0063621962899924256
Standard_GA_Ablation,rosenbrock,50,128,200,1.0,0.5,0.4,1.0,1141292.204375,185125.43610923222,31759.119530252225,1.4813891729863826,0.006297403799544554
Standard_GA_Ablation,rosenbrock,50,128,200,1.0,0.5,0.3,0.5,1141292.204375,185125.43610923222,30959.897046389036,1.4712937799922656,0.006459969802235719
Standard_GA_Ablation,rosenbrock,50,128,200,1.0,0.5,0.3,0.7,1141292.204375,185125.43610923222,31265.834930787503,1.5131048939947505,0.006396758648625109
Standard_GA_Ablation,rosenbrock,50,128,200,1.0,0.5,0.3,0.8,1141292.204375,185125.43610923222,31114.300486423333,1.4350624879880343,0.006427912467042916
Standard_GA_Ablation,rosenbrock,50,128,200,1.0,0.5,0.3,0.9,1141292.204375,185125.43610923222,30932.405921176083,1.468153423978947,0.006465711089840624
Standard_GA_Ablation,rosenbrock,50,128,200,1.0,0.5,0.3,1.0,1141292.204375,185125.43610923222,31188.46914902038,1.507207902992377,0.006412626379460562
Standard_GA_Ablation,rosenbrock,50,128,200,1.0,0.5,0.6,0.5,1141292.204375,185125.43610923222,33129.60724001529,1.5044064730172977,0.006036896198347677
Standard_GA_Ablation,rosenbrock,50,128,200,1.0,0.5,0.6,0.7,1141292.204375,185125.43610923222,32814.088558023956,1.492890561989043,0.00609494301956147
Standard_GA_Ablation,rosenbrock,50,128,200,1.0,0.5,0.6,0.8,1141292.204375,185125.43610923222,32427.060178030442,1.5236856389965396,0.006167688310379163
Standard_GA_Ablation,rosenbrock,50,128,200,1.0,0.5,0.6,0.9,1141292.204375,185125.43610923222,32535.67077000377,1.5499517299758736,0.0061470993302646095
Standard_GA_Ablation,rosenbrock,50,128,200,1.0,0.5,0.6,1.0,1141292.204375,185125.43610923222,32535.940863661013,1.5278905419982038,0.0061470483007724395
Standard_GA_Ablation,rosenbrock,50,128,200,1.0,0.5,0.7,0.5,1141292.204375,185125.43610923222,32355.868740367176,1.6329514049866702,0.006181258849974256
Standard_GA_Ablation,rosenbrock,50,128,200,1.0,0.5,0.7,0.7,1141292.204375,185125.43610923222,32657.09881720943,1.633638206985779,0.006124242729565594
Standard_GA_Ablation,rosenbrock,50,128,200,1.0,0.5,0.7,0.8,1141292.204375,185125.43610923222,32631.486194496738,1.5922861290164292,0.006129049679439049
Standard_GA_Ablation,rosenbrock,50,128,200,1.0,0.5,0.7,0.9,1141292.204375,185125.43610923222,32585.299874173754,1.5288143080251757,0.006137736978707835
Standard_GA_Ablation,rosenbrock,50,128,200,1.0,0.5,0.7,1.0,1141292.204375,185125.43610923222,32752.388447556765,1.604513958998723,0.006106424889294431
Standard_GA_Ablation,rosenbrock,50,128,200,1.0,0.8,0.5,0.5,1141292.204375,185125.43610923222,32062.186433027415,1.4041283809929155,0.006237877769744955
Standard_GA_Ablation,rosenbrock,50,128,200,1.0,0.8,0.5,0.7,1141292.204375,185125.43610923222,31614.860338312552,1.3475295770040248,0.006326138969452586
Standard_GA_Ablation,rosenbrock,50,128,200,1.0,0.8,0.5,0.8,1141292.204375,185125.43610923222,31613.1898565092,1.3249281260068528,0.0063264732508105225
Standard_GA_Ablation,rosenbrock,50,128,200,1.0,0.8,0.5,0.9,1141292.204375,185125.43610923222,31375.394962130376,1.3868175270035863,0.006374421748041641
Standard_GA_Ablation,rosenbrock,50,128,200,1.0,0.8,0.5,1.0,1141292.204375,185125.43610923222,31530.931176967395,1.3713245779799763,0.006342977911990602
Standard_GA_Ablation,rosenbrock,50,128,200,1.0,0.8,0.2,0.5,1141292.204375,185125.43610923222,31229.160388894525,1.4759588779998012,0.006404270800412632
Standard_GA_Ablation,rosenbrock,50,128,200,1.0,0.8,0.2,0.7,1141292.204375,185125.43610923222,31205.178918133355,1.517539216001751,0.006409192542196252
Standard_GA_Ablation,rosenbrock,50,128,200,1.0,0.8,0.2,0.8,1141292.204375,185125.43610923222,30895.00930236369,1.4541902329947334,0.006473537458514329
Standard_GA_Ablation,rosenbrock,50,128,200,1.0,0.8,0.2,0.9,1141292.204375,185125.43610923222,31005.75156107861,1.4810112680133898,0.006450416130246594
Standard_GA_Ablation,rosenbrock,50,128,200,1.0,0.8,0.2,1.0,1141292.204375,185125.43610923222,31142.928242022623,1.4398063109838404,0.00642200368718477
Standard_GA_Ablation,rosenbrock,50,128,200,1.0,0.8,0.4,0.5,1141292.204375,185125.43610923222,31152.12794320394,1.4879715409770142,0.006420107170997653
Standard_GA_Ablation,rosenbrock,50,128,200,1.0,0.8,0.4,0.7,1141292.204375,185125.43610923222,31597.79925501165,1.531886785000097,0.006329554738476873
Standard_GA_Ablation,rosenbrock,50,128,200,1.0,0.8,0.4,0.8,1141292.204375,185125.43610923222,31528.320982869616,1.5216210639919154,0.006343503039970528
Standard_GA_Ablation,rosenbrock,50,128,200,1.0,0.8,0.4,0.9,1141292.204375,185125.43610923222,31473.92774690093,1.454251994000515,0.006354465880722273
Standard_GA_Ablation,rosenbrock,50,128,200,1.0,0.8,0.4,1.0,1141292.204375,185125.43610923222,31254.71296404929,1.5288151600107085,0.006399034930509515
Standard_GA_Ablation,rosenbrock,50,128,200,1.0,0.8,0.3,0.5,1141292.204375,185125.43610923222,31164.920596405493,1.4693582190084271,0.006417471829627175
Standard_GA_Ablation,rosenbrock,50,128,200,1.0,0.8,0.3,0.7,1141292.204375,185125.43610923222,31840.923818165626,1.564262651023455,0.006281224789272528
Standard_GA_Ablation,rosenbrock,50,128,200,1.0,0.8,0.3,0.8,1141292.204375,185125.43610923222,31473.73161573438,1.5010586509888526,0.006354505479102954
Standard_GA_Ablation,rosenbrock,50,128,200,1.0,0.8,0.3,0.9,1141292.204375,185125.43610923222,31508.54777366531,1.467851077002706,0.006347483909339644
Standard_GA_Ablation,rosenbrock,50,128,200,1.0,0.8,0.3,1.0,1141292.204375,185125.43610923222,32218.983191995187,1.4839891959854867,0.006207520541793201
Standard_GA_Ablation,rosenbrock,50,128,200,1.0,0.8,0.6,0.5,1141292.204375,185125.43610923222,32589.721028482327,1.5500338040001225,0.006136904327140655
Standard_GA_Ablation,rosenbrock,50,128,200,1.0,0.8,0.6,0.7,1141292.204375,185125.43610923222,32557.22663769129,1.4927954169979785,0.006143029387167189
Standard_GA_Ablation,rosenbrock,50,128,200,1.0,0.8,0.6,0.8,1141292.204375,185125.43610923222,31913.62156263492,1.4696507249900606,0.00626691645156825
Standard_GA_Ablation,rosenbrock,50,128,200,1.0,0.8,0.6,0.9,1141292.204375,185125.43610923222,32470.541475245966,1.5013453580031637,0.006159429159888532
Standard_GA_Ablation,rosenbrock,50,128,200,1.0,0.8,0.6,1.0,1141292.204375,185125.43610923222,32635.403043335627,1.5306950920203235,0.0061283140807063315
Standard_GA_Ablation,rosenbrock,50,128,200,1.0,0.8,0.7,0.5,1141292.204375,185125.43610923222,32199.71126411509,3.823039801995037,0.006211235820082948
Standard_GA_Ablation,rosenbrock,50,128,200,1.0,0.8,0.7,0.7,1141292.204375,185125.43610923222,32605.274357031973,1.6002032800170127,0.006133976908458862
Standard_GA_Ablation,rosenbrock,50,128,200,1.0,0.8,0.7,0.8,1141292.204375,185125.43610923222,32675.15796214431,1.6292773080058396,0.006120857938367408
Standard_GA_Ablation,rosenbrock,50,128,200,1.0,0.8,0.7,0.9,1141292.204375,185125.43610923222,32098.289125064788,1.6091412520036101,0.006230861689255107
Standard_GA_Ablation,rosenbrock,50,128,200,1.0,0.8,0.7,1.0,1141292.204375,185125.43610923222,32317.131848705867,1.527215526002692,0.006188668008544482
Standard_GA_Ablation,rosenbrock,50,128,200,1.0,1.0,0.5,0.5,1141292.204375,185125.43610923222,32039.825908309067,1.3255600850097835,0.0062422311710543
Standard_GA_Ablation,rosenbrock,50,128,200,1.0,1.0,0.5,0.7,1141292.204375,185125.43610923222,32108.131550672577,1.3932496279885527,0.006228951681114267
Standard_GA_Ablation,rosenbrock,50,128,200,1.0,1.0,0.5,0.8,1141292.204375,185125.43610923222,31801.80777668085,1.3710573209973518,0.006288950659800321
Standard_GA_Ablation,rosenbrock,50,128,200,1.0,1.0,0.5,0.9,1141292.204375,185125.43610923222,32011.65350971455,1.3786036539822817,0.006247724752465728
Standard_GA_Ablation,rosenbrock,50,128,200,1.0,1.0,0.5,1.0,1141292.204375,185125.43610923222,31470.021472482917,1.3577399879868608,0.006355254640511703
Standard_GA_Ablation,rosenbrock,50,128,200,1.0,1.0,0.2,0.5,1141292.204375,185125.43610923222,31204.119611554182,1.462756980996346,0.006409410119231324
Standard_GA_Ablation,rosenbrock,50,128,200,1.0,1.0,0.2,0.7,1141292.204375,185125.43610923222,31091.474667615727,1.5074821419839282,0.006432631521602161
Standard_GA_Ablation,rosenbrock,50,128,200,1.0,1.0,0.2,0.8,1141292.204375,185125.43610923222,30870.65492642845,1.5288502179901116,0.006478644540475215
Standard_GA_Ablation,rosenbrock,50,128,200,1.0,1.0,0.2,0.9,1141292.204375,185125.43610923222,30975.93111320499,1.5148915780009702,0.006456625928985886
Standard_GA_Ablation,rosenbrock,50,128,200,1.0,1.0,0.2,1.0,1141292.204375,185125.43610923222,31759.345965720593,1.4772225299966522,0.006297358900774271
Standard_GA_Ablation,rosenbrock,50,128,200,1.0,1.0,0.4,0.5,1141292.204375,185125.43610923222,30985.091121495603,1.5204587469925173,0.006454717180458829
Standard_GA_Ablation,rosenbrock,50,128,200,1.0,1.0,0.4,0.7,1141292.204375,185125.43610923222,31131.97202903208,1.5301162090036087,0.006424263770168181
Standard_GA_Ablation,rosenbrock,50,128,200,1.0,1.0,0.4,0.8,1141292.204375,185125.43610923222,31110.22236001826,1.4802329569938593,0.006428755078813992
Standard_GA_Ablation,rosenbrock,50,128,200,1.0,1.0,0.4,0.9,1141292.204375,185125.43610923222,31580.38067225852,1.4832646019931417,0.006333045889332425
Standard_GA_Ablation,rosenbrock,50,128,200,1.0,1.0,0.4,1.0,1141292.204375,185125.43610923222,31945.686295206557,1.505377433000831,0.006260626181319822
Standard_GA_Ablation,rosenbrock,50,128,200,1.0,1.0,0.3,0.5,1141292.204375,185125.43610923222,31319.899458929853,1.4963705459958874,0.0063857165398076175
Standard_GA_Ablation,rosenbrock,50,128,200,1.0,1.0,0.3,0.7,1141292.204375,185125.43610923222,31791.79942440321,1.4530396170157474,0.0062909304795903155
Standard_GA_Ablation,rosenbrock,50,128,200,1.0,1.0,0.3,0.8,1141292.204375,185125.43610923222,31101.72843750821,1.4407816340099089,0.00643051078019198
Standard_GA_Ablation,rosenbrock,50,128,200,1.0,1.0,0.3,0.9,1141292.204375,185125.43610923222,30988.545386228325,1.5069982050044928,0.006453997679054737
Standard_GA_Ablation,rosenbrock,50,128,200,1.0,1.0,0.3,1.0,1141292.204375,185125.43610923222,31334.918947418366,1.5345469589810818,0.006382655730994884
Standard_GA_Ablation,rosenbrock,50,128,200,1.0,1.0,0.6,0.5,1141292.204375,185125.43610923222,31929.77783114973,1.5460818999854382,0.006263745430915151
Standard_GA_Ablation,rosenbrock,50,128,200,1.0,1.0,0.6,0.7,1141292.204375,185125.43610923222,31606.905471962174,1.5350419040187262,0.006327731140190735
Standard_GA_Ablation,rosenbrock,50,128,200,1.0,1.0,0.6,0.8,1141292.204375,185125.43610923222,32267.11826018275,1.5153509069932625,0.006198260358651168
Standard_GA_Ablation,rosenbrock,50,128,200,1.0,1.0,0.6,0.9,1141292.204375,185125.43610923222,31967.810768559062,1.5331163890077733,0.006256293289770838
Standard_GA_Ablation,rosenbrock,50,128,200,1.0,1.0,0.6,1.0,1141292.204375,185125.43610923222,32327.03152772508,1.5084561719850171,0.006186772819783073
Standard_GA_Ablation,rosenbrock,50,128,200,1.0,1.0,0.7,0.5,1141292.204375,185125.43610923222,32483.99789645509,1.6039260090037715,0.00615687763056485
Standard_GA_Ablation,rosenbrock,50,128,200,1.0,1.0,0.7,0.7,1141292.204375,185125.43610923222,32046.71241222489,1.648004293005215,0.006240889780747239
Standard_GA_Ablation,rosenbrock,50,128,200,1.0,1.0,0.7,0.8,1141292.204375,185125.43610923222,32520.234944992964,1.5751956400054041,0.006150017069012392
Standard_GA_Ablation,rosenbrock,50,128,200,1.0,1.0,0.7,0.9,1141292.204375,185125.43610923222,32202.034896540375,1.628777230012929,0.006210787630116101
Standard_GA_Ablation,rosenbrock,50,128,200,1.0,1.0,0.7,1.0,1141292.204375,185125.43610923222,32381.749895187342,1.6004396009957418,0.006176318470970728
Standard_GA_Ablation,schaffers_f7,50,128,200,0.8,0.5,0.5,0.5,66.01237483978271,2.7422447377563612,21709.05266090202,1.6136366819846444,0.009212746549746954
Standard_GA_Ablation,schaffers_f7,50,128,200,0.8,0.5,0.5,0.7,66.01237483978271,2.7422447377563612,21625.67024586756,1.6515485800046008,0.009248268272203859
Standard_GA_Ablation,schaffers_f7,50,128,200,0.8,0.5,0.5,0.8,66.01237483978271,2.7422447377563612,21414.376757493923,1.6453635130019393,0.009339519999339246
Standard_GA_Ablation,schaffers_f7,50,128,200,0.8,0.5,0.5,0.9,66.01237483978271,2.7422447377563612,21449.368329198056,1.6105917939858045,0.009324283910391386
Standard_GA_Ablation,schaffers_f7,50,128,200,0.8,0.5,0.5,1.0,66.01237483978271,2.7422447377563612,21634.25354575184,1.6212251340039074,0.009244599060330073
Standard_GA_Ablation,schaffers_f7,50,128,200,0.8,0.5,0.2,0.5,66.01237483978271,2.7422447377563612,23290.211781593327,1.8270509600115474,0.008587298470083625
Standard_GA_Ablation,schaffers_f7,50,128,200,0.8,0.5,0.2,0.7,66.01237483978271,2.7422447377563612,23126.34896243272,1.7637728079862427,0.008648144172038883
Standard_GA_Ablation,schaffers_f7,50,128,200,0.8,0.5,0.2,0.8,66.01237483978271,2.7422447377563612,22996.247763966232,1.7795662879943848,0.008697071020142175
Standard_GA_Ablation,schaffers_f7,50,128,200,0.8,0.5,0.2,0.9,66.01237483978271,2.7422447377563612,23311.268696938216,1.8373073769907933,0.008579541619983502
Standard_GA_Ablation,schaffers_f7,50,128,200,0.8,0.5,0.2,1.0,66.01237483978271,2.7422447377563612,23243.220775570022,1.7928545500035398,0.008604659480333794
Standard_GA_Ablation,schaffers_f7,50,128,200,0.8,0.5,0.4,0.5,66.01237483978271,2.7422447377563612,23245.96466474437,1.782602004997898,0.008603643810201901
Standard_GA_Ablation,schaffers_f7,50,128,200,0.8,0.5,0.4,0.7,66.01237483978271,2.7422447377563612,23053.32435097366,1.7442353020014707,0.008675538371608126
Standard_GA_Ablation,schaffers_f7,50,128,200,0.8,0.5,0.4,0.8,66.01237483978271,2.7422447377563612,23186.380155883344,1.7383050179923885,0.008625753509404603
Standard_GA_Ablation,schaffers_f7,50,128,200,0.8,0.5,0.4,0.9,66.01237483978271,2.7422447377563612,23113.55779876423,1.7318941080011427,0.0086529301002156
Standard_GA_Ablation,schaffers_f7,50,128,200,0.8,0.5,0.4,1.0,66.01237483978271,2.7422447377563612,23383.362119793248,1.7597832909959834,0.008553089969500433
Standard_GA_Ablation,schaffers_f7,50,128,200,0.8,0.5,0.3,0.5,66.01237483978271,2.7422447377563612,23308.356117099596,1.8017099419957958,0.008580613707599695
Standard_GA_Ablation,schaffers_f7,50,128,200,0.8,0.5,0.3,0.7,66.01237483978271,2.7422447377563612,23483.85890992454,1.7616577410080936,0.008516487889282871
Standard_GA_Ablation,schaffers_f7,50,128,200,0.8,0.5,0.3,0.8,66.01237483978271,2.7422447377563612,23242.962864193698,1.7774647049955092,0.00860475496039726
Standard_GA_Ablation,schaffers_f7,50,128,200,0.8,0.5,0.3,0.9,66.01237483978271,2.7422447377563612,23226.775737927703,1.784225730021717,0.008610751757223624
Standard_GA_Ablation,schaffers_f7,50,128,200,0.8,0.5,0.3,1.0,66.01237483978271,2.7422447377563612,23714.44905565966,1.800042658986058,0.008433676849526818
Standard_GA_Ablation,schaffers_f7,50,128,200,0.8,0.5,0.6,0.5,66.01237483978271,2.7422447377563612,24021.068438045822,1.8063888770120684,0.00832602431968553
Standard_GA_Ablation,schaffers_f7,50,128,200,0.8,0.5,0.6,0.7,66.01237483978271,2.7422447377563612,23881.293488756495,1.7770054769935086,0.008374755751574411
Standard_GA_Ablation,schaffers_f7,50,128,200,0.8,0.5,0.6,0.8,66.01237483978271,2.7422447377563612,23798.90590277735,1.8402978319791146,0.008403747668780851
Standard_GA_Ablation,schaffers_f7,50,128,200,0.8,0.5,0.6,0.9,66.01237483978271,2.7422447377563612,23665.321063414773,1.8415647160145454,0.008451184729929083
Standard_GA_Ablation,schaffers_f7,50,128,200,0.8,0.5,0.6,1.0,66.01237483978271,2.7422447377563612,23830.815850081424,1.7780043650127482,0.00839249487966299
Standard_GA_Ablation,schaffers_f7,50,128,200,0.8,0.5,0.7,0.5,66.01237483978271,2.7422447377563612,23636.776260034676,1.8776509889867157,0.008461390749725978
Standard_GA_Ablation,schaffers_f7,50,128,200,0.8,0.5,0.7,0.7,66.01237483978271,2.7422447377563612,23516.638688641506,1.8435972849838436,0.008504616779973731
Standard_GA_Ablation,schaffers_f7,50,128,200,0.8,0.5,0.7,0.8,66.01237483978271,2.7422447377563612,23969.63928766042,1.8505347540194634,0.008343888600065838
Standard_GA_Ablation,schaffers_f7,50,128,200,0.8,0.5,0.7,0.9,66.01237483978271,2.7422447377563612,23648.512317904762,1.8107472569972742,0.00845719161152374
Standard_GA_Ablation,schaffers_f7,50,128,200,0.8,0.5,0.7,1.0,66.01237483978271,2.7422447377563612,23945.926829811375,1.896373722993303,0.00835215113707818
Standard_GA_Ablation,schaffers_f7,50,128,200,0.8,0.8,0.5,0.5,66.01237483978271,2.7422447377563612,21489.935065944002,1.6284056619915646,0.009306682378810365
Standard_GA_Ablation,schaffers_f7,50,128,200,0.8,0.8,0.5,0.7,66.01237483978271,2.7422447377563612,21551.38374754715,1.6136008549947292,0.009280146571691149
Standard_GA_Ablation,schaffers_f7,50,128,200,0.8,0.8,0.5,0.8,66.01237483978271,2.7422447377563612,21590.131929132207,1.6348826739995275,0.009263491332822013
Standard_GA_Ablation,schaffers_f7,50,128,200,0.8,0.8,0.5,0.9,66.01237483978271,2.7422447377563612,21482.46155217583,1.6139150890230667,0.009309920071973465
Standard_GA_Ablation,schaffers_f7,50,128,200,0.8,0.8,0.5,1.0,66.01237483978271,2.7422447377563612,21577.728513625894,1.6201869839860592,0.009268816218245775
Standard_GA_Ablation,schaffers_f7,50,128,200,0.8,0.8,0.2,0.5,66.01237483978271,2.7422447377563612,23153.468756857055,1.7398059230181389,0.008638014549796935
Standard_GA_Ablation,schaffers_f7,50,128,200,0.8,0.8,0.2,0.7,66.01237483978271,2.7422447377563612,23224.814412974698,1.7541432400175836,0.00861147893127054
Standard_GA_Ablation,schaffers_f7,50,128,200,0.8,0.8,0.2,0.8,66.01237483978271,2.7422447377563612,23358.570588347575,1.781877778004855,0.00856216775951907
Standard_GA_Ablation,schaffers_f7,50,128,200,0.8,0.8,0.2,0.9,66.01237483978271,2.7422447377563612,23401.388274201992,1.7257304869999643,0.00854650150053203
Standard_GA_Ablation,schaffers_f7,50,128,200,0.8,0.8,0.2,1.0,66.01237483978271,2.7422447377563612,23339.710412987162,1.758157709002262,0.008569086610805243
Standard_GA_Ablation,schaffers_f7,50,128,200,0.8,0.8,0.4,0.5,66.01237483978271,2.7422447377563612,23284.565651024153,1.7476888899982441,0.008589380751072895
Standard_GA_Ablation,schaffers_f7,50,128,200,0.8,0.8,0.4,0.7,66.01237483978271,2.7422447377563612,23159.65514953471,1.763667412014911,0.008635707168723456
Standard_GA_Ablation,schaffers_f7,50,128,200,0.8,0.8,0.4,0.8,66.01237483978271,2.7422447377563612,23413.33133088679,1.741921545995865,0.008542141960642766
Standard_GA_Ablation,schaffers_f7,50,128,200,0.8,0.8,0.4,0.9,66.01237483978271,2.7422447377563612,23468.90700952388,1.7317223899881355,0.008521913692820817
Standard_GA_Ablation,schaffers_f7,50,128,200,0.8,0.8,0.4,1.0,66.01237483978271,2.7422447377563612,23305.08212092054,1.7555082799808588,0.008581819148384967
Standard_GA_Ablation,schaffers_f7,50,128,200,0.8,0.8,0.3,0.5,66.01237483978271,2.7422447377563612,23165.4219132956,1.757467756018741,0.008633557409339118
Standard_GA_Ablation,schaffers_f7,50,128,200,0.8,0.8,0.3,0.7,66.01237483978271,2.7422447377563612,23025.54386964778,1.7735173769760877,0.008686005469935481
Standard_GA_Ablation,schaffers_f7,50,128,200,0.8,0.8,0.3,0.8,66.01237483978271,2.7422447377563612,23069.25370065182,1.77950008600601,0.008669547901081386
Standard_GA_Ablation,schaffers_f7,50,128,200,0.8,0.8,0.3,0.9,66.01237483978271,2.7422447377563612,23094.629602285997,1.798219031014014,0.008660021981049794
Standard_GA_Ablation,schaffers_f7,50,128,200,0.8,0.8,0.3,1.0,66.01237483978271,2.7422447377563612,23162.10271937908,1.748060223995708,0.008634794622194021
Standard_GA_Ablation,schaffers_f7,50,128,200,0.8,0.8,0.6,0.5,66.01237483978271,2.7422447377563612,23960.904846729296,1.7419825659890193,0.008346930188126862
Standard_GA_Ablation,schaffers_f7,50,128,200,0.8,0.8,0.6,0.7,66.01237483978271,2.7422447377563612,23863.114167382217,1.7842190100054722,0.00838113578123739
Standard_GA_Ablation,schaffers_f7,50,128,200,0.8,0.8,0.6,0.8,66.01237483978271,2.7422447377563612,23765.959729512975,1.7486013760208152,0.008415397580247373
Standard_GA_Ablation,schaffers_f7,50,128,200,0.8,0.8,0.6,0.9,66.01237483978271,2.7422447377563612,23576.202426015883,1.78690303498297,0.008483130420499948
Standard_GA_Ablation,schaffers_f7,50,128,200,0.8,0.8,0.6,1.0,66.01237483978271,2.7422447377563612,23968.015224468618,1.79010820001713,0.008344453978643286
Standard_GA_Ablation,schaffers_f7,50,128,200,0.8,0.8,0.7,0.5,66.01237483978271,2.7422447377563612,23970.30804187768,4.319152114010649,0.00834365581162274
Standard_GA_Ablation,schaffers_f7,50,128,200,0.8,0.8,0.7,0.7,66.01237483978271,2.7422447377563612,23835.841021824468,1.9038267960131634,0.00839072553877486
Standard_GA_Ablation,schaffers_f7,50,128,200,0.8,0.8,0.7,0.8,66.01237483978271,2.7422447377563612,24182.43304410578,1.8774581370234955,0.008270466401590966
Standard_GA_Ablation,schaffers_f7,50,128,200,0.8,0.8,0.7,0.9,66.01237483978271,2.7422447377563612,23729.266656780797,1.8926550070173107,0.0084284104895778
Standard_GA_Ablation,schaffers_f7,50,128,200,0.8,0.8,0.7,1.0,66.01237483978271,2.7422447377563612,23797.41566004718,1.8436377299949527,0.008404273928608746
Standard_GA_Ablation,schaffers_f7,50,128,200,0.8,1.0,0.5,0.5,66.01237483978271,2.7422447377563612,21515.920137753597,1.6776372590102255,0.009295442570874002
Standard_GA_Ablation,schaffers_f7,50,128,200,0.8,1.0,0.5,0.7,66.01237483978271,2.7422447377563612,21511.43771398532,1.6587723040138371,0.0092973794991849
Standard_GA_Ablation,schaffers_f7,50,128,200,0.8,1.0,0.5,0.8,66.01237483978271,2.7422447377563612,21510.525267363813,1.6464100120065268,0.009297773881116881
Standard_GA_Ablation,schaffers_f7,50,128,200,0.8,1.0,0.5,0.9,66.01237483978271,2.7422447377563612,21614.625867076116,1.6289151519886218,0.009252993839909322
Standard_GA_Ablation,schaffers_f7,50,128,200,0.8,1.0,0.5,1.0,66.01237483978271,2.7422447377563612,21511.944658483197,1.6481960520031862,0.009297160399728454
Standard_GA_Ablation,schaffers_f7,50,128,200,0.8,1.0,0.2,0.5,66.01237483978271,2.7422447377563612,23264.585856639842,1.8053820360219106,0.008596757373306901
Standard_GA_Ablation,schaffers_f7,50,128,200,0.8,1.0,0.2,0.7,66.01237483978271,2.7422447377563612,23080.132999435453,1.8227013960131444,0.008665461330092512
Standard_GA_Ablation,schaffers_f7,50,128,200,0.8,1.0,0.2,0.8,66.01237483978271,2.7422447377563612,23421.866797002887,1.7542195380083285,0.008539029007952195
Standard_GA_Ablation,schaffers_f7,50,128,200,0.8,1.0,0.2,0.9,66.01237483978271,2.7422447377563612,23347.129440517198,1.7767595300101675,0.008566363608406392
Standard_GA_Ablation,schaffers_f7,50,128,200,0.8,1.0,0.2,1.0,66.01237483978271,2.7422447377563612,23201.687439920555,1.7619098349823616,0.008620062679401599
Standard_GA_Ablation,schaffers_f7,50,128,200,0.8,1.0,0.4,0.5,66.01237483978271,2.7422447377563612,23143.00506613944,1.7697609769820701,0.008641920071677306
Standard_GA_Ablation,schaffers_f7,50,128,200,0.8,1.0,0.4,0.7,66.01237483978271,2.7422447377563612,23425.55896120579,1.7810440069879405,0.008537683149043004
Standard_GA_Ablation,schaffers_f7,50,128,200,0.8,1.0,0.4,0.8,66.01237483978271,2.7422447377563612,23436.62294643922,1.7521269340068102,0.008533652670739683
Standard_GA_Ablation,schaffers_f7,50,128,200,0.8,1.0,0.4,0.9,66.01237483978271,2.7422447377563612,23016.46837988661,1.7441731360158883,0.00868943039822625
Standard_GA_Ablation,schaffers_f7,50,128,200,0.8,1.0,0.4,1.0,66.01237483978271,2.7422447377563612,23164.86264269392,1.8328156330098864,0.008633765849808697
Standard_GA_Ablation,schaffers_f7,50,128,200,0.8,1.0,0.3,0.5,66.01237483978271,2.7422447377563612,23316.144694621238,1.733596623991616,0.008577747420058585
Standard_GA_Ablation,schaffers_f7,50,128,200,0.8,1.0,0.3,0.7,66.01237483978271,2.7422447377563612,23238.58362353447,1.763639058015542,0.008606376500392799
Standard_GA_Ablation,schaffers_f7,50,128,200,0.8,1.0,0.3,0.8,66.01237483978271,2.7422447377563612,23312.840311336706,1.8249471719900612,0.008578963237814605
Standard_GA_Ablation,schaffers_f7,50,128,200,0.8,1.0,0.3,0.9,66.01237483978271,2.7422447377563612,23341.686660733845,1.7816795370017644,0.008568361100333276
Standard_GA_Ablation,schaffers_f7,50,128,200,0.8,1.0,0.3,1.0,66.01237483978271,2.7422447377563612,23074.17546498098,1.7637611750105862,0.00866769867046969
Standard_GA_Ablation,schaffers_f7,50,128,200,0.8,1.0,0.6,0.5,66.01237483978271,2.7422447377563612,23642.535844954105,1.7904870820057113,0.00845932946074754
Standard_GA_Ablation,schaffers_f7,50,128,200,0.8,1.0,0.6,0.7,66.01237483978271,2.7422447377563612,23620.03209712106,1.8264917809865437,0.008467389001743868
Standard_GA_Ablation,schaffers_f7,50,128,200,0.8,1.0,0.6,0.8,66.01237483978271,2.7422447377563612,23692.600824904974,1.8123373179987539,0.008441453999839723
Standard_GA_Ablation,schaffers_f7,50,128,200,0.8,1.0,0.6,0.9,66.01237483978271,2.7422447377563612,23713.48065451578,1.7700337799906265,0.008434021260472945
Standard_GA_Ablation,schaffers_f7,50,128,200,0.8,1.0,0.6,1.0,66.01237483978271,2.7422447377563612,23828.360698849854,1.7913137720024679,0.008393359598994721
Standard_GA_Ablation,schaffers_f7,50,128,200,0.8,1.0,0.7,0.5,66.01237483978271,2.7422447377563612,24002.478275590896,1.9109257429954596,0.008332472909823991
Standard_GA_Ablation,schaffers_f7,50,128,200,0.8,1.0,0.7,0.7,66.01237483978271,2.7422447377563612,24127.357920059538,1.9098327539977618,0.008289345259545371
Standard_GA_Ablation,schaffers_f7,50,128,200,0.8,1.0,0.7,0.8,66.01237483978271,2.7422447377563612,24229.36870032287,1.8581601100158878,0.00825444535817951
Standard_GA_Ablation,schaffers_f7,50,128,200,0.8,1.0,0.7,0.9,66.01237483978271,2.7422447377563612,23997.02867785537,1.8345509790233336,0.00833436517015798
Standard_GA_Ablation,schaffers_f7,50,128,200,0.8,1.0,0.7,1.0,66.01237483978271,2.7422447377563612,23837.1040786093,1.8908370140125044,0.008390280939347577
Standard_GA_Ablation,schaffers_f7,50,128,200,0.9,0.5,0.5,0.5,66.01237483978271,2.7422447377563612,21363.869037208115,1.6722305779985618,0.009361600169504526
Standard_GA_Ablation,schaffers_f7,50,128,200,0.9,0.5,0.5,0.7,66.01237483978271,2.7422447377563612,21398.95254431195,1.666248635010561,0.009346251859096811
Standard_GA_Ablation,schaffers_f7,50,128,200,0.9,0.5,0.5,0.8,66.01237483978271,2.7422447377563612,21394.378695531384,1.6372710989962798,0.00934824997006217
Standard_GA_Ablation,schaffers_f7,50,128,200,0.9,0.5,0.5,0.9,66.01237483978271,2.7422447377563612,21518.54465201719,1.6432102079852484,0.009294308850076049
Standard_GA_Ablation,schaffers_f7,50,128,200,0.9,0.5,0.5,1.0,66.01237483978271,2.7422447377563612,21734.578194750797,1.6526091560081113,0.009201926911482588
Standard_GA_Ablation,schaffers_f7,50,128,200,0.9,0.5,0.2,0.5,66.01237483978271,2.7422447377563612,22991.43842702946,1.7966050140094012,0.008698890268860851
Standard_GA_Ablation,schaffers_f7,50,128,200,0.9,0.5,0.2,0.7,66.01237483978271,2.7422447377563612,22857.96268305305,1.7706709819904063,0.008749686171649956
Standard_GA_Ablation,schaffers_f7,50,128,200,0.9,0.5,0.2,0.8,66.01237483978271,2.7422447377563612,22993.154693902954,1.7553720169817097,0.008698240961821284
Standard_GA_Ablation,schaffers_f7,50,128,200,0.9,0.5,0.2,0.9,66.01237483978271,2.7422447377563612,22997.746005175584,1.7312470979813952,0.008696504429390189
Standard_GA_Ablation,schaffers_f7,50,128,200,0.9,0.5,0.2,1.0,66.01237483978271,2.7422447377563612,23144.1732675574,1.7604750629980117,0.008641483871033416
Standard_GA_Ablation,schaffers_f7,50,128,200,0.9,0.5,0.4,0.5,66.01237483978271,2.7422447377563612,23118.71339561248,1.7532160450064112,0.008651000450481661
Standard_GA_Ablation,schaffers_f7,50,128,200,0.9,0.5,0.4,0.7,66.01237483978271,2.7422447377563612,23115.16518962129,1.7746034179872368,0.008652328389580362
Standard_GA_Ablation,schaffers_f7,50,128,200,0.9,0.5,0.4,0.8,66.01237483978271,2.7422447377563612,23141.97055184865,1.759110317012528,0.008642306390975137
Standard_GA_Ablation,schaffers_f7,50,128,200,0.9,0.5,0.4,0.9,66.01237483978271,2.7422447377563612,23221.377024325546,1.727207522984827,0.008612753661873284
Standard_GA_Ablation,schaffers_f7,50,128,200,0.9,0.5,0.4,1.0,66.01237483978271,2.7422447377563612,23015.253278895932,1.710168593999697,0.008689889160741586
Standard_GA_Ablation,schaffers_f7,50,128,200,0.9,0.5,0.3,0.5,66.01237483978271,2.7422447377563612,23039.210232560858,1.7150241220078897,0.008680853118712549
Standard_GA_Ablation,schaffers_f7,50,128,200,0.9,0.5,0.3,0.7,66.01237483978271,2.7422447377563612,23074.539375324282,1.7638669930165634,0.008667561971524265
Standard_GA_Ablation,schaffers_f7,50,128,200,0.9,0.5,0.3,0.8,66.01237483978271,2.7422447377563612,23455.773295755323,1.7040372710034717,0.008526685412507505
Standard_GA_Ablation,schaffers_f7,50,128,200,0.9,0.5,0.3,0.9,66.01237483978271,2.7422447377563612,23228.334295627363,1.782468343997607,0.008610173999331892
Standard_GA_Ablation,schaffers_f7,50,128,200,0.9,0.5,0.3,1.0,66.01237483978271,2.7422447377563612,23201.63604951583,1.7562457119929604,0.008620081772387494
Standard_GA_Ablation,schaffers_f7,50,128,200,0.9,0.5,0.6,0.5,66.01237483978271,2.7422447377563612,23428.870816246275,1.7584891309961677,0.008536476280423812
Standard_GA_Ablation,schaffers_f7,50,128,200,0.9,0.5,0.6,0.7,66.01237483978271,2.7422447377563612,23480.94640215191,1.829908298997907,0.008517544249480124
Standard_GA_Ablation,schaffers_f7,50,128,200,0.9,0.5,0.6,0.8,66.01237483978271,2.7422447377563612,23517.95052545819,1.7899229869944975,0.008504142390447668
Standard_GA_Ablation,schaffers_f7,50,128,200,0.9,0.5,0.6,0.9,66.01237483978271,2.7422447377563612,23495.03623513211,1.7732527570042294,0.008512436329037882
Standard_GA_Ablation,schaffers_f7,50,128,200,0.9,0.5,0.6,1.0,66.01237483978271,2.7422447377563612,23752.1729143264,1.7961569119943306,0.00842028225044487
Standard_GA_Ablation,schaffers_f7,50,128,200,0.9,0.5,0.7,0.5,66.01237483978271,2.7422447377563612,23584.600001806164,1.935482786007924,0.008480109901574906
Standard_GA_Ablation,schaffers_f7,50,128,200,0.9,0.5,0.7,0.7,66.01237483978271,2.7422447377563612,23598.43516697531,1.8757248560141306,0.008475138227804564
Standard_GA_Ablation,schaffers_f7,50,128,200,0.9,0.5,0.7,0.8,66.01237483978271,2.7422447377563612,23709.87034761775,1.8477329190063756,0.008435305510647594
Standard_GA_Ablation,schaffers_f7,50,128,200,0.9,0.5,0.7,0.9,66.01237483978271,2.7422447377563612,23767.90005159373,1.8543398740002885,0.008414710578799714
Standard_GA_Ablation,schaffers_f7,50,128,200,0.9,0.5,0.7,1.0,66.01237483978271,2.7422447377563612,23690.974711343202,1.8505239310034085,0.008442033408791759
Standard_GA_Ablation,schaffers_f7,50,128,200,0.9,0.8,0.5,0.5,66.01237483978271,2.7422447377563612,21359.519997903673,1.6607022589887492,0.009363506296940613
Standard_GA_Ablation,schaffers_f7,50,128,200,0.9,0.8,0.5,0.7,66.01237483978271,2.7422447377563612,21629.291735563143,1.6756772809894755,0.009246719793009107
Standard_GA_Ablation,schaffers_f7,50,128,200,0.9,0.8,0.5,0.8,66.01237483978271,2.7422447377563612,21520.687153374885,1.6674764179915655,0.009293383551121224
Standard_GA_Ablation,schaffers_f7,50,128,200,0.9,0.8,0.5,0.9,66.01237483978271,2.7422447377563612,21435.48192189343,1.6230189159978181,0.009330324399925302
Standard_GA_Ablation,schaffers_f7,50,128,200,0.9,0.8,0.5,1.0,66.01237483978271,2.7422447377563612,21570.521939528895,1.6131239289825317,0.009271912870754023
Standard_GA_Ablation,schaffers_f7,50,128,200,0.9,0.8,0.2,0.5,66.01237483978271,2.7422447377563612,22969.385240465297,1.7495118560036644,0.00870724217937095
Standard_GA_Ablation,schaffers_f7,50,128,200,0.9,0.8,0.2,0.7,66.01237483978271,2.7422447377563612,23163.02793190874,1.7559027209936175,0.008634449718229006
Standard_GA_Ablation,schaffers_f7,50,128,200,0.9,0.8,0.2,0.8,66.01237483978271,2.7422447377563612,22933.902970006162,1.7773302239947952,0.00872071362042334
Standard_GA_Ablation,schaffers_f7,50,128,200,0.9,0.8,0.2,0.9,66.01237483978271,2.7422447377563612,23056.84735726053,1.7305642070132308,0.008674212779442313
Standard_GA_Ablation,schaffers_f7,50,128,200,0.9,0.8,0.2,1.0,66.01237483978271,2.7422447377563612,22944.761277289963,1.7118033419828862,0.008716586657101288
Standard_GA_Ablation,schaffers_f7,50,128,200,0.9,0.8,0.4,0.5,66.01237483978271,2.7422447377563612,23041.266197292265,1.7301270729803946,0.00868007852899609
Standard_GA_Ablation,schaffers_f7,50,128,200,0.9,0.8,0.4,0.7,66.01237483978271,2.7422447377563612,23089.193896506014,1.728100942011224,0.008662060741335154
Standard_GA_Ablation,schaffers_f7,50,128,200,0.9,0.8,0.4,0.8,66.01237483978271,2.7422447377563612,22954.825054214456,1.7508052729826886,0.008712765160598792
Standard_GA_Ablation,schaffers_f7,50,128,200,0.9,0.8,0.4,0.9,66.01237483978271,2.7422447377563612,22975.392448231014,1.7370534850051627,0.00870496556046419
Standard_GA_Ablation,schaffers_f7,50,128,200,0.9,0.8,0.4,1.0,66.01237483978271,2.7422447377563612,22998.16611919725,1.749752661009552,0.008696345567877871
Standard_GA_Ablation,schaffers_f7,50,128,200,0.9,0.8,0.3,0.5,66.01237483978271,2.7422447377563612,23116.393629532093,1.7833050990011543,0.008651868591841775
Standard_GA_Ablation,schaffers_f7,50,128,200,0.9,0.8,0.3,0.7,66.01237483978271,2.7422447377563612,23006.33293188634,1.7613625990052242,0.008693258529820013
Standard_GA_Ablation,schaffers_f7,50,128,200,0.9,0.8,0.3,0.8,66.01237483978271,2.7422447377563612,23130.4399755005,1.7803554180136416,0.008646614600147587
Standard_GA_Ablation,schaffers_f7,50,128,200,0.9,0.8,0.3,0.9,66.01237483978271,2.7422447377563612,23252.517479002854,1.7916350919986144,0.008601219209085685
Standard_GA_Ablation,schaffers_f7,50,128,200,0.9,0.8,0.3,1.0,66.01237483978271,2.7422447377563612,23387.361855999436,1.7624184509913903,0.008551627209235448
Standard_GA_Ablation,schaffers_f7,50,128,200,0.9,0.8,0.6,0.5,66.01237483978271,2.7422447377563612,23951.907322386203,1.8081533570075408,0.008350065709091723
Standard_GA_Ablation,schaffers_f7,50,128,200,0.9,0.8,0.6,0.7,66.01237483978271,2.7422447377563612,23771.78680730602,1.8021936989971437,0.008413334749347997
Standard_GA_Ablation,schaffers_f7,50,128,200,0.9,0.8,0.6,0.8,66.01237483978271,2.7422447377563612,23770.245262231172,1.8247166700020898,0.008413880369917024
Standard_GA_Ablation,schaffers_f7,50,128,200,0.9,0.8,0.6,0.9,66.01237483978271,2.7422447377563612,23756.65451015663,1.7545783809910063,0.008418693798594177
Standard_GA_Ablation,schaffers_f7,50,128,200,0.9,0.8,0.6,1.0,66.01237483978271,2.7422447377563612,23734.947526617114,1.7448210360016674,0.008426393181434833
Standard_GA_Ablation,schaffers_f7,50,128,200,0.9,0.8,0.7,0.5,66.01237483978271,2.7422447377563612,23644.56748079806,1.8540888279967476,0.008458602601313031
Standard_GA_Ablation,schaffers_f7,50,128,200,0.9,0.8,0.7,0.7,66.01237483978271,2.7422447377563612,23827.328694160802,1.84270678597386,0.008393723130575381
Standard_GA_Ablation,schaffers_f7,50,128,200,0.9,0.8,0.7,0.8,66.01237483978271,2.7422447377563612,23747.971099344526,4.274066893995041,0.008421772081637755
Standard_GA_Ablation,schaffers_f7,50,128,200,0.9,0.8,0.7,0.9,66.01237483978271,2.7422447377563612,24035.547512998033,1.9061620470019989,0.008321008701459505
Standard_GA_Ablation,schaffers_f7,50,128,200,0.9,0.8,0.7,1.0,66.01237483978271,2.7422447377563612,24195.456320503672,1.8581460429995786,0.008266014798427932
Standard_GA_Ablation,schaffers_f7,50,128,200,0.9,1.0,0.5,0.5,66.01237483978271,2.7422447377563612,21800.331430380105,1.6036308969778474,0.009174172449565959
Standard_GA_Ablation,schaffers_f7,50,128,200,0.9,1.0,0.5,0.7,66.01237483978271,2.7422447377563612,21474.089840659675,1.6355595490022097,0.009313549560611136
Standard_GA_Ablation,schaffers_f7,50,128,200,0.9,1.0,0.5,0.8,66.01237483978271,2.7422447377563612,21399.35158135072,1.6544470239896327,0.009346077578084078
Standard_GA_Ablation,schaffers_f7,50,128,200,0.9,1.0,0.5,0.9,66.01237483978271,2.7422447377563612,21414.733551532216,1.664277564996155,0.00933936439221725
Standard_GA_Ablation,schaffers_f7,50,128,200,0.9,1.0,0.5,1.0,66.01237483978271,2.7422447377563612,21588.771983799415,1.658390017983038,0.009264074869570323
Standard_GA_Ablation,schaffers_f7,50,128,200,0.9,1.0,0.2,0.5,66.01237483978271,2.7422447377563612,23433.996250215594,1.7823192789801396,0.008534609200432896
Standard_GA_Ablation,schaffers_f7,50,128,200,0.9,1.0,0.2,0.7,66.01237483978271,2.7422447377563612,23239.144006002178,1.7775556000124197,0.008606168968544808
Standard_GA_Ablation,schaffers_f7,50,128,200,0.9,1.0,0.2,0.8,66.01237483978271,2.7422447377563612,23464.90423421042,1.7230561089818366,0.00852336740877945
Standard_GA_Ablation,schaffers_f7,50,128,200,0.9,1.0,0.2,0.9,66.01237483978271,2.7422447377563612,23234.181364048865,1.7623907930101268,0.008608007179864216
Standard_GA_Ablation,schaffers_f7,50,128,200,0.9,1.0,0.2,1.0,66.01237483978271,2.7422447377563612,23274.308720374604,1.7201837040192913,0.008593166070058942
Standard_GA_Ablation,schaffers_f7,50,128,200,0.9,1.0,0.4,0.5,66.01237483978271,2.7422447377563612,23015.187919907927,1.7060273620008957,0.008689913838461507
Standard_GA_Ablation,schaffers_f7,50,128,200,0.9,1.0,0.4,0.7,66.01237483978271,2.7422447377563612,23418.301895131754,1.7424976869951934,0.008540328880189917
Standard_GA_Ablation,schaffers_f7,50,128,200,0.9,1.0,0.4,0.8,66.01237483978271,2.7422447377563612,23256.294953801233,1.73306153100566,0.008599822129763197
Standard_GA_Ablation,schaffers_f7,50,128,200,0.9,1.0,0.4,0.9,66.01237483978271,2.7422447377563612,23252.310884122802,1.7255022309836932,0.008601295630214736
Standard_GA_Ablation,schaffers_f7,50,128,200,0.9,1.0,0.4,1.0,66.01237483978271,2.7422447377563612,23343.767682101316,1.7436650210001972,0.008567597258661408
Standard_GA_Ablation,schaffers_f7,50,128,200,0.9,1.0,0.3,0.5,66.01237483978271,2.7422447377563612,23461.042318889857,1.7249932239938062,0.008524770437797997
Standard_GA_Ablation,schaffers_f7,50,128,200,0.9,1.0,0.3,0.7,66.01237483978271,2.7422447377563612,23360.416465920694,1.7469022329896688,0.008561491199943703
Standard_GA_Ablation,schaffers_f7,50,128,200,0.9,1.0,0.3,0.8,66.01237483978271,2.7422447377563612,23223.00001663637,1.7430813270038925,0.008612151739944238
Standard_GA_Ablation,schaffers_f7,50,128,200,0.9,1.0,0.3,0.9,66.01237483978271,2.7422447377563612,23388.85167032192,1.7426842540153302,0.008551082490885164
Standard_GA_Ablation,schaffers_f7,50,128,200,0.9,1.0,0.3,1.0,66.01237483978271,2.7422447377563612,23642.068750755374,1.719858705997467,0.008459496590949129
Standard_GA_Ablation,schaffers_f7,50,128,200,0.9,1.0,0.6,0.5,66.01237483978271,2.7422447377563612,24066.76054807646,1.8136828010028694,0.008310216890240554
Standard_GA_Ablation,schaffers_f7,50,128,200,0.9,1.0,0.6,0.7,66.01237483978271,2.7422447377563612,24060.381816137917,1.782166071003303,0.008312420040892903
Standard_GA_Ablation,schaffers_f7,50,128,200,0.9,1.0,0.6,0.8,66.01237483978271,2.7422447377563612,23873.111178702275,1.7846265789994504,0.008377626129367854
Standard_GA_Ablation,schaffers_f7,50,128,200,0.9,1.0,0.6,0.9,66.01237483978271,2.7422447377563612,23674.779195733412,1.811174533009762,0.00844780846091453
Standard_GA_Ablation,schaffers_f7,50,128,200,0.9,1.0,0.6,1.0,66.01237483978271,2.7422447377563612,23858.89342769374,1.7755946989927907,0.008382618439791259
Standard_GA_Ablation,schaffers_f7,50,128,200,0.9,1.0,0.7,0.5,66.01237483978271,2.7422447377563612,23633.8621213943,1.8118425800057594,0.008462434069078881
Standard_GA_Ablation,schaffers_f7,50,128,200,0.9,1.0,0.7,0.7,66.01237483978271,2.7422447377563612,23881.33238713597,1.8838591780222487,0.008374742110609077
Standard_GA_Ablation,schaffers_f7,50,128,200,0.9,1.0,0.7,0.8,66.01237483978271,2.7422447377563612,23866.82718372113,1.835380690987222,0.008379831908969208
Standard_GA_Ablation,schaffers_f7,50,128,200,0.9,1.0,0.7,0.9,66.01237483978271,2.7422447377563612,23792.802283628338,1.8354149459919427,0.008405903500388376
Standard_GA_Ablation,schaffers_f7,50,128,200,0.9,1.0,0.7,1.0,66.01237483978271,2.7422447377563612,23671.88344398855,1.8118131999799516,0.0084488418707042
Standard_GA_Ablation,schaffers_f7,50,128,200,1.0,0.5,0.5,0.5,66.01237483978271,2.7422447377563612,21449.793405138127,1.615339224023046,0.009324099128716625
Standard_GA_Ablation,schaffers_f7,50,128,200,1.0,0.5,0.5,0.7,66.01237483978271,2.7422447377563612,21462.493222411522,1.6280865430017002,0.009318581859406549
Standard_GA_Ablation,schaffers_f7,50,128,200,1.0,0.5,0.5,0.8,66.01237483978271,2.7422447377563612,21453.78163746596,1.635241992014926,0.009322365789848845
Standard_GA_Ablation,schaffers_f7,50,128,200,1.0,0.5,0.5,0.9,66.01237483978271,2.7422447377563612,21573.610864297967,1.6055601589905564,0.009270585311751347
Standard_GA_Ablation,schaffers_f7,50,128,200,1.0,0.5,0.5,1.0,66.01237483978271,2.7422447377563612,21506.717414200008,1.646507177996682,0.009299420090392231
Standard_GA_Ablation,schaffers_f7,50,128,200,1.0,0.5,0.2,0.5,66.01237483978271,2.7422447377563612,23301.213520809095,1.711434377997648,0.008583243950852193
Standard_GA_Ablation,schaffers_f7,50,128,200,1.0,0.5,0.2,0.7,66.01237483978271,2.7422447377563612,23440.41902244012,1.7630723670008592,0.008532270682044327
Standard_GA_Ablation,schaffers_f7,50,128,200,1.0,0.5,0.2,0.8,66.01237483978271,2.7422447377563612,23208.68924987279,1.7382118429814,0.008617462099937256
Standard_GA_Ablation,schaffers_f7,50,128,200,1.0,0.5,0.2,0.9,66.01237483978271,2.7422447377563612,23345.312965568508,1.7488470840035006,0.008567030148406048
Standard_GA_Ablation,schaffers_f7,50,128,200,1.0,0.5,0.2,1.0,66.01237483978271,2.7422447377563612,23289.10909314984,1.7466700969962403,0.008587705059908331
Standard_GA_Ablation,schaffers_f7,50,128,200,1.0,0.5,0.4,0.5,66.01237483978271,2.7422447377563612,23215.057596191433,1.7589374080125708,0.008615098160807974
Standard_GA_Ablation,schaffers_f7,50,128,200,1.0,0.5,0.4,0.7,66.01237483978271,2.7422447377563612,22962.779964856356,1.6989612120087259,0.008709746829699725
Standard_GA_Ablation,schaffers_f7,50,128,200,1.0,0.5,0.4,0.8,66.01237483978271,2.7422447377563612,22991.665697844575,1.750353985989932,0.008698804281011689
Standard_GA_Ablation,schaffers_f7,50,128,200,1.0,0.5,0.4,0.9,66.01237483978271,2.7422447377563612,23330.243292072264,1.7244840050116181,0.008572563838970381
Standard_GA_Ablation,schaffers_f7,50,128,200,1.0,0.5,0.4,1.0,66.01237483978271,2.7422447377563612,23233.391650387188,1.763956868002424,0.008608299769985023
Standard_GA_Ablation,schaffers_f7,50,128,200,1.0,0.5,0.3,0.5,66.01237483978271,2.7422447377563612,22981.394824469393,1.7148746929888148,0.008702691961370874
Standard_GA_Ablation,schaffers_f7,50,128,200,1.0,0.5,0.3,0.7,66.01237483978271,2.7422447377563612,23082.971316682484,1.7308108109864406,0.008664395811792928
Standard_GA_Ablation,schaffers_f7,50,128,200,1.0,0.5,0.3,0.8,66.01237483978271,2.7422447377563612,23195.901371428736,1.765002934000222,0.008622212898626459
Standard_GA_Ablation,schaffers_f7,50,128,200,1.0,0.5,0.3,0.9,66.01237483978271,2.7422447377563612,23241.49013997121,1.7492761129979044,0.008605300210765563
Standard_GA_Ablation,schaffers_f7,50,128,200,1.0,0.5,0.3,1.0,66.01237483978271,2.7422447377563612,23490.87277440206,1.7274717949912883,0.00851394505094504
Standard_GA_Ablation,schaffers_f7,50,128,200,1.0,0.5,0.6,0.5,66.01237483978271,2.7422447377563612,23981.73502506256,1.7322062969906256,0.008339680168719497
Standard_GA_Ablation,schaffers_f7,50,128,200,1.0,0.5,0.6,0.7,66.01237483978271,2.7422447377563612,24093.25562242271,1.7767577429767698,0.00830107824091101
Standard_GA_Ablation,schaffers_f7,50,128,200,1.0,0.5,0.6,0.8,66.01237483978271,2.7422447377563612,23758.474166874345,1.7768869689898565,0.008418049012543633
Standard_GA_Ablation,schaffers_f7,50,128,200,1.0,0.5,0.6,0.9,66.01237483978271,2.7422447377563612,23750.49749108503,1.8179571539803874,0.00842087623954285
Standard_GA_Ablation,schaffers_f7,50,128,200,1.0,0.5,0.6,1.0,66.01237483978271,2.7422447377563612,23850.706033228103,1.78619274799712,0.008385495998372789
Standard_GA_Ablation,schaffers_f7,50,128,200,1.0,0.5,0.7,0.5,66.01237483978271,2.7422447377563612,24211.912327295344,1.848571267008083,0.008260396671539638
Standard_GA_Ablation,schaffers_f7,50,128,200,1.0,0.5,0.7,0.7,66.01237483978271,2.7422447377563612,23781.98763367655,1.8158183899940923,0.008409726011159364
Standard_GA_Ablation,schaffers_f7,50,128,200,1.0,0.5,0.7,0.8,66.01237483978271,2.7422447377563612,23821.63047148057,1.8619692960055545,0.00839573094039224
Standard_GA_Ablation,schaffers_f7,50,128,200,1.0,0.5,0.7,0.9,66.01237483978271,2.7422447377563612,23771.129642591557,1.897547610977199,0.008413567340176087
Standard_GA_Ablation,schaffers_f7,50,128,200,1.0,0.5,0.7,1.0,66.01237483978271,2.7422447377563612,24046.803462906122,1.8411214530060533,0.00831711376144085
Standard_GA_Ablation,schaffers_f7,50,128,200,1.0,0.8,0.5,0.5,66.01237483978271,2.7422447377563612,21503.885846879784,1.6295453009952325,0.009300644610193557
Standard_GA_Ablation,schaffers_f7,50,128,200,1.0,0.8,0.5,0.7,66.01237483978271,2.7422447377563612,21487.837137847982,1.6258615709957667,0.009307591020769905
Standard_GA_Ablation,schaffers_f7,50,128,200,1.0,0.8,0.5,0.8,66.01237483978271,2.7422447377563612,21507.14966379421,1.5881702970073093,0.009299233191122767
Standard_GA_Ablation,schaffers_f7,50,128,200,1.0,0.8,0.5,0.9,66.01237483978271,2.7422447377563612,21499.709046605192,1.6195563119836152,0.00930245146882953
Standard_GA_Ablation,schaffers_f7,50,128,200,1.0,0.8,0.5,1.0,66.01237483978271,2.7422447377563612,21564.924410654054,1.6356929639878217,0.009274319547403138
Standard_GA_Ablation,schaffers_f7,50,128,200,1.0,0.8,0.2,0.5,66.01237483978271,2.7422447377563612,23391.412038849794,1.738846210995689,0.008550146509660407
Standard_GA_Ablation,schaffers_f7,50,128,200,1.0,0.8,0.2,0.7,66.01237483978271,2.7422447377563612,23093.71780676947,1.7076873730111402,0.008660363899543881
Standard_GA_Ablation,schaffers_f7,50,128,200,1.0,0.8,0.2,0.8,66.01237483978271,2.7422447377563612,23174.838509210473,1.7318039549863897,0.00863004934944911
Standard_GA_Ablation,schaffers_f7,50,128,200,1.0,0.8,0.2,0.9,66.01237483978271,2.7422447377563612,23058.16728641589,1.7035402960027568,0.008673716237535701
Standard_GA_Ablation,schaffers_f7,50,128,200,1.0,0.8,0.2,1.0,66.01237483978271,2.7422447377563612,23104.374693760707,1.7595176909817383,0.008656369308882859
Standard_GA_Ablation,schaffers_f7,50,128,200,1.0,0.8,0.4,0.5,66.01237483978271,2.7422447377563612,23197.56855882646,1.7166558249737136,0.008621593228308484
Standard_GA_Ablation,schaffers_f7,50,128,200,1.0,0.8,0.4,0.7,66.01237483978271,2.7422447377563612,23138.42621011104,1.737451894005062,0.008643630218575709
Standard_GA_Ablation,schaffers_f7,50,128,200,1.0,0.8,0.4,0.8,66.01237483978271,2.7422447377563612,23014.57414457324,1.6937695750093553,0.008690145589644089
Standard_GA_Ablation,schaffers_f7,50,128,200,1.0,0.8,0.4,0.9,66.01237483978271,2.7422447377563612,23078.6777822338,1.7444659949978814,0.008666007727442774
Standard_GA_Ablation,schaffers_f7,50,128,200,1.0,0.8,0.4,1.0,66.01237483978271,2.7422447377563612,23235.06654905827,1.7587670689972583,0.008607679241104052
Standard_GA_Ablation,schaffers_f7,50,128,200,1.0,0.8,0.3,0.5,66.01237483978271,2.7422447377563612,23413.579029723307,1.7263147009944078,0.008542051590920892
Standard_GA_Ablation,schaffers_f7,50,128,200,1.0,0.8,0.3,0.7,66.01237483978271,2.7422447377563612,23033.683215981924,1.7735448890016414,0.008682936121185775
Standard_GA_Ablation,schaffers_f7,50,128,200,1.0,0.8,0.3,0.8,66.01237483978271,2.7422447377563612,22852.056748675543,1.7583396369882394,0.00875194745924091
Standard_GA_Ablation,schaffers_f7,50,128,200,1.0,0.8,0.3,0.9,66.01237483978271,2.7422447377563612,22923.95397736584,1.7839074530056678,0.008724498408846558
Standard_GA_Ablation,schaffers_f7,50,128,200,1.0,0.8,0.3,1.0,66.01237483978271,2.7422447377563612,23080.37233942804,1.749704145011492,0.008665371470560785
Standard_GA_Ablation,schaffers_f7,50,128,200,1.0,0.8,0.6,0.5,66.01237483978271,2.7422447377563612,23637.208781080106,1.820074059010949,0.00846123592054937
Standard_GA_Ablation,schaffers_f7,50,128,200,1.0,0.8,0.6,0.7,66.01237483978271,2.7422447377563612,23886.529028419875,1.7892267369898036,0.008372920140973293
Standard_GA_Ablation,schaffers_f7,50,128,200,1.0,0.8,0.6,0.8,66.01237483978271,2.7422447377563612,23647.177904259326,1.7386681430216413,0.008457668852061033
Standard_GA_Ablation,schaffers_f7,50,128,200,1.0,0.8,0.6,0.9,66.01237483978271,2.7422447377563612,23830.08289825079,1.800201467005536,0.008392753011139575
Standard_GA_Ablation,schaffers_f7,50,128,200,1.0,0.8,0.6,1.0,66.01237483978271,2.7422447377563612,23972.190589854556,1.8142933080089279,0.008343000580207444
Standard_GA_Ablation,schaffers_f7,50,128,200,1.0,0.8,0.7,0.5,66.01237483978271,2.7422447377563612,23951.024296281557,1.8624357700173277,0.008350373559223953
Standard_GA_Ablation,schaffers_f7,50,128,200,1.0,0.8,0.7,0.7,66.01237483978271,2.7422447377563612,23742.030281779156,1.8656181620026473,0.008423879408219363
Standard_GA_Ablation,schaffers_f7,50,128,200,1.0,0.8,0.7,0.8,66.01237483978271,2.7422447377563612,23923.849847592413,1.8434822039853316,0.008359858520852867
Standard_GA_Ablation,schaffers_f7,50,128,200,1.0,0.8,0.7,0.9,66.01237483978271,2.7422447377563612,24066.35632680834,1.9520694979873952,0.00831035646959208
Standard_GA_Ablation,schaffers_f7,50,128,200,1.0,0.8,0.7,1.0,66.01237483978271,2.7422447377563612,23795.78981668321,1.8384393349988386,0.008404848149220925
Standard_GA_Ablation,schaffers_f7,50,128,200,1.0,1.0,0.5,0.5,66.01237483978271,2.7422447377563612,21582.39308932104,1.6343643860018346,0.009266812960559036
Standard_GA_Ablation,schaffers_f7,50,128,200,1.0,1.0,0.5,0.7,66.01237483978271,2.7422447377563612,21551.453613630954,1.6510791690088809,0.009280116487061604
Standard_GA_Ablation,schaffers_f7,50,128,200,1.0,1.0,0.5,0.8,66.01237483978271,2.7422447377563612,21555.674749279064,1.610937065037433,0.009278299210127443
Standard_GA_Ablation,schaffers_f7,50,128,200,1.0,1.0,0.5,0.9,66.01237483978271,2.7422447377563612,21272.574283030815,4.225529277988244,0.009401777017628773
Standard_GA_Ablation,schaffers_f7,50,128,200,1.0,1.0,0.5,1.0,66.01237483978271,2.7422447377563612,21633.83785844488,1.622444679029286,0.009244776692357846
Standard_GA_Ablation,schaffers_f7,50,128,200,1.0,1.0,0.2,0.5,66.01237483978271,2.7422447377563612,23216.685103262727,1.7072819409659132,0.008614494235953316
Standard_GA_Ablation,schaffers_f7,50,128,200,1.0,1.0,0.2,0.7,66.01237483978271,2.7422447377563612,23249.279392858705,1.7925498219556175,0.008602417159709148
Standard_GA_Ablation,schaffers_f7,50,128,200,1.0,1.0,0.2,0.8,66.01237483978271,2.7422447377563612,23229.931588307485,1.7391537739895284,0.008609581962809898
Standard_GA_Ablation,schaffers_f7,50,128,200,1.0,1.0,0.2,0.9,66.01237483978271,2.7422447377563612,23447.49251990973,1.7436893580015749,0.008529696718323976
Standard_GA_Ablation,schaffers_f7,50,128,200,1.0,1.0,0.2,1.0,66.01237483978271,2.7422447377563612,23118.13136172481,1.7506836469983682,0.008651218252489344
Standard_GA_Ablation,schaffers_f7,50,128,200,1.0,1.0,0.4,0.5,66.01237483978271,2.7422447377563612,23282.6513471807,1.7615992199862376,0.008590086971526033
Standard_GA_Ablation,schaffers_f7,50,128,200,1.0,1.0,0.4,0.7,66.01237483978271,2.7422447377563612,23471.011196780666,1.8043230620096438,0.008521149699226953
Standard_GA_Ablation,schaffers_f7,50,128,200,1.0,1.0,0.4,0.8,66.01237483978271,2.7422447377563612,23459.752264663206,1.7233617100282572,0.008525239215814509
Standard_GA_Ablation,schaffers_f7,50,128,200,1.0,1.0,0.4,0.9,66.01237483978271,2.7422447377563612,23597.224381499345,1.825180331012234,0.008475573091418482
Standard_GA_Ablation,schaffers_f7,50,128,200,1.0,1.0,0.4,1.0,66.01237483978271,2.7422447377563612,23345.873465446235,1.7734174950164743,0.008566824466688558
Standard_GA_Ablation,schaffers_f7,50,128,200,1.0,1.0,0.3,0.5,66.01237483978271,2.7422447377563612,23439.458606690718,1.7638670080341399,0.008532620285986923
Standard_GA_Ablation,schaffers_f7,50,128,200,1.0,1.0,0.3,0.7,66.01237483978271,2.7422447377563612,23430.280131447347,1.7570024579763412,0.008535962817259133
Standard_GA_Ablation,schaffers_f7,50,128,200,1.0,1.0,0.3,0.8,66.01237483978271,2.7422447377563612,23276.030594699547,1.787299436982721,0.008592530379537493
Standard_GA_Ablation,schaffers_f7,50,128,200,1.0,1.0,0.3,0.9,66.01237483978271,2.7422447377563612,23260.668754121285,1.7690446240012534,0.008598205069429241
Standard_GA_Ablation,schaffers_f7,50,128,200,1.0,1.0,0.3,1.0,66.01237483978271,2.7422447377563612,23405.224300755213,1.8028747710050084,0.008545100761693902
Standard_GA_Ablation,schaffers_f7,50,128,200,1.0,1.0,0.6,0.5,66.01237483978271,2.7422447377563612,24107.087508845056,1.7433971709688194,0.008296315344050526
Standard_GA_Ablation,schaffers_f7,50,128,200,1.0,1.0,0.6,0.7,66.01237483978271,2.7422447377563612,23882.902437146564,1.7604604120133445,0.008374191559269092
Standard_GA_Ablation,schaffers_f7,50,128,200,1.0,1.0,0.6,0.8,66.01237483978271,2.7422447377563612,23972.3831628161,1.81654242699733,0.008342933559906668
Standard_GA_Ablation,schaffers_f7,50,128,200,1.0,1.0,0.6,0.9,66.01237483978271,2.7422447377563612,23753.53088399912,1.7443940169760026,0.008419800869887695
Standard_GA_Ablation,schaffers_f7,50,128,200,1.0,1.0,0.6,1.0,66.01237483978271,2.7422447377563612,23943.23079467137,1.763219670043327,0.008353091598837636
Standard_GA_Ablation,schaffers_f7,50,128,200,1.0,1.0,0.7,0.5,66.01237483978271,2.7422447377563612,23992.604080749694,1.9084922659676522,0.008335902152466587
Standard_GA_Ablation,schaffers_f7,50,128,200,1.0,1.0,0.7,0.7,66.01237483978271,2.7422447377563612,23671.175103430123,1.8787410029908642,0.00844909469538834
Standard_GA_Ablation,schaffers_f7,50,128,200,1.0,1.0,0.7,0.8,66.01237483978271,2.7422447377563612,23808.1026928683,1.8982324239914306,0.008400501399883069
Standard_GA_Ablation,schaffers_f7,50,128,200,1.0,1.0,0.7,0.9,66.01237483978271,2.7422447377563612,23823.393085548356,1.8280792570440099,0.008395109768025577
Standard_GA_Ablation,schaffers_f7,50,128,200,1.0,1.0,0.7,1.0,66.01237483978271,2.7422447377563612,23807.228792085974,1.8569270799634978,0.008400809760205448
Standard_GA_Ablation,rastrigin,50,128,200,0.8,0.5,0.5,0.5,3140.6457312011717,412.48819637229144,25598.999066389202,1.5255438259919174,0.00781280547264032
Standard_GA_Ablation,rastrigin,50,128,200,0.8,0.5,0.5,0.7,3140.6457312011717,412.48819637229144,25918.102487342552,1.5129757600370795,0.007716614289092831
Standard_GA_Ablation,rastrigin,50,128,200,0.8,0.5,0.5,0.8,3140.6457312011717,412.48819637229144,25532.781772973853,1.5262415449833497,0.00783306737896055
Standard_GA_Ablation,rastrigin,50,128,200,0.8,0.5,0.5,0.9,3140.6457312011717,412.48819637229144,25737.723829182913,1.5578134839888662,0.007770694927312433
Standard_GA_Ablation,rastrigin,50,128,200,0.8,0.5,0.5,1.0,3140.6457312011717,412.48819637229144,25831.441873998134,1.529579688969534,0.007742502372711897
Standard_GA_Ablation,rastrigin,50,128,200,0.8,0.5,0.2,0.5,3140.6457312011717,412.48819637229144,25697.493477682492,1.629738051968161,0.007782860230072401
Standard_GA_Ablation,rastrigin,50,128,200,0.8,0.5,0.2,0.7,3140.6457312011717,412.48819637229144,25513.93226157256,1.6809532020124607,0.007838854393339716
Standard_GA_Ablation,rastrigin,50,128,200,0.8,0.5,0.2,0.8,3140.6457312011717,412.48819637229144,25437.790412813134,1.648623636981938,0.007862318100524134
Standard_GA_Ablation,rastrigin,50,128,200,0.8,0.5,0.2,0.9,3140.6457312011717,412.48819637229144,25437.92066874984,1.6249740569619462,0.007862277841195465
Standard_GA_Ablation,rastrigin,50,128,200,0.8,0.5,0.2,1.0,3140.6457312011717,412.48819637229144,25643.218631933392,1.6598208430223167,0.007799332949216478
Standard_GA_Ablation,rastrigin,50,128,200,0.8,0.5,0.4,0.5,3140.6457312011717,412.48819637229144,25632.886578093858,1.6783023260068148,0.007802476689103059
Standard_GA_Ablation,rastrigin,50,128,200,0.8,0.5,0.4,0.7,3140.6457312011717,412.48819637229144,25429.845487382034,1.7138218419859186,0.007864774487097747
Standard_GA_Ablation,rastrigin,50,128,200,0.8,0.5,0.4,0.8,3140.6457312011717,412.48819637229144,25471.926294200213,1.627218413981609,0.007851781513891183
Standard_GA_Ablation,rastrigin,50,128,200,0.8,0.5,0.4,0.9,3140.6457312011717,412.48819637229144,25411.763813653448,1.6727086449973285,0.00787037064670585
Standard_GA_Ablation,rastrigin,50,128,200,0.8,0.5,0.4,1.0,3140.6457312011717,412.48819637229144,25508.6658844739,1.6077750980039127,0.007840472759562544
Standard_GA_Ablation,rastrigin,50,128,200,0.8,0.5,0.3,0.5,3140.6457312011717,412.48819637229144,25773.102626177773,1.6981495670042932,0.00776002807659097
Standard_GA_Ablation,rastrigin,50,128,200,0.8,0.5,0.3,0.7,3140.6457312011717,412.48819637229144,26086.760895422292,1.643455345008988,0.007666724159498699
Standard_GA_Ablation,rastrigin,50,128,200,0.8,0.5,0.3,0.8,3140.6457312011717,412.48819637229144,25762.66898065602,1.6732120069791563,0.007763170817052014
Standard_GA_Ablation,rastrigin,50,128,200,0.8,0.5,0.3,0.9,3140.6457312011717,412.48819637229144,25524.15707409825,1.6376744310255162,0.00783571419888176
Standard_GA_Ablation,rastrigin,50,128,200,0.8,0.5,0.3,1.0,3140.6457312011717,412.48819637229144,25337.977196149222,1.696617347013671,0.007893289920175448
Standard_GA_Ablation,rastrigin,50,128,200,0.8,0.5,0.6,0.5,3140.6457312011717,412.48819637229144,25906.47154866836,1.6721936279791407,0.007720078731072135
Standard_GA_Ablation,rastrigin,50,128,200,0.8,0.5,0.6,0.7,3140.6457312011717,412.48819637229144,26145.802014552766,1.6774506109650247,0.007649411553284153
Standard_GA_Ablation,rastrigin,50,128,200,0.8,0.5,0.6,0.8,3140.6457312011717,412.48819637229144,26308.539949341568,1.6997137140133418,0.007602094239555299
Standard_GA_Ablation,rastrigin,50,128,200,0.8,0.5,0.6,0.9,3140.6457312011717,412.48819637229144,26225.06075170309,1.7201512589817867,0.007626293105422519
Standard_GA_Ablation,rastrigin,50,128,200,0.8,0.5,0.6,1.0,3140.6457312011717,412.48819637229144,26167.65544208141,1.7121724000317045,0.007643023290438577
Standard_GA_Ablation,rastrigin,50,128,200,0.8,0.5,0.7,0.5,3140.6457312011717,412.48819637229144,26237.083344950326,1.7895203260122798,0.007622798516531475
Standard_GA_Ablation,rastrigin,50,128,200,0.8,0.5,0.7,0.7,3140.6457312011717,412.48819637229144,26104.255151512538,1.7543423839961179,0.007661586160538718
Standard_GA_Ablation,rastrigin,50,128,200,0.8,0.5,0.7,0.8,3140.6457312011717,412.48819637229144,25914.512428904207,1.8041936590452679,0.007717683307710103
Standard_GA_Ablation,rastrigin,50,128,200,0.8,0.5,0.7,0.9,3140.6457312011717,412.48819637229144,26166.07541782205,1.775678539997898,0.007643484810250812
Standard_GA_Ablation,rastrigin,50,128,200,0.8,0.5,0.7,1.0,3140.6457312011717,412.48819637229144,26202.46549184286,1.7547702390002087,0.007632869512308389
Standard_GA_Ablation,rastrigin,50,128,200,0.8,0.8,0.5,0.5,3140.6457312011717,412.48819637229144,25797.02524784454,1.5842918819980696,0.007752831889665686
Standard_GA_Ablation,rastrigin,50,128,200,0.8,0.8,0.5,0.7,3140.6457312011717,412.48819637229144,25968.446935390064,1.5404564519994892,0.007701654261327348
Standard_GA_Ablation,rastrigin,50,128,200,0.8,0.8,0.5,0.8,3140.6457312011717,412.48819637229144,26113.013676295057,1.5322814749670215,0.007659016399993561
Standard_GA_Ablation,rastrigin,50,128,200,0.8,0.8,0.5,0.9,3140.6457312011717,412.48819637229144,25915.488080979547,1.5591843689908274,0.007717392756603658
Standard_GA_Ablation,rastrigin,50,128,200,0.8,0.8,0.5,1.0,3140.6457312011717,412.48819637229144,26062.257296002463,1.554102096997667,0.007673932373872958
Standard_GA_Ablation,rastrigin,50,128,200,0.8,0.8,0.2,0.5,3140.6457312011717,412.48819637229144,25559.25168556321,1.6088523549842648,0.007824955224059522
Standard_GA_Ablation,rastrigin,50,128,200,0.8,0.8,0.2,0.7,3140.6457312011717,412.48819637229144,25374.605341469225,1.6407416710280813,0.007881895986502059
Standard_GA_Ablation,rastrigin,50,128,200,0.8,0.8,0.2,0.8,3140.6457312011717,412.48819637229144,25347.41750186646,1.6603382960311137,0.007890350170200691
Standard_GA_Ablation,rastrigin,50,128,200,0.8,0.8,0.2,0.9,3140.6457312011717,412.48819637229144,25504.682118241453,1.6215099489782006,0.007841697421390563
Standard_GA_Ablation,rastrigin,50,128,200,0.8,0.8,0.2,1.0,3140.6457312011717,412.48819637229144,25674.09370270413,1.6581022330210544,0.00778995365195442
Standard_GA_Ablation,rastrigin,50,128,200,0.8,0.8,0.4,0.5,3140.6457312011717,412.48819637229144,25475.259081431785,1.615134907013271,0.007850754308747128
Standard_GA_Ablation,rastrigin,50,128,200,0.8,0.8,0.4,0.7,3140.6457312011717,412.48819637229144,25236.039131819358,1.645099498971831,0.0079251739528263
Standard_GA_Ablation,rastrigin,50,128,200,0.8,0.8,0.4,0.8,3140.6457312011717,412.48819637229144,25512.034563018406,1.666248137014918,0.007839437482180073
Standard_GA_Ablation,rastrigin,50,128,200,0.8,0.8,0.4,0.9,3140.6457312011717,412.48819637229144,25391.543539067094,1.6631508360151201,0.007876638129237107
Standard_GA_Ablation,rastrigin,50,128,200,0.8,0.8,0.4,1.0,3140.6457312011717,412.48819637229144,25690.841895062436,1.647201601008419,0.007784875280340203
Standard_GA_Ablation,rastrigin,50,128,200,0.8,0.8,0.3,0.5,3140.6457312011717,412.48819637229144,25645.15918231422,1.6525294510065578,0.0077987427794141695
Standard_GA_Ablation,rastrigin,50,128,200,0.8,0.8,0.3,0.7,3140.6457312011717,412.48819637229144,25556.484276456118,1.6576267500058748,0.007825802557053976
Standard_GA_Ablation,rastrigin,50,128,200,0.8,0.8,0.3,0.8,3140.6457312011717,412.48819637229144,25889.1392767805,1.651509708026424,0.007725247172638774
Standard_GA_Ablation,rastrigin,50,128,200,0.8,0.8,0.3,0.9,3140.6457312011717,412.48819637229144,25622.965228092206,1.6697145799989812,0.0078054978500586005
Standard_GA_Ablation,rastrigin,50,128,200,0.8,0.8,0.3,1.0,3140.6457312011717,412.48819637229144,25690.761009674727,1.6274873769725673,0.00778489979042206
Standard_GA_Ablation,rastrigin,50,128,200,0.8,0.8,0.6,0.5,3140.6457312011717,412.48819637229144,26275.579742171944,1.6824562269612215,0.007611630341270939
Standard_GA_Ablation,rastrigin,50,128,200,0.8,0.8,0.6,0.7,3140.6457312011717,412.48819637229144,26710.961857297865,1.6858713789843023,0.007487562636961229
Standard_GA_Ablation,rastrigin,50,128,200,0.8,0.8,0.6,0.8,3140.6457312011717,412.48819637229144,26403.162694866754,1.735963612969499,0.0075748501159250735
Standard_GA_Ablation,rastrigin,50,128,200,0.8,0.8,0.6,0.9,3140.6457312011717,412.48819637229144,26515.415315738832,1.6780947200022638,0.007542782099335454
Standard_GA_Ablation,rastrigin,50,128,200,0.8,0.8,0.6,1.0,3140.6457312011717,412.48819637229144,26431.72263298858,1.6940678560058586,0.007566665358026512
Standard_GA_Ablation,rastrigin,50,128,200,0.8,0.8,0.7,0.5,3140.6457312011717,412.48819637229144,25771.06593392669,1.7283610260346904,0.007760641353088431
Standard_GA_Ablation,rastrigin,50,128,200,0.8,0.8,0.7,0.7,3140.6457312011717,412.48819637229144,25935.59385994581,1.7502066000015475,0.007711410082993098
Standard_GA_Ablation,rastrigin,50,128,200,0.8,0.8,0.7,0.8,3140.6457312011717,412.48819637229144,26139.064494769307,1.7406639349646866,0.007651383240590804
Standard_GA_Ablation,rastrigin,50,128,200,0.8,0.8,0.7,0.9,3140.6457312011717,412.48819637229144,26343.094851502505,1.7566818100167438,0.0075921223807381465
Standard_GA_Ablation,rastrigin,50,128,200,0.8,0.8,0.7,1.0,3140.6457312011717,412.48819637229144,26422.480080654404,1.722301494970452,0.007569312168634497
Standard_GA_Ablation,rastrigin,50,128,200,0.8,1.0,0.5,0.5,3140.6457312011717,412.48819637229144,26031.250984167385,1.50592147000134,0.007683072938816622
Standard_GA_Ablation,rastrigin,50,128,200,0.8,1.0,0.5,0.7,3140.6457312011717,412.48819637229144,25770.59554597917,1.548906666052062,0.00776078300725203
Standard_GA_Ablation,rastrigin,50,128,200,0.8,1.0,0.5,0.8,3140.6457312011717,412.48819637229144,25728.27401424532,1.5620124739944004,0.007773549049161375
Standard_GA_Ablation,rastrigin,50,128,200,0.8,1.0,0.5,0.9,3140.6457312011717,412.48819637229144,25571.672269045706,1.5010685400338843,0.007821154514094814
Standard_GA_Ablation,rastrigin,50,128,200,0.8,1.0,0.5,1.0,3140.6457312011717,412.48819637229144,25666.559086636345,1.536144788027741,0.007792240452836267
Standard_GA_Ablation,rastrigin,50,128,200,0.8,1.0,0.2,0.5,3140.6457312011717,412.48819637229144,25080.20235184839,1.6360574400168844,0.007974417319055647
Standard_GA_Ablation,rastrigin,50,128,200,0.8,1.0,0.2,0.7,3140.6457312011717,412.48819637229144,25149.01956450267,1.6622006279649213,0.007952596302493476
Standard_GA_Ablation,rastrigin,50,128,200,0.8,1.0,0.2,0.8,3140.6457312011717,412.48819637229144,25708.790719425804,1.6601239840383641,0.0077794401993742214
Standard_GA_Ablation,rastrigin,50,128,200,0.8,1.0,0.2,0.9,3140.6457312011717,412.48819637229144,25631.420079249234,1.6697734220069833,0.0078029231069376695
Standard_GA_Ablation,rastrigin,50,128,200,0.8,1.0,0.2,1.0,3140.6457312011717,412.48819637229144,25865.147440200042,1.6219066759804264,0.007732412910554558
Standard_GA_Ablation,rastrigin,50,128,200,0.8,1.0,0.4,0.5,3140.6457312011717,412.48819637229144,25527.1363334831,1.6364393469993956,0.00783479969657492
Standard_GA_Ablation,rastrigin,50,128,200,0.8,1.0,0.4,0.7,3140.6457312011717,412.48819637229144,25416.843605602782,1.6850574109703302,0.007868797680130228
Standard_GA_Ablation,rastrigin,50,128,200,0.8,1.0,0.4,0.8,3140.6457312011717,412.48819637229144,25600.341013682548,1.6772249250207096,0.007812395932269282
Standard_GA_Ablation,rastrigin,50,128,200,0.8,1.0,0.4,0.9,3140.6457312011717,412.48819637229144,25430.226933831138,1.5986942920135334,0.007864656517631375
Standard_GA_Ablation,rastrigin,50,128,200,0.8,1.0,0.4,1.0,3140.6457312011717,412.48819637229144,25513.163531380855,4.39662919100374,0.007839090583729558
Standard_GA_Ablation,rastrigin,50,128,200,0.8,1.0,0.3,0.5,3140.6457312011717,412.48819637229144,25436.868035935346,1.6433738020132296,0.007862603199318982
Standard_GA_Ablation,rastrigin,50,128,200,0.8,1.0,0.3,0.7,3140.6457312011717,412.48819637229144,25467.708249095213,1.6586953639634885,0.007853081951616332
Standard_GA_Ablation,rastrigin,50,128,200,0.8,1.0,0.3,0.8,3140.6457312011717,412.48819637229144,25153.844461923567,1.670988905010745,0.007951070871204138
Standard_GA_Ablation,rastrigin,50,128,200,0.8,1.0,0.3,0.9,3140.6457312011717,412.48819637229144,25170.0751433482,1.6925460809725337,0.007945943699451164
Standard_GA_Ablation,rastrigin,50,128,200,0.8,1.0,0.3,1.0,3140.6457312011717,412.48819637229144,25373.02976952235,1.6729086600244045,0.007882385423290544
Standard_GA_Ablation,rastrigin,50,128,200,0.8,1.0,0.6,0.5,3140.6457312011717,412.48819637229144,26325.712665886498,1.693871912022587,0.007597135262330994
Standard_GA_Ablation,rastrigin,50,128,200,0.8,1.0,0.6,0.7,3140.6457312011717,412.48819637229144,26075.19161980842,1.7016935950377956,0.0076701258006505665
Standard_GA_Ablation,rastrigin,50,128,200,0.8,1.0,0.6,0.8,3140.6457312011717,412.48819637229144,26299.51771731792,1.7035790299996734,0.007604702190728858
Standard_GA_Ablation,rastrigin,50,128,200,0.8,1.0,0.6,0.9,3140.6457312011717,412.48819637229144,26191.270202178002,1.6708055749768391,0.007636132133193314
Standard_GA_Ablation,rastrigin,50,128,200,0.8,1.0,0.6,1.0,3140.6457312011717,412.48819637229144,26361.169544220244,1.7042417700286023,0.007586916796863079
Standard_GA_Ablation,rastrigin,50,128,200,0.8,1.0,0.7,0.5,3140.6457312011717,412.48819637229144,26349.1507090188,1.7966522040078416,0.007590377473970875
Standard_GA_Ablation,rastrigin,50,128,200,0.8,1.0,0.7,0.7,3140.6457312011717,412.48819637229144,26374.40931082321,1.7539676849846728,0.0075831082183867695
Standard_GA_Ablation,rastrigin,50,128,200,0.8,1.0,0.7,0.8,3140.6457312011717,412.48819637229144,26320.013207667038,1.7444495149538852,0.007598780381376855
Standard_GA_Ablation,rastrigin,50,128,200,0.8,1.0,0.7,0.9,3140.6457312011717,412.48819637229144,26287.35993655271,1.7217667539953254,0.007608219329849817
Standard_GA_Ablation,rastrigin,50,128,200,0.8,1.0,0.7,1.0,3140.6457312011717,412.48819637229144,26523.89468394028,1.7380286719999276,0.0075403707631630824
Standard_GA_Ablation,rastrigin,50,128,200,0.9,0.5,0.5,0.5,3140.6457312011717,412.48819637229144,25929.11276470506,1.51038230600534,0.007713337583700195
Standard_GA_Ablation,rastrigin,50,128,200,0.9,0.5,0.5,0.7,3140.6457312011717,412.48819637229144,25693.108001281707,1.5523037259699777,0.00778418866218999
Standard_GA_Ablation,rastrigin,50,128,200,0.9,0.5,0.5,0.8,3140.6457312011717,412.48819637229144,25765.94183428105,1.5424436600296758,0.0077621847199043255
Standard_GA_Ablation,rastrigin,50,128,200,0.9,0.5,0.5,0.9,3140.6457312011717,412.48819637229144,25469.520961172413,1.5767597489757463,0.007852523033507168
Standard_GA_Ablation,rastrigin,50,128,200,0.9,0.5,0.5,1.0,3140.6457312011717,412.48819637229144,25588.151410102382,1.530637463030871,0.007816117577021942
Standard_GA_Ablation,rastrigin,50,128,200,0.9,0.5,0.2,0.5,3140.6457312011717,412.48819637229144,25606.16887699037,1.6834936880040914,0.007810617861687206
Standard_GA_Ablation,rastrigin,50,128,200,0.9,0.5,0.2,0.7,3140.6457312011717,412.48819637229144,25291.03283864277,1.619218492996879,0.007907941177254543
Standard_GA_Ablation,rastrigin,50,128,200,0.9,0.5,0.2,0.8,3140.6457312011717,412.48819637229144,25571.178073848256,1.6970548469689675,0.007821305667748675
Standard_GA_Ablation,rastrigin,50,128,200,0.9,0.5,0.2,0.9,3140.6457312011717,412.48819637229144,25567.1912845662,1.710519985994324,0.007822525273659266
Standard_GA_Ablation,rastrigin,50,128,200,0.9,0.5,0.2,1.0,3140.6457312011717,412.48819637229144,25941.28197107066,1.6820654019829817,0.007709719212143682
Standard_GA_Ablation,rastrigin,50,128,200,0.9,0.5,0.4,0.5,3140.6457312011717,412.48819637229144,25756.550146214217,1.6245242439908907,0.007765015068580397
Standard_GA_Ablation,rastrigin,50,128,200,0.9,0.5,0.4,0.7,3140.6457312011717,412.48819637229144,25732.257356810853,1.639726713008713,0.007772345707053319
Standard_GA_Ablation,rastrigin,50,128,200,0.9,0.5,0.4,0.8,3140.6457312011717,412.48819637229144,25723.896468554296,1.6687408490106463,0.007774871907313355
Standard_GA_Ablation,rastrigin,50,128,200,0.9,0.5,0.4,0.9,3140.6457312011717,412.48819637229144,25716.868907257907,1.6114871290046722,0.0077769965201150626
Standard_GA_Ablation,rastrigin,50,128,200,0.9,0.5,0.4,1.0,3140.6457312011717,412.48819637229144,26048.40856536051,1.643650989048183,0.007678012247779407
Standard_GA_Ablation,rastrigin,50,128,200,0.9,0.5,0.3,0.5,3140.6457312011717,412.48819637229144,25780.160204515,1.6436578470165841,0.007757903690799139
Standard_GA_Ablation,rastrigin,50,128,200,0.9,0.5,0.3,0.7,3140.6457312011717,412.48819637229144,25530.920163121755,1.6298588830395602,0.007833638534066267
Standard_GA_Ablation,rastrigin,50,128,200,0.9,0.5,0.3,0.8,3140.6457312011717,412.48819637229144,25287.853486218355,1.64887151500443,0.00790893541474361
Standard_GA_Ablation,rastrigin,50,128,200,0.9,0.5,0.3,0.9,3140.6457312011717,412.48819637229144,25328.43268314271,1.6403788099996746,0.007896264348528349
Standard_GA_Ablation,rastrigin,50,128,200,0.9,0.5,0.3,1.0,3140.6457312011717,412.48819637229144,25507.750400301335,1.634143382019829,0.00784075415751431
Standard_GA_Ablation,rastrigin,50,128,200,0.9,0.5,0.6,0.5,3140.6457312011717,412.48819637229144,26181.917511266616,1.6828659000457264,0.007638859908329323
Standard_GA_Ablation,rastrigin,50,128,200,0.9,0.5,0.6,0.7,3140.6457312011717,412.48819637229144,26172.411420566426,1.661210123973433,0.007641634421306662
Standard_GA_Ablation,rastrigin,50,128,200,0.9,0.5,0.6,0.8,3140.6457312011717,412.48819637229144,26307.647532145184,1.6561623119632713,0.007602352120447904
Standard_GA_Ablation,rastrigin,50,128,200,0.9,0.5,0.6,0.9,3140.6457312011717,412.48819637229144,26229.595703391566,1.651963793032337,0.007624974561622366
Standard_GA_Ablation,rastrigin,50,128,200,0.9,0.5,0.6,1.0,3140.6457312011717,412.48819637229144,26102.594247764304,1.6909295210498385,0.007662073665997014
Standard_GA_Ablation,rastrigin,50,128,200,0.9,0.5,0.7,0.5,3140.6457312011717,412.48819637229144,26114.573047802856,1.7589151680003852,0.007658559059491381
Standard_GA_Ablation,rastrigin,50,128,200,0.9,0.5,0.7,0.7,3140.6457312011717,412.48819637229144,26285.569442686847,1.7866272639948875,0.007608737578848377
Standard_GA_Ablation,rastrigin,50,128,200,0.9,0.5,0.7,0.8,3140.6457312011717,412.48819637229144,26265.75756570228,1.7716671820380725,0.007614476738381199
Standard_GA_Ablation,rastrigin,50,128,200,0.9,0.5,0.7,0.9,3140.6457312011717,412.48819637229144,26170.488877899297,1.7638326860032976,0.007642195792868733
Standard_GA_Ablation,rastrigin,50,128,200,0.9,0.5,0.7,1.0,3140.6457312011717,412.48819637229144,26221.547754412568,1.7367438570363447,0.007627314827986993
Standard_GA_Ablation,rastrigin,50,128,200,0.9,0.8,0.5,0.5,3140.6457312011717,412.48819637229144,25913.43604502985,1.5231225450406782,0.0077180038823280485
Standard_GA_Ablation,rastrigin,50,128,200,0.9,0.8,0.5,0.7,3140.6457312011717,412.48819637229144,25748.657307531197,1.6158190450514667,0.007767395309638232
Standard_GA_Ablation,rastrigin,50,128,200,0.9,0.8,0.5,0.8,3140.6457312011717,412.48819637229144,25673.05797053813,1.5193432070082054,0.007790267923264764
Standard_GA_Ablation,rastrigin,50,128,200,0.9,0.8,0.5,0.9,3140.6457312011717,412.48819637229144,25784.26635213138,1.5552886640070938,0.00775666824367363
Standard_GA_Ablation,rastrigin,50,128,200,0.9,0.8,0.5,1.0,3140.6457312011717,412.48819637229144,26217.03479679555,1.5486040420364588,0.007628627781523392
Standard_GA_Ablation,rastrigin,50,128,200,0.9,0.8,0.2,0.5,3140.6457312011717,412.48819637229144,25512.08345215312,1.6801933859824203,0.00783942245936487
Standard_GA_Ablation,rastrigin,50,128,200,0.9,0.8,0.2,0.7,3140.6457312011717,412.48819637229144,25362.975892267325,1.62995770201087,0.007885509998886845
Standard_GA_Ablation,rastrigin,50,128,200,0.9,0.8,0.2,0.8,3140.6457312011717,412.48819637229144,25168.304993315443,1.6327518540201709,0.007946502557606436
Standard_GA_Ablation,rastrigin,50,128,200,0.9,0.8,0.2,0.9,3140.6457312011717,412.48819637229144,25718.790454829563,1.690296903019771,0.007776415471453219
Standard_GA_Ablation,rastrigin,50,128,200,0.9,0.8,0.2,1.0,3140.6457312011717,412.48819637229144,25505.613458263353,1.6520170100266114,0.007841411081026308
Standard_GA_Ablation,rastrigin,50,128,200,0.9,0.8,0.4,0.5,3140.6457312011717,412.48819637229144,25106.23053704302,1.6483632369781844,0.007966150064021349
Standard_GA_Ablation,rastrigin,50,128,200,0.9,0.8,0.4,0.7,3140.6457312011717,412.48819637229144,25513.50613813312,1.6276516859652475,0.007838985316921026
Standard_GA_Ablation,rastrigin,50,128,200,0.9,0.8,0.4,0.8,3140.6457312011717,412.48819637229144,25576.163182174663,1.6517520030029118,0.00781978119921405
Standard_GA_Ablation,rastrigin,50,128,200,0.9,0.8,0.4,0.9,3140.6457312011717,412.48819637229144,25772.654789597706,1.6418930839863606,0.007760162918129936
Standard_GA_Ablation,rastrigin,50,128,200,0.9,0.8,0.4,1.0,3140.6457312011717,412.48819637229144,25935.179121478366,1.6568916990072466,0.007711533398833126
Standard_GA_Ablation,rastrigin,50,128,200,0.9,0.8,0.3,0.5,3140.6457312011717,412.48819637229144,25654.736396142664,1.6184754670248367,0.00779583141731564
Standard_GA_Ablation,rastrigin,50,128,200,0.9,0.8,0.3,0.7,3140.6457312011717,412.48819637229144,25719.018512740415,1.6399237590376288,0.007776346515747719
Standard_GA_Ablation,rastrigin,50,128,200,0.9,0.8,0.3,0.8,3140.6457312011717,412.48819637229144,25594.11939123738,1.6266424600034952,0.00781429503171239
Standard_GA_Ablation,rastrigin,50,128,200,0.9,0.8,0.3,0.9,3140.6457312011717,412.48819637229144,25572.976342961814,1.612497853988316,0.007820755680440925
Standard_GA_Ablation,rastrigin,50,128,200,0.9,0.8,0.3,1.0,3140.6457312011717,412.48819637229144,25787.417945321693,1.625742451986298,0.007755720267305151
Standard_GA_Ablation,rastrigin,50,128,200,0.9,0.8,0.6,0.5,3140.6457312011717,412.48819637229144,26178.961983840523,1.624791163019836,0.007639722313033417
Standard_GA_Ablation,rastrigin,50,128,200,0.9,0.8,0.6,0.7,3140.6457312011717,412.48819637229144,26297.970120498718,1.6778076300397515,0.007605149716255255
Standard_GA_Ablation,rastrigin,50,128,200,0.9,0.8,0.6,0.8,3140.6457312011717,412.48819637229144,26338.192284809935,1.670851210015826,0.007593535571359098
Standard_GA_Ablation,rastrigin,50,128,200,0.9,0.8,0.6,0.9,3140.6457312011717,412.48819637229144,26426.12443069271,1.730530266999267,0.007568268306786194
Standard_GA_Ablation,rastrigin,50,128,200,0.9,0.8,0.6,1.0,3140.6457312011717,412.48819637229144,26216.86337946317,1.6571763069950975,0.007628677660832182
Standard_GA_Ablation,rastrigin,50,128,200,0.9,0.8,0.7,0.5,3140.6457312011717,412.48819637229144,25974.443553564728,1.750278868013993,0.0076998762105358765
Standard_GA_Ablation,rastrigin,50,128,200,0.9,0.8,0.7,0.7,3140.6457312011717,412.48819637229144,25816.288320132273,1.776736690022517,0.0077470470394473525
Standard_GA_Ablation,rastrigin,50,128,200,0.9,0.8,0.7,0.8,3140.6457312011717,412.48819637229144,26190.083413110147,1.7343623049673624,0.007636478160275146
Standard_GA_Ablation,rastrigin,50,128,200,0.9,0.8,0.7,0.9,3140.6457312011717,412.48819637229144,26168.23760732118,1.7617391570238397,0.007642853255965747
Standard_GA_Ablation,rastrigin,50,128,200,0.9,0.8,0.7,1.0,3140.6457312011717,412.48819637229144,26225.713726721788,1.7835399630130269,0.007626103223883547
Standard_GA_Ablation,rastrigin,50,128,200,0.9,1.0,0.5,0.5,3140.6457312011717,412.48819637229144,25433.2309209909,1.5867772500496358,0.007863727601943538
Standard_GA_Ablation,rastrigin,50,128,200,0.9,1.0,0.5,0.7,3140.6457312011717,412.48819637229144,25699.83549456412,1.5750357199576683,0.007782150980783626
Standard_GA_Ablation,rastrigin,50,128,200,0.9,1.0,0.5,0.8,3140.6457312011717,412.48819637229144,25749.4361824813,1.5234317270223983,0.007767160359653644
Standard_GA_Ablation,rastrigin,50,128,200,0.9,1.0,0.5,0.9,3140.6457312011717,412.48819637229144,25903.890185736393,1.5463822729652748,0.007720848048920743
Standard_GA_Ablation,rastrigin,50,128,200,0.9,1.0,0.5,1.0,3140.6457312011717,412.48819637229144,26114.011556942616,1.525503306009341,0.007658723730128258
Standard_GA_Ablation,rastrigin,50,128,200,0.9,1.0,0.2,0.5,3140.6457312011717,412.48819637229144,25592.78239094458,1.6238186690025032,0.007814703260664827
Standard_GA_Ablation,rastrigin,50,128,200,0.9,1.0,0.2,0.7,3140.6457312011717,412.48819637229144,25753.52214562734,1.5931577909504995,0.007765928049338982
Standard_GA_Ablation,rastrigin,50,128,200,0.9,1.0,0.2,0.8,3140.6457312011717,412.48819637229144,25708.192351300077,1.6406223889789544,0.007779621268855408
Standard_GA_Ablation,rastrigin,50,128,200,0.9,1.0,0.2,0.9,3140.6457312011717,412.48819637229144,25668.493353381284,1.6505742709850892,0.007791653263266199
Standard_GA_Ablation,rastrigin,50,128,200,0.9,1.0,0.2,1.0,3140.6457312011717,412.48819637229144,25693.03787591977,1.6684399440418929,0.007784209907986224
Standard_GA_Ablation,rastrigin,50,128,200,0.9,1.0,0.4,0.5,3140.6457312011717,412.48819637229144,25497.14053146282,1.7213381209876388,0.007844016851740888
Standard_GA_Ablation,rastrigin,50,128,200,0.9,1.0,0.4,0.7,3140.6457312011717,412.48819637229144,25227.263937043474,1.646676506032236,0.007927930690348148
Standard_GA_Ablation,rastrigin,50,128,200,0.9,1.0,0.4,0.8,3140.6457312011717,412.48819637229144,25630.28293059133,1.6555183079908602,0.007803269302239641
Standard_GA_Ablation,rastrigin,50,128,200,0.9,1.0,0.4,0.9,3140.6457312011717,412.48819637229144,25601.03601452032,1.6539527249988168,0.0078121838462539015
Standard_GA_Ablation,rastrigin,50,128,200,0.9,1.0,0.4,1.0,3140.6457312011717,412.48819637229144,25667.51553803382,1.6639284529956058,0.007791950089740567
Standard_GA_Ablation,rastrigin,50,128,200,0.9,1.0,0.3,0.5,3140.6457312011717,412.48819637229144,25328.44206530653,1.639689719013404,0.007896261423593388
Standard_GA_Ablation,rastrigin,50,128,200,0.9,1.0,0.3,0.7,3140.6457312011717,412.48819637229144,25482.55593446802,1.6907774040009826,0.00784850626892876
Standard_GA_Ablation,rastrigin,50,128,200,0.9,1.0,0.3,0.8,3140.6457312011717,412.48819637229144,25662.072554802784,1.6535029929946177,0.007793602779856883
Standard_GA_Ablation,rastrigin,50,128,200,0.9,1.0,0.3,0.9,3140.6457312011717,412.48819637229144,25300.623962819125,1.6599809399922378,0.007904943383764476
Standard_GA_Ablation,rastrigin,50,128,200,0.9,1.0,0.3,1.0,3140.6457312011717,412.48819637229144,25504.097862898525,1.6671216569957323,0.007841877061291597
Standard_GA_Ablation,rastrigin,50,128,200,0.9,1.0,0.6,0.5,3140.6457312011717,412.48819637229144,25849.49776144259,1.692444328975398,0.007737094230833463
Standard_GA_Ablation,rastrigin,50,128,200,0.9,1.0,0.6,0.7,3140.6457312011717,412.48819637229144,25953.436638251584,1.6999056380009279,0.007706108550773933
Standard_GA_Ablation,rastrigin,50,128,200,0.9,1.0,0.6,0.8,3140.6457312011717,412.48819637229144,25857.68486673747,1.7036484950222075,0.007734644498559646
Standard_GA_Ablation,rastrigin,50,128,200,0.9,1.0,0.6,0.9,3140.6457312011717,412.48819637229144,26105.114790398024,1.6631846209638752,0.007661333865253255
Standard_GA_Ablation,rastrigin,50,128,200,0.9,1.0,0.6,1.0,3140.6457312011717,412.48819637229144,26091.121604243315,1.6402469329768792,0.007665442790603265
Standard_GA_Ablation,rastrigin,50,128,200,0.9,1.0,0.7,0.5,3140.6457312011717,412.48819637229144,26046.252743234058,1.7237218210357241,0.007678647749125958
Standard_GA_Ablation,rastrigin,50,128,200,0.9,1.0,0.7,0.7,3140.6457312011717,412.48819637229144,25995.95197667914,1.7676957200164907,0.0076935055188369
Standard_GA_Ablation,rastrigin,50,128,200,0.9,1.0,0.7,0.8,3140.6457312011717,412.48819637229144,26005.791956148958,1.7344091329723597,0.007690594477462582
Standard_GA_Ablation,rastrigin,50,128,200,0.9,1.0,0.7,0.9,3140.6457312011717,412.48819637229144,26001.089424581292,1.7583470920217223,0.007691985390847549
Standard_GA_Ablation,rastrigin,50,128,200,0.9,1.0,0.7,1.0,3140.6457312011717,412.48819637229144,26184.248831078374,1.7595895580016077,0.007638179780915379
Standard_GA_Ablation,rastrigin,50,128,200,1.0,0.5,0.5,0.5,3140.6457312011717,412.48819637229144,25871.86658277264,1.5477032130002044,0.007730404737521894
Standard_GA_Ablation,rastrigin,50,128,200,1.0,0.5,0.5,0.7,3140.6457312011717,412.48819637229144,25623.767091564707,1.52453624404734,0.007805253586848266
Standard_GA_Ablation,rastrigin,50,128,200,1.0,0.5,0.5,0.8,3140.6457312011717,412.48819637229144,25790.695499229852,1.5537917439942248,0.007754734648624435
Standard_GA_Ablation,rastrigin,50,128,200,1.0,0.5,0.5,0.9,3140.6457312011717,412.48819637229144,25878.850013583808,1.5447731200256385,0.007728318680892699
Standard_GA_Ablation,rastrigin,50,128,200,1.0,0.5,0.5,1.0,3140.6457312011717,412.48819637229144,26225.383956401598,1.5406813530134968,0.007626199118094519
Standard_GA_Ablation,rastrigin,50,128,200,1.0,0.5,0.2,0.5,3140.6457312011717,412.48819637229144,25664.590534671097,1.653100166004151,0.007792838141322136
Standard_GA_Ablation,rastrigin,50,128,200,1.0,0.5,0.2,0.7,3140.6457312011717,412.48819637229144,25622.682880209184,1.6759311190107837,0.007805583862354979
Standard_GA_Ablation,rastrigin,50,128,200,1.0,0.5,0.2,0.8,3140.6457312011717,412.48819637229144,25555.112059009265,1.6329991479869932,0.007826222774456255
Standard_GA_Ablation,rastrigin,50,128,200,1.0,0.5,0.2,0.9,3140.6457312011717,412.48819637229144,25391.50717236527,1.6140905120410025,0.007876649410463869
Standard_GA_Ablation,rastrigin,50,128,200,1.0,0.5,0.2,1.0,3140.6457312011717,412.48819637229144,25809.62160909711,1.6351651130244136,0.007749048127443529
Standard_GA_Ablation,rastrigin,50,128,200,1.0,0.5,0.4,0.5,3140.6457312011717,412.48819637229144,25920.97215874352,1.6370151580194943,0.007715759994462132
Standard_GA_Ablation,rastrigin,50,128,200,1.0,0.5,0.4,0.7,3140.6457312011717,412.48819637229144,25616.458505835497,1.593034590012394,0.007807480489718728
Standard_GA_Ablation,rastrigin,50,128,200,1.0,0.5,0.4,0.8,3140.6457312011717,412.48819637229144,25495.89253628605,1.6447777589783072,0.007844400807516649
Standard_GA_Ablation,rastrigin,50,128,200,1.0,0.5,0.4,0.9,3140.6457312011717,412.48819637229144,25394.375414121,1.580092859978322,0.007875759759335778
Standard_GA_Ablation,rastrigin,50,128,200,1.0,0.5,0.4,1.0,3140.6457312011717,412.48819637229144,25607.79764341589,1.6215879860101268,0.0078101210726890715
Standard_GA_Ablation,rastrigin,50,128,200,1.0,0.5,0.3,0.5,3140.6457312011717,412.48819637229144,25731.71459459945,1.643255252041854,0.007772509650094434
Standard_GA_Ablation,rastrigin,50,128,200,1.0,0.5,0.3,0.7,3140.6457312011717,412.48819637229144,25754.03172432153,1.6622424130328,0.007765774389845319
Standard_GA_Ablation,rastrigin,50,128,200,1.0,0.5,0.3,0.8,3140.6457312011717,412.48819637229144,25495.194717556784,1.643339941976592,0.007844615513458848
Standard_GA_Ablation,rastrigin,50,128,200,1.0,0.5,0.3,0.9,3140.6457312011717,412.48819637229144,25544.81857319698,1.630656066001393,0.007829376412555576
Standard_GA_Ablation,rastrigin,50,128,200,1.0,0.5,0.3,1.0,3140.6457312011717,412.48819637229144,25487.69441806026,1.6508857040316798,0.007846923959441483
Standard_GA_Ablation,rastrigin,50,128,200,1.0,0.5,0.6,0.5,3140.6457312011717,412.48819637229144,26041.002301115535,1.675263040990103,0.007680195934372022
Standard_GA_Ablation,rastrigin,50,128,200,1.0,0.5,0.6,0.7,3140.6457312011717,412.48819637229144,25946.070972624337,1.676891595008783,0.007708296189084649
Standard_GA_Ablation,rastrigin,50,128,200,1.0,0.5,0.6,0.8,3140.6457312011717,412.48819637229144,25974.00623837471,1.6221701779868454,0.007700005850638263
Standard_GA_Ablation,rastrigin,50,128,200,1.0,0.5,0.6,0.9,3140.6457312011717,412.48819637229144,26374.04961244407,1.6550232719746418,0.0075832116394303735
Standard_GA_Ablation,rastrigin,50,128,200,1.0,0.5,0.6,1.0,3140.6457312011717,412.48819637229144,26227.2004093492,1.6615846179774962,0.00762567094003316
Standard_GA_Ablation,rastrigin,50,128,200,1.0,0.5,0.7,0.5,3140.6457312011717,412.48819637229144,26186.021398767807,1.7085244439658709,0.00763766274205409
Standard_GA_Ablation,rastrigin,50,128,200,1.0,0.5,0.7,0.7,3140.6457312011717,412.48819637229144,26131.19827823892,1.6767373739858158,0.0076536865194793795
Standard_GA_Ablation,rastrigin,50,128,200,1.0,0.5,0.7,0.8,3140.6457312011717,412.48819637229144,26101.64736736376,1.740556905977428,0.007662351620383561
Standard_GA_Ablation,rastrigin,50,128,200,1.0,0.5,0.7,0.9,3140.6457312011717,412.48819637229144,26162.37534057847,1.7357452629948966,0.007644565808586776
Standard_GA_Ablation,rastrigin,50,128,200,1.0,0.5,0.7,1.0,3140.6457312011717,412.48819637229144,26238.25815795917,1.7201343899942003,0.00762245720718056
Standard_GA_Ablation,rastrigin,50,128,200,1.0,0.8,0.5,0.5,3140.6457312011717,412.48819637229144,25817.4984249151,1.5053648549946956,0.007746683923760429
Standard_GA_Ablation,rastrigin,50,128,200,1.0,0.8,0.5,0.7,3140.6457312011717,412.48819637229144,25726.23822327704,1.5390547580318525,0.007774164192378521
Standard_GA_Ablation,rastrigin,50,128,200,1.0,0.8,0.5,0.8,3140.6457312011717,412.48819637229144,25697.587168920043,1.5238923959550448,0.007782831854419783
Standard_GA_Ablation,rastrigin,50,128,200,1.0,0.8,0.5,0.9,3140.6457312011717,412.48819637229144,25826.9680584621,1.5394575310056098,0.0077438435493968425
Standard_GA_Ablation,rastrigin,50,128,200,1.0,0.8,0.5,1.0,3140.6457312011717,412.48819637229144,25880.64621768533,1.4924621080281213,0.0077277823095209894
Standard_GA_Ablation,rastrigin,50,128,200,1.0,0.8,0.2,0.5,3140.6457312011717,412.48819637229144,25398.22096293638,1.6685796619858593,0.007874567289254628
Standard_GA_Ablation,rastrigin,50,128,200,1.0,0.8,0.2,0.7,3140.6457312011717,412.48819637229144,25611.90545173905,1.6672645389917307,0.007808868433348834
Standard_GA_Ablation,rastrigin,50,128,200,1.0,0.8,0.2,0.8,3140.6457312011717,412.48819637229144,25552.12623025786,1.6253633090527728,0.007827137287822552
Standard_GA_Ablation,rastrigin,50,128,200,1.0,0.8,0.2,0.9,3140.6457312011717,412.48819637229144,25584.166276270054,1.6281154950265773,0.007817335059517063
Standard_GA_Ablation,rastrigin,50,128,200,1.0,0.8,0.2,1.0,3140.6457312011717,412.48819637229144,25902.457587817342,1.6608947520144284,0.007721275069052354
Standard_GA_Ablation,rastrigin,50,128,200,1.0,0.8,0.4,0.5,3140.6457312011717,412.48819637229144,25842.087818828062,1.5880836370051838,0.007739312759949826
Standard_GA_Ablation,rastrigin,50,128,200,1.0,0.8,0.4,0.7,3140.6457312011717,412.48819637229144,25513.579977670088,1.648195323010441,0.007838962629903109
Standard_GA_Ablation,rastrigin,50,128,200,1.0,0.8,0.4,0.8,3140.6457312011717,412.48819637229144,25433.065403835695,1.6605220339843072,0.00786377877870109
Standard_GA_Ablation,rastrigin,50,128,200,1.0,0.8,0.4,0.9,3140.6457312011717,412.48819637229144,25373.258167227756,1.638905361003708,0.00788231446989812
Standard_GA_Ablation,rastrigin,50,128,200,1.0,0.8,0.4,1.0,3140.6457312011717,412.48819637229144,25600.75518928456,1.6405095889931545,0.007812269541318528
Standard_GA_Ablation,rastrigin,50,128,200,1.0,0.8,0.3,0.5,3140.6457312011717,412.48819637229144,25545.008045586077,1.5915032690390944,0.007829318340518511
Standard_GA_Ablation,rastrigin,50,128,200,1.0,0.8,0.3,0.7,3140.6457312011717,412.48819637229144,25602.180670510745,1.6134538589976728,0.007811834568856284
Standard_GA_Ablation,rastrigin,50,128,200,1.0,0.8,0.3,0.8,3140.6457312011717,412.48819637229144,25518.17511494786,1.64104027999565,0.007837551043485292
Standard_GA_Ablation,rastrigin,50,128,200,1.0,0.8,0.3,0.9,3140.6457312011717,412.48819637229144,25286.474772035876,1.6366407469613478,0.007909366639796644
Standard_GA_Ablation,rastrigin,50,128,200,1.0,0.8,0.3,1.0,3140.6457312011717,412.48819637229144,25514.026756148465,1.6802075309678912,0.007838825361104682
Standard_GA_Ablation,rastrigin,50,128,200,1.0,0.8,0.6,0.5,3140.6457312011717,412.48819637229144,25910.30063288428,1.6433599639567547,0.007718937839963473
Standard_GA_Ablation,rastrigin,50,128,200,1.0,0.8,0.6,0.7,3140.6457312011717,412.48819637229144,26082.89733560926,1.6552720559993759,0.007667859802022576
Standard_GA_Ablation,rastrigin,50,128,200,1.0,0.8,0.6,0.8,3140.6457312011717,412.48819637229144,25994.861898331525,1.6250289590097964,0.007693828141200356
Standard_GA_Ablation,rastrigin,50,128,200,1.0,0.8,0.6,0.9,3140.6457312011717,412.48819637229144,26149.868553743345,1.6294080630177632,0.007648222001153044
Standard_GA_Ablation,rastrigin,50,128,200,1.0,0.8,0.6,1.0,3140.6457312011717,412.48819637229144,26362.67279147154,1.6428260650136508,0.007586484177154489
Standard_GA_Ablation,rastrigin,50,128,200,1.0,0.8,0.7,0.5,3140.6457312011717,412.48819637229144,26340.332603256982,1.7221289669978432,0.007592918548616581
Standard_GA_Ablation,rastrigin,50,128,200,1.0,0.8,0.7,0.7,3140.6457312011717,412.48819637229144,26296.68966930451,1.750891868956387,0.007605520029901527
Standard_GA_Ablation,rastrigin,50,128,200,1.0,0.8,0.7,0.8,3140.6457312011717,412.48819637229144,26349.214257487787,1.694949708005879,0.007590359167661518
Standard_GA_Ablation,rastrigin,50,128,200,1.0,0.8,0.7,0.9,3140.6457312011717,412.48819637229144,26261.924371538124,1.7427852380205877,0.007615588148473762
Standard_GA_Ablation,rastrigin,50,128,200,1.0,0.8,0.7,1.0,3140.6457312011717,412.48819637229144,26428.767999414405,1.6960907710017636,0.007567511281813495
Standard_GA_Ablation,rastrigin,50,128,200,1.0,1.0,0.5,0.5,3140.6457312011717,412.48819637229144,26202.542879559584,1.4724391850177199,0.007632846969063394
Standard_GA_Ablation,rastrigin,50,128,200,1.0,1.0,0.5,0.7,3140.6457312011717,412.48819637229144,26195.56824797257,1.492431694001425,0.00763487923250068
Standard_GA_Ablation,rastrigin,50,128,200,1.0,1.0,0.5,0.8,3140.6457312011717,412.48819637229144,26025.46510093391,1.5135462519829161,0.007684781010611914
Standard_GA_Ablation,rastrigin,50,128,200,1.0,1.0,0.5,0.9,3140.6457312011717,412.48819637229144,26138.06784417147,1.484381387999747,0.00765167498961091
Standard_GA_Ablation,rastrigin,50,128,200,1.0,1.0,0.5,1.0,3140.6457312011717,412.48819637229144,26209.569288353243,1.529843108030036,0.0076308007125044245
Standard_GA_Ablation,rastrigin,50,128,200,1.0,1.0,0.2,0.5,3140.6457312011717,412.48819637229144,25927.478842481163,1.59090999601176,0.007713823670055717
Standard_GA_Ablation,rastrigin,50,128,200,1.0,1.0,0.2,0.7,3140.6457312011717,412.48819637229144,25761.216998847663,1.6173635300365277,0.0077636083733523265
Standard_GA_Ablation,rastrigin,50,128,200,1.0,1.0,0.2,0.8,3140.6457312011717,412.48819637229144,25815.0206355802,1.6155451590311714,0.007747427469585091
Standard_GA_Ablation,rastrigin,50,128,200,1.0,1.0,0.2,0.9,3140.6457312011717,412.48819637229144,26089.309890091332,1.6094697999651544,0.0076659751002443955
Standard_GA_Ablation,rastrigin,50,128,200,1.0,1.0,0.2,1.0,3140.6457312011717,412.48819637229144,25522.745390403416,1.6048040729947388,0.007836147598573007
Standard_GA_Ablation,rastrigin,50,128,200,1.0,1.0,0.4,0.5,3140.6457312011717,412.48819637229144,25449.709181392314,1.6143476380384527,0.007858635970042088
Standard_GA_Ablation,rastrigin,50,128,200,1.0,1.0,0.4,0.7,3140.6457312011717,412.48819637229144,25596.753720955512,1.609842011006549,0.007813490811386145
Standard_GA_Ablation,rastrigin,50,128,200,1.0,1.0,0.4,0.8,3140.6457312011717,412.48819637229144,25517.581747476295,1.594521971012,0.007837733292253688
Standard_GA_Ablation,rastrigin,50,128,200,1.0,1.0,0.4,0.9,3140.6457312011717,412.48819637229144,25527.04656076467,1.6302334709907882,0.007834827249753288
Standard_GA_Ablation,rastrigin,50,128,200,1.0,1.0,0.4,1.0,3140.6457312011717,412.48819637229144,25584.355696538543,1.586147123016417,0.007817277181893588
Standard_GA_Ablation,rastrigin,50,128,200,1.0,1.0,0.3,0.5,3140.6457312011717,412.48819637229144,25786.542375066318,1.5719361149822362,0.007755983609240502
Standard_GA_Ablation,rastrigin,50,128,200,1.0,1.0,0.3,0.7,3140.6457312011717,412.48819637229144,25620.974134578486,1.711910034995526,0.007806104441988282
Standard_GA_Ablation,rastrigin,50,128,200,1.0,1.0,0.3,0.8,3140.6457312011717,412.48819637229144,25580.636068404405,1.6318849429953843,0.007818413876229897
Standard_GA_Ablation,rastrigin,50,128,200,1.0,1.0,0.3,0.9,3140.6457312011717,412.48819637229144,25642.586287837312,1.66638754500309,0.007799525280133821
Standard_GA_Ablation,rastrigin,50,128,200,1.0,1.0,0.3,1.0,3140.6457312011717,412.48819637229144,25474.995967796793,1.6136751400190406,0.00785083539376501
Standard_GA_Ablation,rastrigin,50,128,200,1.0,1.0,0.6,0.5,3140.6457312011717,412.48819637229144,26287.247455521006,1.646440279961098,0.007608251884812489
Standard_GA_Ablation,rastrigin,50,128,200,1.0,1.0,0.6,0.7,3140.6457312011717,412.48819637229144,26066.24996297489,1.6215777000179514,0.007672756928368472
Standard_GA_Ablation,rastrigin,50,128,200,1.0,1.0,0.6,0.8,3140.6457312011717,412.48819637229144,25986.647949388356,1.6600377259892412,0.007696260032826103
Standard_GA_Ablation,rastrigin,50,128,200,1.0,1.0,0.6,0.9,3140.6457312011717,412.48819637229144,25953.919472739482,1.6584587639663368,0.007705965189961717
Standard_GA_Ablation,rastrigin,50,128,200,1.0,1.0,0.6,1.0,3140.6457312011717,412.48819637229144,26197.872844299767,1.660015728964936,0.007634207601076923
Standard_GA_Ablation,rastrigin,50,128,200,1.0,1.0,0.7,0.5,3140.6457312011717,412.48819637229144,26185.819424338126,1.7454773099743761,0.00763772165228147
Standard_GA_Ablation,rastrigin,50,128,200,1.0,1.0,0.7,0.7,3140.6457312011717,412.48819637229144,26238.629091458264,1.6800534749636427,0.00762234944908414
Standard_GA_Ablation,rastrigin,50,128,200,1.0,1.0,0.7,0.8,3140.6457312011717,412.48819637229144,26081.129275746673,1.7444280220079236,0.007668379612150602
Standard_GA_Ablation,rastrigin,50,128,200,1.0,1.0,0.7,0.9,3140.6457312011717,412.48819637229144,25816.54398476164,1.7401773969759233,0.007746970319421962
Standard_GA_Ablation,rastrigin,50,128,200,1.0,1.0,0.7,1.0,3140.6457312011717,412.48819637229144,26044.16642879114,1.7518605829682201,0.007679262860910967
Standard_GA_Ablation,ellipsoidal_rotated,50,128,200,0.8,0.5,0.5,0.5,11833542.065,2607768.59556575,26340.157823160465,1.4810351399937645,0.007592968931421637
Standard_GA_Ablation,ellipsoidal_rotated,50,128,200,0.8,0.5,0.5,0.7,11833542.065,2607768.59556575,26452.597867778564,1.478168165020179,0.007560694076237269
Standard_GA_Ablation,ellipsoidal_rotated,50,128,200,0.8,0.5,0.5,0.8,11833542.065,2607768.59556575,26620.1511054211,1.447097501019016,0.00751310536172241
Standard_GA_Ablation,ellipsoidal_rotated,50,128,200,0.8,0.5,0.5,0.9,11833542.065,2607768.59556575,26564.774532299856,1.4500503279850818,0.007528767080511898
Standard_GA_Ablation,ellipsoidal_rotated,50,128,200,0.8,0.5,0.5,1.0,11833542.065,2607768.59556575,26619.64731387374,1.4711672820267268,0.007513247551396489
Standard_GA_Ablation,ellipsoidal_rotated,50,128,200,0.8,0.5,0.2,0.5,11833542.065,2607768.59556575,28377.447679667734,1.5819406139780767,0.007047850189264864
Standard_GA_Ablation,ellipsoidal_rotated,50,128,200,0.8,0.5,0.2,0.7,11833542.065,2607768.59556575,28037.90752133472,1.61388259800151,0.007133199931122363
Standard_GA_Ablation,ellipsoidal_rotated,50,128,200,0.8,0.5,0.2,0.8,11833542.065,2607768.59556575,28262.795095412825,1.5193956210277975,0.007076440929668024
Standard_GA_Ablation,ellipsoidal_rotated,50,128,200,0.8,0.5,0.2,0.9,11833542.065,2607768.59556575,28291.998173080203,1.5664819980156608,0.007069136608042754
Standard_GA_Ablation,ellipsoidal_rotated,50,128,200,0.8,0.5,0.2,1.0,11833542.065,2607768.59556575,28736.693992571687,1.5340364759904332,0.0069597428309498355
Standard_GA_Ablation,ellipsoidal_rotated,50,128,200,0.8,0.5,0.4,0.5,11833542.065,2607768.59556575,28347.111212435077,1.6342594209709205,0.007055392646580003
Standard_GA_Ablation,ellipsoidal_rotated,50,128,200,0.8,0.5,0.4,0.7,11833542.065,2607768.59556575,28408.514795191924,1.565655347018037,0.007040142768528312
Standard_GA_Ablation,ellipsoidal_rotated,50,128,200,0.8,0.5,0.4,0.8,11833542.065,2607768.59556575,27813.448935893575,1.6119096190086566,0.007190765893901698
Standard_GA_Ablation,ellipsoidal_rotated,50,128,200,0.8,0.5,0.4,0.9,11833542.065,2607768.59556575,27982.63855799058,1.5524922650074586,0.007147288830019534
Standard_GA_Ablation,ellipsoidal_rotated,50,128,200,0.8,0.5,0.4,1.0,11833542.065,2607768.59556575,28071.97027553297,1.555324971966911,0.007124544449034147
Standard_GA_Ablation,ellipsoidal_rotated,50,128,200,0.8,0.5,0.3,0.5,11833542.065,2607768.59556575,27948.621163293272,1.5992376390495338,0.007155988083686679
Standard_GA_Ablation,ellipsoidal_rotated,50,128,200,0.8,0.5,0.3,0.7,11833542.065,2607768.59556575,28007.93341090581,1.6024992430466227,0.007140833886805922
Standard_GA_Ablation,ellipsoidal_rotated,50,128,200,0.8,0.5,0.3,0.8,11833542.065,2607768.59556575,28153.69581576009,1.5849357189727016,0.007103863070369698
Standard_GA_Ablation,ellipsoidal_rotated,50,128,200,0.8,0.5,0.3,0.9,11833542.065,2607768.59556575,28082.84468885739,1.5633621320012026,0.007121785638737492
Standard_GA_Ablation,ellipsoidal_rotated,50,128,200,0.8,0.5,0.3,1.0,11833542.065,2607768.59556575,28057.618424639055,1.5760878080036491,0.00712818874977529
Standard_GA_Ablation,ellipsoidal_rotated,50,128,200,0.8,0.5,0.6,0.5,11833542.065,2607768.59556575,29486.713126936702,1.6149136070162058,0.006782715969020501
Standard_GA_Ablation,ellipsoidal_rotated,50,128,200,0.8,0.5,0.6,0.7,11833542.065,2607768.59556575,29414.057667574907,1.5968600069754757,0.006799469908582978
Standard_GA_Ablation,ellipsoidal_rotated,50,128,200,0.8,0.5,0.6,0.8,11833542.065,2607768.59556575,29395.570870267253,1.5960617900127545,0.006803746077348478
Standard_GA_Ablation,ellipsoidal_rotated,50,128,200,0.8,0.5,0.6,0.9,11833542.065,2607768.59556575,29417.767354854444,1.6301382860401645,0.0067986124707385895
Standard_GA_Ablation,ellipsoidal_rotated,50,128,200,0.8,0.5,0.6,1.0,11833542.065,2607768.59556575,29218.882434971216,1.5930013550096191,0.006844888761406764
Standard_GA_Ablation,ellipsoidal_rotated,50,128,200,0.8,0.5,0.7,0.5,11833542.065,2607768.59556575,29177.914922445936,1.6715337539790198,0.006854499388718977
Standard_GA_Ablation,ellipsoidal_rotated,50,128,200,0.8,0.5,0.7,0.7,11833542.065,2607768.59556575,29274.867328560616,1.6603689609910361,0.006831798680941574
Standard_GA_Ablation,ellipsoidal_rotated,50,128,200,0.8,0.5,0.7,0.8,11833542.065,2607768.59556575,28977.474805690363,1.6809077459620312,0.006901912652538158
Standard_GA_Ablation,ellipsoidal_rotated,50,128,200,0.8,0.5,0.7,0.9,11833542.065,2607768.59556575,29093.498091415284,1.6718110410147347,0.006874388200812973
Standard_GA_Ablation,ellipsoidal_rotated,50,128,200,0.8,0.5,0.7,1.0,11833542.065,2607768.59556575,29447.023664267595,1.6848661709809676,0.006791857889620587
Standard_GA_Ablation,ellipsoidal_rotated,50,128,200,0.8,0.8,0.5,0.5,11833542.065,2607768.59556575,26846.89030724445,1.486461719032377,0.0074496523698326204
Standard_GA_Ablation,ellipsoidal_rotated,50,128,200,0.8,0.8,0.5,0.7,11833542.065,2607768.59556575,26840.15729015614,1.4753169199684635,0.0074515211605466905
Standard_GA_Ablation,ellipsoidal_rotated,50,128,200,0.8,0.8,0.5,0.8,11833542.065,2607768.59556575,26752.88285977994,1.4558071219944395,0.007475829840404913
Standard_GA_Ablation,ellipsoidal_rotated,50,128,200,0.8,0.8,0.5,0.9,11833542.065,2607768.59556575,26808.28018496897,1.4567354960017838,0.007460381591808982
Standard_GA_Ablation,ellipsoidal_rotated,50,128,200,0.8,0.8,0.5,1.0,11833542.065,2607768.59556575,26681.51034272043,1.4440099070197903,0.0074958275386597965
Standard_GA_Ablation,ellipsoidal_rotated,50,128,200,0.8,0.8,0.2,0.5,11833542.065,2607768.59556575,28188.52066632267,1.6035089659853838,0.007095086768385954
Standard_GA_Ablation,ellipsoidal_rotated,50,128,200,0.8,0.8,0.2,0.7,11833542.065,2607768.59556575,28181.463300259056,1.5865639119874686,0.007096863561309874
Standard_GA_Ablation,ellipsoidal_rotated,50,128,200,0.8,0.8,0.2,0.8,11833542.065,2607768.59556575,27950.993889846526,1.5627409289591014,0.007155380620388314
Standard_GA_Ablation,ellipsoidal_rotated,50,128,200,0.8,0.8,0.2,0.9,11833542.065,2607768.59556575,27759.161393659695,1.5612154609989375,0.007204828602843918
Standard_GA_Ablation,ellipsoidal_rotated,50,128,200,0.8,0.8,0.2,1.0,11833542.065,2607768.59556575,28023.117096144168,1.6070916010066867,0.007136964789242484
Standard_GA_Ablation,ellipsoidal_rotated,50,128,200,0.8,0.8,0.4,0.5,11833542.065,2607768.59556575,28210.14980143347,1.575770880037453,0.007089646861422807
Standard_GA_Ablation,ellipsoidal_rotated,50,128,200,0.8,0.8,0.4,0.7,11833542.065,2607768.59556575,27734.359874680056,1.5418309009983204,0.00721127153839916
Standard_GA_Ablation,ellipsoidal_rotated,50,128,200,0.8,0.8,0.4,0.8,11833542.065,2607768.59556575,28151.12526646986,1.5764787510270253,0.0071045117417816075
Standard_GA_Ablation,ellipsoidal_rotated,50,128,200,0.8,0.8,0.4,0.9,11833542.065,2607768.59556575,28052.148714533723,1.6373037680168636,0.007129578629974276
Standard_GA_Ablation,ellipsoidal_rotated,50,128,200,0.8,0.8,0.4,1.0,11833542.065,2607768.59556575,28505.231476669225,1.5618724420201033,0.007016255951602943
Standard_GA_Ablation,ellipsoidal_rotated,50,128,200,0.8,0.8,0.3,0.5,11833542.065,2607768.59556575,28282.80068153666,1.6038609410170466,0.007071435472462326
Standard_GA_Ablation,ellipsoidal_rotated,50,128,200,0.8,0.8,0.3,0.7,11833542.065,2607768.59556575,28214.63822369416,1.5374269369640388,0.007088519030949101
Standard_GA_Ablation,ellipsoidal_rotated,50,128,200,0.8,0.8,0.3,0.8,11833542.065,2607768.59556575,28173.660719723193,1.617278226010967,0.007098829008755274
Standard_GA_Ablation,ellipsoidal_rotated,50,128,200,0.8,0.8,0.3,0.9,11833542.065,2607768.59556575,27948.865246245154,1.5498522380366921,0.00715592558903154
Standard_GA_Ablation,ellipsoidal_rotated,50,128,200,0.8,0.8,0.3,1.0,11833542.065,2607768.59556575,28013.82890528402,1.5409019280341454,0.007139331102371216
Standard_GA_Ablation,ellipsoidal_rotated,50,128,200,0.8,0.8,0.6,0.5,11833542.065,2607768.59556575,28904.902827996062,1.5989625719957985,0.006919241389259696
Standard_GA_Ablation,ellipsoidal_rotated,50,128,200,0.8,0.8,0.6,0.7,11833542.065,2607768.59556575,28919.359274179184,1.5685891339671798,0.006915782542200759
Standard_GA_Ablation,ellipsoidal_rotated,50,128,200,0.8,0.8,0.6,0.8,11833542.065,2607768.59556575,28654.228566083228,1.6253754640347324,0.006979772620252333
Standard_GA_Ablation,ellipsoidal_rotated,50,128,200,0.8,0.8,0.6,0.9,11833542.065,2607768.59556575,28873.71400303199,1.6177466680528596,0.0069267154193948955
Standard_GA_Ablation,ellipsoidal_rotated,50,128,200,0.8,0.8,0.6,1.0,11833542.065,2607768.59556575,29006.032227766747,1.6384919700212777,0.006895117485546507
Standard_GA_Ablation,ellipsoidal_rotated,50,128,200,0.8,0.8,0.7,0.5,11833542.065,2607768.59556575,28885.155904658626,1.6864916760241613,0.006923971629585139
Standard_GA_Ablation,ellipsoidal_rotated,50,128,200,0.8,0.8,0.7,0.7,11833542.065,2607768.59556575,29197.685143260795,1.6650074679637328,0.006849858097266406
Standard_GA_Ablation,ellipsoidal_rotated,50,128,200,0.8,0.8,0.7,0.8,11833542.065,2607768.59556575,29461.963854932128,1.7461329239886254,0.006788413731846958
Standard_GA_Ablation,ellipsoidal_rotated,50,128,200,0.8,0.8,0.7,0.9,11833542.065,2607768.59556575,29194.39790873294,1.6921248310245574,0.006850629378459416
Standard_GA_Ablation,ellipsoidal_rotated,50,128,200,0.8,0.8,0.7,1.0,11833542.065,2607768.59556575,29272.350225442413,1.6772975019994192,0.006832386141177267
Standard_GA_Ablation,ellipsoidal_rotated,50,128,200,0.8,1.0,0.5,0.5,11833542.065,2607768.59556575,26692.665037691702,1.442916497006081,0.007492695079999976
Standard_GA_Ablation,ellipsoidal_rotated,50,128,200,0.8,1.0,0.5,0.7,11833542.065,2607768.59556575,26643.978648777873,1.4824850260047242,0.007506386438617483
Standard_GA_Ablation,ellipsoidal_rotated,50,128,200,0.8,1.0,0.5,0.8,11833542.065,2607768.59556575,26683.853626393793,1.4547229729942046,0.007495169281028211
Standard_GA_Ablation,ellipsoidal_rotated,50,128,200,0.8,1.0,0.5,0.9,11833542.065,2607768.59556575,26378.782545537553,1.4762992809992284,0.007581851044669748
Standard_GA_Ablation,ellipsoidal_rotated,50,128,200,0.8,1.0,0.5,1.0,11833542.065,2607768.59556575,26873.091928438844,1.4694208559812978,0.007442388859926723
Standard_GA_Ablation,ellipsoidal_rotated,50,128,200,0.8,1.0,0.2,0.5,11833542.065,2607768.59556575,28092.488331077406,1.544351544987876,0.0071193408587714654
Standard_GA_Ablation,ellipsoidal_rotated,50,128,200,0.8,1.0,0.2,0.7,11833542.065,2607768.59556575,28144.21466501425,1.5884128190227784,0.007106256201514043
Standard_GA_Ablation,ellipsoidal_rotated,50,128,200,0.8,1.0,0.2,0.8,11833542.065,2607768.59556575,28149.17679387232,1.5811946809990332,0.007105003512697295
Standard_GA_Ablation,ellipsoidal_rotated,50,128,200,0.8,1.0,0.2,0.9,11833542.065,2607768.59556575,28116.229463609496,1.5584778129705228,0.0071133293409366164
Standard_GA_Ablation,ellipsoidal_rotated,50,128,200,0.8,1.0,0.2,1.0,11833542.065,2607768.59556575,28244.32462055421,1.6213268160354346,0.007081068592960946
Standard_GA_Ablation,ellipsoidal_rotated,50,128,200,0.8,1.0,0.4,0.5,11833542.065,2607768.59556575,28146.136272662778,1.5783920870162547,0.007105771039496176
Standard_GA_Ablation,ellipsoidal_rotated,50,128,200,0.8,1.0,0.4,0.7,11833542.065,2607768.59556575,27890.018490597235,1.555241541005671,0.007171024288400076
Standard_GA_Ablation,ellipsoidal_rotated,50,128,200,0.8,1.0,0.4,0.8,11833542.065,2607768.59556575,27798.832385942962,1.5507215079851449,0.007194546778919175
Standard_GA_Ablation,ellipsoidal_rotated,50,128,200,0.8,1.0,0.4,0.9,11833542.065,2607768.59556575,27649.967377469504,1.588240685989149,0.0072332815901609135
Standard_GA_Ablation,ellipsoidal_rotated,50,128,200,0.8,1.0,0.4,1.0,11833542.065,2607768.59556575,27971.21186815248,1.6182033630320802,0.007150208612438291
Standard_GA_Ablation,ellipsoidal_rotated,50,128,200,0.8,1.0,0.3,0.5,11833542.065,2607768.59556575,27854.38746879285,1.5645602750009857,0.007180197382695042
Standard_GA_Ablation,ellipsoidal_rotated,50,128,200,0.8,1.0,0.3,0.7,11833542.065,2607768.59556575,27787.35367226138,1.5735996090224944,0.007197518783505075
Standard_GA_Ablation,ellipsoidal_rotated,50,128,200,0.8,1.0,0.3,0.8,11833542.065,2607768.59556575,27988.574266680083,1.622225968982093,0.007145773060619831
Standard_GA_Ablation,ellipsoidal_rotated,50,128,200,0.8,1.0,0.3,0.9,11833542.065,2607768.59556575,27989.437854306056,1.6142909749760292,0.0071455525845522064
Standard_GA_Ablation,ellipsoidal_rotated,50,128,200,0.8,1.0,0.3,1.0,11833542.065,2607768.59556575,28173.57776545343,1.5650978009798564,0.007098849910544231
Standard_GA_Ablation,ellipsoidal_rotated,50,128,200,0.8,1.0,0.6,0.5,11833542.065,2607768.59556575,28841.307733412577,1.6489217829657719,0.006934498319169507
Standard_GA_Ablation,ellipsoidal_rotated,50,128,200,0.8,1.0,0.6,0.7,11833542.065,2607768.59556575,29002.075669967275,1.6196780169848353,0.00689605813997332
Standard_GA_Ablation,ellipsoidal_rotated,50,128,200,0.8,1.0,0.6,0.8,11833542.065,2607768.59556575,28958.548301518087,1.6402197779971175,0.006906423551263288
Standard_GA_Ablation,ellipsoidal_rotated,50,128,200,0.8,1.0,0.6,0.9,11833542.065,2607768.59556575,28958.995196921154,1.5974163219798356,0.006906316971289925
Standard_GA_Ablation,ellipsoidal_rotated,50,128,200,0.8,1.0,0.6,1.0,11833542.065,2607768.59556575,29363.462144420188,1.6283939349814318,0.0068111859227065
Standard_GA_Ablation,ellipsoidal_rotated,50,128,200,0.8,1.0,0.7,0.5,11833542.065,2607768.59556575,29260.625399538,1.6694834100198932,0.006835123900091275
Standard_GA_Ablation,ellipsoidal_rotated,50,128,200,0.8,1.0,0.7,0.7,11833542.065,2607768.59556575,29367.90816114344,1.6684471069602296,0.006810154775157571
Standard_GA_Ablation,ellipsoidal_rotated,50,128,200,0.8,1.0,0.7,0.8,11833542.065,2607768.59556575,29086.90727825482,1.661574698984623,0.006875945870997384
Standard_GA_Ablation,ellipsoidal_rotated,50,128,200,0.8,1.0,0.7,0.9,11833542.065,2607768.59556575,29269.946311768883,1.667274694016669,0.006832947278744541
Standard_GA_Ablation,ellipsoidal_rotated,50,128,200,0.8,1.0,0.7,1.0,11833542.065,2607768.59556575,29035.290308644482,1.703873249993194,0.006888169461162761
Standard_GA_Ablation,ellipsoidal_rotated,50,128,200,0.9,0.5,0.5,0.5,11833542.065,2607768.59556575,26686.085832871813,1.51617558702128,0.007494542333879508
Standard_GA_Ablation,ellipsoidal_rotated,50,128,200,0.9,0.5,0.5,0.7,11833542.065,2607768.59556575,26777.137679333944,1.4765132690081373,0.007469058209098875
Standard_GA_Ablation,ellipsoidal_rotated,50,128,200,0.9,0.5,0.5,0.8,11833542.065,2607768.59556575,26913.380081191346,1.495342323963996,0.0074312479293439536
Standard_GA_Ablation,ellipsoidal_rotated,50,128,200,0.9,0.5,0.5,0.9,11833542.065,2607768.59556575,26521.61632926134,1.507673069019802,0.007541018523043021
Standard_GA_Ablation,ellipsoidal_rotated,50,128,200,0.9,0.5,0.5,1.0,11833542.065,2607768.59556575,26945.479437195867,1.4734864620259032,0.007422395302564837
Standard_GA_Ablation,ellipsoidal_rotated,50,128,200,0.9,0.5,0.2,0.5,11833542.065,2607768.59556575,28101.678936657434,1.6214517609914765,0.007117012490634806
Standard_GA_Ablation,ellipsoidal_rotated,50,128,200,0.9,0.5,0.2,0.7,11833542.065,2607768.59556575,28254.221617590872,1.5999600570066832,0.007078588209114969
Standard_GA_Ablation,ellipsoidal_rotated,50,128,200,0.9,0.5,0.2,0.8,11833542.065,2607768.59556575,28262.335925525636,1.632563386054244,0.007076555898529477
Standard_GA_Ablation,ellipsoidal_rotated,50,128,200,0.9,0.5,0.2,0.9,11833542.065,2607768.59556575,27913.0525435942,1.594239149009809,0.007165106707252562
Standard_GA_Ablation,ellipsoidal_rotated,50,128,200,0.9,0.5,0.2,1.0,11833542.065,2607768.59556575,27959.77686938661,1.6102254430297762,0.007153132907114923
Standard_GA_Ablation,ellipsoidal_rotated,50,128,200,0.9,0.5,0.4,0.5,11833542.065,2607768.59556575,28109.93951446222,1.570037486962974,0.007114921036991291
Standard_GA_Ablation,ellipsoidal_rotated,50,128,200,0.9,0.5,0.4,0.7,11833542.065,2607768.59556575,28108.900227069353,1.576243852963671,0.0071151841012761
Standard_GA_Ablation,ellipsoidal_rotated,50,128,200,0.9,0.5,0.4,0.8,11833542.065,2607768.59556575,28325.083776036296,1.5614560039830394,0.007060879381024279
Standard_GA_Ablation,ellipsoidal_rotated,50,128,200,0.9,0.5,0.4,0.9,11833542.065,2607768.59556575,28240.62974788441,1.6101421909988858,0.007081995047046803
Standard_GA_Ablation,ellipsoidal_rotated,50,128,200,0.9,0.5,0.4,1.0,11833542.065,2607768.59556575,28212.148911592594,1.5891649179975502,0.007089144489727914
Standard_GA_Ablation,ellipsoidal_rotated,50,128,200,0.9,0.5,0.3,0.5,11833542.065,2607768.59556575,27934.259124238506,1.5720732430345379,0.0071596672426676375
Standard_GA_Ablation,ellipsoidal_rotated,50,128,200,0.9,0.5,0.3,0.7,11833542.065,2607768.59556575,27990.439301928334,1.603270991006866,0.007145296929520555
Standard_GA_Ablation,ellipsoidal_rotated,50,128,200,0.9,0.5,0.3,0.8,11833542.065,2607768.59556575,27928.797581972685,1.5853871180443093,0.007161067332490347
Standard_GA_Ablation,ellipsoidal_rotated,50,128,200,0.9,0.5,0.3,0.9,11833542.065,2607768.59556575,27968.434795448473,1.6023983799968846,0.007150918578845449
Standard_GA_Ablation,ellipsoidal_rotated,50,128,200,0.9,0.5,0.3,1.0,11833542.065,2607768.59556575,28002.36837163788,1.5721755630220287,0.007142253017518669
Standard_GA_Ablation,ellipsoidal_rotated,50,128,200,0.9,0.5,0.6,0.5,11833542.065,2607768.59556575,28512.09279206519,1.6220412520342506,0.007014567519072443
Standard_GA_Ablation,ellipsoidal_rotated,50,128,200,0.9,0.5,0.6,0.7,11833542.065,2607768.59556575,28686.89821822808,1.6532928670058027,0.006971823808853515
Standard_GA_Ablation,ellipsoidal_rotated,50,128,200,0.9,0.5,0.6,0.8,11833542.065,2607768.59556575,28897.664867596293,1.5669718319550157,0.006920974442618899
Standard_GA_Ablation,ellipsoidal_rotated,50,128,200,0.9,0.5,0.6,0.9,11833542.065,2607768.59556575,28556.13849687388,1.6052234870148823,0.007003748074057512
Standard_GA_Ablation,ellipsoidal_rotated,50,128,200,0.9,0.5,0.6,1.0,11833542.065,2607768.59556575,28631.268935781474,1.6646886200178415,0.006985369752510451
Standard_GA_Ablation,ellipsoidal_rotated,50,128,200,0.9,0.5,0.7,0.5,11833542.065,2607768.59556575,28434.108219984315,1.7227672850131057,0.007033805964747444
Standard_GA_Ablation,ellipsoidal_rotated,50,128,200,0.9,0.5,0.7,0.7,11833542.065,2607768.59556575,28466.639167479483,1.7133696000091732,0.007025767911109142
Standard_GA_Ablation,ellipsoidal_rotated,50,128,200,0.9,0.5,0.7,0.8,11833542.065,2607768.59556575,28764.977111510827,1.6622097790241241,0.006952899674652144
Standard_GA_Ablation,ellipsoidal_rotated,50,128,200,0.9,0.5,0.7,0.9,11833542.065,2607768.59556575,28833.645325387788,1.7312685759970918,0.006936341130058281
Standard_GA_Ablation,ellipsoidal_rotated,50,128,200,0.9,0.5,0.7,1.0,11833542.065,2607768.59556575,28849.98065694405,1.7009367939899676,0.006932413660106249
Standard_GA_Ablation,ellipsoidal_rotated,50,128,200,0.9,0.8,0.5,0.5,11833542.065,2607768.59556575,26589.26798075225,1.459545165009331,0.0075218317459803076
Standard_GA_Ablation,ellipsoidal_rotated,50,128,200,0.9,0.8,0.5,0.7,11833542.065,2607768.59556575,26558.26139138035,1.5064284260151908,0.007530613433336839
Standard_GA_Ablation,ellipsoidal_rotated,50,128,200,0.9,0.8,0.5,0.8,11833542.065,2607768.59556575,26481.485873644564,1.4471450630226173,0.007552446299814619
Standard_GA_Ablation,ellipsoidal_rotated,50,128,200,0.9,0.8,0.5,0.9,11833542.065,2607768.59556575,26798.069418561445,1.4867767919786274,0.007463224192615598
Standard_GA_Ablation,ellipsoidal_rotated,50,128,200,0.9,0.8,0.5,1.0,11833542.065,2607768.59556575,26911.881858821358,1.4950566109619103,0.007431661637383513
Standard_GA_Ablation,ellipsoidal_rotated,50,128,200,0.9,0.8,0.2,0.5,11833542.065,2607768.59556575,28067.64060254335,1.5436893649748527,0.007125643470790238
Standard_GA_Ablation,ellipsoidal_rotated,50,128,200,0.9,0.8,0.2,0.7,11833542.065,2607768.59556575,27955.86813997904,1.545992370985914,0.00715413304278627
Standard_GA_Ablation,ellipsoidal_rotated,50,128,200,0.9,0.8,0.2,0.8,11833542.065,2607768.59556575,28216.725932998866,1.5470990070025437,0.007087994563044049
Standard_GA_Ablation,ellipsoidal_rotated,50,128,200,0.9,0.8,0.2,0.9,11833542.065,2607768.59556575,28376.18890713762,1.5676848540315405,0.0070481628330890085
Standard_GA_Ablation,ellipsoidal_rotated,50,128,200,0.9,0.8,0.2,1.0,11833542.065,2607768.59556575,28430.051736006237,1.5921139399870299,0.007034809569013305
Standard_GA_Ablation,ellipsoidal_rotated,50,128,200,0.9,0.8,0.4,0.5,11833542.065,2607768.59556575,28317.094063887467,1.57517636497505,0.007062871619127691
Standard_GA_Ablation,ellipsoidal_rotated,50,128,200,0.9,0.8,0.4,0.7,11833542.065,2607768.59556575,28085.001124952225,1.5426188539713621,0.0071212388103595
Standard_GA_Ablation,ellipsoidal_rotated,50,128,200,0.9,0.8,0.4,0.8,11833542.065,2607768.59556575,27839.49794493265,1.5733297019614838,0.007184037599945441
Standard_GA_Ablation,ellipsoidal_rotated,50,128,200,0.9,0.8,0.4,0.9,11833542.065,2607768.59556575,28099.312089500097,1.6010277780005708,0.007117611967260018
Standard_GA_Ablation,ellipsoidal_rotated,50,128,200,0.9,0.8,0.4,1.0,11833542.065,2607768.59556575,28280.373833835678,1.5906559309805743,0.0070720422995509576
Standard_GA_Ablation,ellipsoidal_rotated,50,128,200,0.9,0.8,0.3,0.5,11833542.065,2607768.59556575,27946.99664087166,1.5741854909574613,0.007156404051929712
Standard_GA_Ablation,ellipsoidal_rotated,50,128,200,0.9,0.8,0.3,0.7,11833542.065,2607768.59556575,28269.129337862927,1.5753801630344242,0.007074855316895992
Standard_GA_Ablation,ellipsoidal_rotated,50,128,200,0.9,0.8,0.3,0.8,11833542.065,2607768.59556575,28149.373080485235,1.5784579809987918,0.007104953969246708
Standard_GA_Ablation,ellipsoidal_rotated,50,128,200,0.9,0.8,0.3,0.9,11833542.065,2607768.59556575,27977.10028113811,1.6051912819966674,0.007148703689454123
Standard_GA_Ablation,ellipsoidal_rotated,50,128,200,0.9,0.8,0.3,1.0,11833542.065,2607768.59556575,28208.08327720746,1.6147237090044655,0.007090166248963215
Standard_GA_Ablation,ellipsoidal_rotated,50,128,200,0.9,0.8,0.6,0.5,11833542.065,2607768.59556575,28697.611085481272,1.574853075959254,0.0069692212151130665
Standard_GA_Ablation,ellipsoidal_rotated,50,128,200,0.9,0.8,0.6,0.7,11833542.065,2607768.59556575,29089.659656346128,1.5995577790308744,0.006875295289210044
Standard_GA_Ablation,ellipsoidal_rotated,50,128,200,0.9,0.8,0.6,0.8,11833542.065,2607768.59556575,29091.97303578365,1.5899208459886722,0.0068747485690983014
Standard_GA_Ablation,ellipsoidal_rotated,50,128,200,0.9,0.8,0.6,0.9,11833542.065,2607768.59556575,28741.849464421313,1.6343511920422316,0.0069584944506641475
Standard_GA_Ablation,ellipsoidal_rotated,50,128,200,0.9,0.8,0.6,1.0,11833542.065,2607768.59556575,29200.695123625155,1.6282361260382459,0.006849152020295151
Standard_GA_Ablation,ellipsoidal_rotated,50,128,200,0.9,0.8,0.7,0.5,11833542.065,2607768.59556575,29126.913309985244,1.6972582599846646,0.006866501708282157
Standard_GA_Ablation,ellipsoidal_rotated,50,128,200,0.9,0.8,0.7,0.7,11833542.065,2607768.59556575,28703.13964640724,4.942514638998546,0.0069678788614692165
Standard_GA_Ablation,ellipsoidal_rotated,50,128,200,0.9,0.8,0.7,0.8,11833542.065,2607768.59556575,28919.503623132776,1.699408387998119,0.006915748022729531
Standard_GA_Ablation,ellipsoidal_rotated,50,128,200,0.9,0.8,0.7,0.9,11833542.065,2607768.59556575,29001.295264344455,1.7118641560082324,0.006896243708324618
Standard_GA_Ablation,ellipsoidal_rotated,50,128,200,0.9,0.8,0.7,1.0,11833542.065,2607768.59556575,29246.504676711218,1.6542886630049907,0.006838424017187208
Standard_GA_Ablation,ellipsoidal_rotated,50,128,200,0.9,1.0,0.5,0.5,11833542.065,2607768.59556575,26681.739396453897,1.4936419120058417,0.00749576318950858
Standard_GA_Ablation,ellipsoidal_rotated,50,128,200,0.9,1.0,0.5,0.7,11833542.065,2607768.59556575,26569.044899308148,1.5003425430040807,0.007527557003195398
Standard_GA_Ablation,ellipsoidal_rotated,50,128,200,0.9,1.0,0.5,0.8,11833542.065,2607768.59556575,26832.733159409454,1.4980264250189066,0.00745358286134433
Standard_GA_Ablation,ellipsoidal_rotated,50,128,200,0.9,1.0,0.5,0.9,11833542.065,2607768.59556575,26874.287258861044,1.4958845429937355,0.007442057832959108
Standard_GA_Ablation,ellipsoidal_rotated,50,128,200,0.9,1.0,0.5,1.0,11833542.065,2607768.59556575,26516.180062252984,1.489643742039334,0.007542564559844323
Standard_GA_Ablation,ellipsoidal_rotated,50,128,200,0.9,1.0,0.2,0.5,11833542.065,2607768.59556575,27868.85979829574,1.6327953090076335,0.007176468698307872
Standard_GA_Ablation,ellipsoidal_rotated,50,128,200,0.9,1.0,0.2,0.7,11833542.065,2607768.59556575,27958.746269333187,1.5665617950144224,0.007153396581998095
Standard_GA_Ablation,ellipsoidal_rotated,50,128,200,0.9,1.0,0.2,0.8,11833542.065,2607768.59556575,27931.323413986218,1.5505018350086175,0.0071604197565466165
Standard_GA_Ablation,ellipsoidal_rotated,50,128,200,0.9,1.0,0.2,0.9,11833542.065,2607768.59556575,28344.923601176568,1.5884253369877115,0.007055937169352547
Standard_GA_Ablation,ellipsoidal_rotated,50,128,200,0.9,1.0,0.2,1.0,11833542.065,2607768.59556575,28290.66206436227,1.6420658879796974,0.007069470468559302
Standard_GA_Ablation,ellipsoidal_rotated,50,128,200,0.9,1.0,0.4,0.5,11833542.065,2607768.59556575,28130.950365732573,1.6030934219597839,0.007109606941812671
Standard_GA_Ablation,ellipsoidal_rotated,50,128,200,0.9,1.0,0.4,0.7,11833542.065,2607768.59556575,28177.123549671836,1.6060357940150425,0.007097956597572192
Standard_GA_Ablation,ellipsoidal_rotated,50,128,200,0.9,1.0,0.4,0.8,11833542.065,2607768.59556575,28339.49535689979,1.5995847519952804,0.007057288687792607
Standard_GA_Ablation,ellipsoidal_rotated,50,128,200,0.9,1.0,0.4,0.9,11833542.065,2607768.59556575,28334.447554797447,1.5915145890321583,0.00705854594882112
Standard_GA_Ablation,ellipsoidal_rotated,50,128,200,0.9,1.0,0.4,1.0,11833542.065,2607768.59556575,28790.66762393338,1.5664102680166252,0.0069466954574454575
Standard_GA_Ablation,ellipsoidal_rotated,50,128,200,0.9,1.0,0.3,0.5,11833542.065,2607768.59556575,28189.469436672316,1.5467158270184882,0.007094847969710827
Standard_GA_Ablation,ellipsoidal_rotated,50,128,200,0.9,1.0,0.3,0.7,11833542.065,2607768.59556575,27982.66368529236,1.5709633500082418,0.007147282412042841
Standard_GA_Ablation,ellipsoidal_rotated,50,128,200,0.9,1.0,0.3,0.8,11833542.065,2607768.59556575,28193.10411636845,1.6235310990014113,0.007093933295691386
Standard_GA_Ablation,ellipsoidal_rotated,50,128,200,0.9,1.0,0.3,0.9,11833542.065,2607768.59556575,27952.408388070835,1.5542272109887563,0.007155018530902453
Standard_GA_Ablation,ellipsoidal_rotated,50,128,200,0.9,1.0,0.3,1.0,11833542.065,2607768.59556575,28028.753438977215,1.5568230579956435,0.007135529606603086
Standard_GA_Ablation,ellipsoidal_rotated,50,128,200,0.9,1.0,0.6,0.5,11833542.065,2607768.59556575,28703.827940273015,1.5716496520326473,0.006967711777542717
Standard_GA_Ablation,ellipsoidal_rotated,50,128,200,0.9,1.0,0.6,0.7,11833542.065,2607768.59556575,29217.995635710133,1.613856769981794,0.006845096511533484
Standard_GA_Ablation,ellipsoidal_rotated,50,128,200,0.9,1.0,0.6,0.8,11833542.065,2607768.59556575,29064.742660227967,1.6211382080218755,0.006881189430714585
Standard_GA_Ablation,ellipsoidal_rotated,50,128,200,0.9,1.0,0.6,0.9,11833542.065,2607768.59556575,29119.230051511055,1.6750213300110772,0.006868313470040448
Standard_GA_Ablation,ellipsoidal_rotated,50,128,200,0.9,1.0,0.6,1.0,11833542.065,2607768.59556575,28890.014645965824,1.6330659959930927,0.006922807151568122
Standard_GA_Ablation,ellipsoidal_rotated,50,128,200,0.9,1.0,0.7,0.5,11833542.065,2607768.59556575,29102.85406254415,1.694801276025828,0.006872178225894459
Standard_GA_Ablation,ellipsoidal_rotated,50,128,200,0.9,1.0,0.7,0.7,11833542.065,2607768.59556575,29052.546415692548,1.7179198670201004,0.006884078150615096
Standard_GA_Ablation,ellipsoidal_rotated,50,128,200,0.9,1.0,0.7,0.8,11833542.065,2607768.59556575,28745.113656968428,1.7349580229492858,0.006957704268861562
Standard_GA_Ablation,ellipsoidal_rotated,50,128,200,0.9,1.0,0.7,0.9,11833542.065,2607768.59556575,28721.958679596013,1.6931618790258653,0.006963313408778049
Standard_GA_Ablation,ellipsoidal_rotated,50,128,200,0.9,1.0,0.7,1.0,11833542.065,2607768.59556575,29382.492680497897,1.6718859759857878,0.006806774434517137
Standard_GA_Ablation,ellipsoidal_rotated,50,128,200,1.0,0.5,0.5,0.5,11833542.065,2607768.59556575,26999.153741856353,1.4641951629891992,0.007407639584271237
Standard_GA_Ablation,ellipsoidal_rotated,50,128,200,1.0,0.5,0.5,0.7,11833542.065,2607768.59556575,26714.248520286972,1.4891479589859955,0.00748664143960923
Standard_GA_Ablation,ellipsoidal_rotated,50,128,200,1.0,0.5,0.5,0.8,11833542.065,2607768.59556575,26660.29084215171,1.4718389349873178,0.007501793629489839
Standard_GA_Ablation,ellipsoidal_rotated,50,128,200,1.0,0.5,0.5,0.9,11833542.065,2607768.59556575,26829.548373086745,1.5025573769817129,0.007454467634670436
Standard_GA_Ablation,ellipsoidal_rotated,50,128,200,1.0,0.5,0.5,1.0,11833542.065,2607768.59556575,26837.197518815618,1.5286812580307014,0.007452342960168608
Standard_GA_Ablation,ellipsoidal_rotated,50,128,200,1.0,0.5,0.2,0.5,11833542.065,2607768.59556575,28140.796036141284,1.5964617199497297,0.0071071194909745825
Standard_GA_Ablation,ellipsoidal_rotated,50,128,200,1.0,0.5,0.2,0.7,11833542.065,2607768.59556575,28042.95342926329,1.6499876370071433,0.007131916419020854
Standard_GA_Ablation,ellipsoidal_rotated,50,128,200,1.0,0.5,0.2,0.8,11833542.065,2607768.59556575,28456.962996825474,1.6034215629915707,0.007028156870510429
Standard_GA_Ablation,ellipsoidal_rotated,50,128,200,1.0,0.5,0.2,0.9,11833542.065,2607768.59556575,28133.450039556665,1.599298486020416,0.0071089752489933745
Standard_GA_Ablation,ellipsoidal_rotated,50,128,200,1.0,0.5,0.2,1.0,11833542.065,2607768.59556575,28320.05381117585,1.5722453300259076,0.007062133473809808
Standard_GA_Ablation,ellipsoidal_rotated,50,128,200,1.0,0.5,0.4,0.5,11833542.065,2607768.59556575,28043.604075421827,1.5869717879686505,0.007131750949774869
Standard_GA_Ablation,ellipsoidal_rotated,50,128,200,1.0,0.5,0.4,0.7,11833542.065,2607768.59556575,28067.548586794084,1.5725789630087093,0.007125666831270792
Standard_GA_Ablation,ellipsoidal_rotated,50,128,200,1.0,0.5,0.4,0.8,11833542.065,2607768.59556575,27997.345762640052,1.6159293639939278,0.007143534308415838
Standard_GA_Ablation,ellipsoidal_rotated,50,128,200,1.0,0.5,0.4,0.9,11833542.065,2607768.59556575,28154.508127949066,1.6046641550492495,0.007103658110136166
Standard_GA_Ablation,ellipsoidal_rotated,50,128,200,1.0,0.5,0.4,1.0,11833542.065,2607768.59556575,28741.856972895122,1.567709625000134,0.006958492632838898
Standard_GA_Ablation,ellipsoidal_rotated,50,128,200,1.0,0.5,0.3,0.5,11833542.065,2607768.59556575,28467.790039402338,1.6151413110201247,0.007025483879260719
Standard_GA_Ablation,ellipsoidal_rotated,50,128,200,1.0,0.5,0.3,0.7,11833542.065,2607768.59556575,27987.549405345853,1.5768671039841138,0.007146034727920778
Standard_GA_Ablation,ellipsoidal_rotated,50,128,200,1.0,0.5,0.3,0.8,11833542.065,2607768.59556575,28200.980086448788,1.5970316929742694,0.007091952101909556
Standard_GA_Ablation,ellipsoidal_rotated,50,128,200,1.0,0.5,0.3,0.9,11833542.065,2607768.59556575,28140.968764021556,1.5368130590068176,0.007107075867825188
Standard_GA_Ablation,ellipsoidal_rotated,50,128,200,1.0,0.5,0.3,1.0,11833542.065,2607768.59556575,27797.650929178777,1.6364255690132268,0.007194852561806329
Standard_GA_Ablation,ellipsoidal_rotated,50,128,200,1.0,0.5,0.6,0.5,11833542.065,2607768.59556575,28780.514425892106,1.5713560149888508,0.006949146114639006
Standard_GA_Ablation,ellipsoidal_rotated,50,128,200,1.0,0.5,0.6,0.7,11833542.065,2607768.59556575,29161.024123319832,1.6066209620330483,0.006858469687285833
Standard_GA_Ablation,ellipsoidal_rotated,50,128,200,1.0,0.5,0.6,0.8,11833542.065,2607768.59556575,29105.17329596429,1.5695051940274425,0.0068716306192800405
Standard_GA_Ablation,ellipsoidal_rotated,50,128,200,1.0,0.5,0.6,0.9,11833542.065,2607768.59556575,28985.68561883008,1.6092388770193793,0.0068999575386988
Standard_GA_Ablation,ellipsoidal_rotated,50,128,200,1.0,0.5,0.6,1.0,11833542.065,2607768.59556575,29133.942110297863,1.6287097519962117,0.006864845108939335
Standard_GA_Ablation,ellipsoidal_rotated,50,128,200,1.0,0.5,0.7,0.5,11833542.065,2607768.59556575,29210.45302184493,1.7621773689752445,0.0068468640267383305
Standard_GA_Ablation,ellipsoidal_rotated,50,128,200,1.0,0.5,0.7,0.7,11833542.065,2607768.59556575,29206.425838761148,1.6983659279649146,0.006847808119491674
Standard_GA_Ablation,ellipsoidal_rotated,50,128,200,1.0,0.5,0.7,0.8,11833542.065,2607768.59556575,29013.822962745886,1.6798509860527702,0.006893266022088938
Standard_GA_Ablation,ellipsoidal_rotated,50,128,200,1.0,0.5,0.7,0.9,11833542.065,2607768.59556575,29119.851676407758,1.6707849760423414,0.00686816685134545
Standard_GA_Ablation,ellipsoidal_rotated,50,128,200,1.0,0.5,0.7,1.0,11833542.065,2607768.59556575,28932.752528873334,1.7234154409961775,0.006912581158685498
Standard_GA_Ablation,ellipsoidal_rotated,50,128,200,1.0,0.8,0.5,0.5,11833542.065,2607768.59556575,26772.70966199267,1.5096189050236717,0.00747029353864491
Standard_GA_Ablation,ellipsoidal_rotated,50,128,200,1.0,0.8,0.5,0.7,11833542.065,2607768.59556575,26626.904286836576,1.5001636719680391,0.007511199869331904
Standard_GA_Ablation,ellipsoidal_rotated,50,128,200,1.0,0.8,0.5,0.8,11833542.065,2607768.59556575,26657.694369431327,1.481680280994624,0.007502524307928979
Standard_GA_Ablation,ellipsoidal_rotated,50,128,200,1.0,0.8,0.5,0.9,11833542.065,2607768.59556575,26703.324187426453,1.530472247977741,0.007489704225445166
Standard_GA_Ablation,ellipsoidal_rotated,50,128,200,1.0,0.8,0.5,1.0,11833542.065,2607768.59556575,26929.32246421843,1.5242762980051339,0.007426848568720743
Standard_GA_Ablation,ellipsoidal_rotated,50,128,200,1.0,0.8,0.2,0.5,11833542.065,2607768.59556575,28194.560170494588,1.619511469034478,0.007093566943076439
Standard_GA_Ablation,ellipsoidal_rotated,50,128,200,1.0,0.8,0.2,0.7,11833542.065,2607768.59556575,28475.93144457074,1.5703902349923737,0.007023475259775296
Standard_GA_Ablation,ellipsoidal_rotated,50,128,200,1.0,0.8,0.2,0.8,11833542.065,2607768.59556575,28198.940343936196,1.557374883966986,0.007092465091263875
Standard_GA_Ablation,ellipsoidal_rotated,50,128,200,1.0,0.8,0.2,0.9,11833542.065,2607768.59556575,28328.385910427274,1.6007936000241898,0.007060056320624426
Standard_GA_Ablation,ellipsoidal_rotated,50,128,200,1.0,0.8,0.2,1.0,11833542.065,2607768.59556575,28261.84651797322,1.6118199409684166,0.007076678442535922
Standard_GA_Ablation,ellipsoidal_rotated,50,128,200,1.0,0.8,0.4,0.5,11833542.065,2607768.59556575,28059.37488639582,1.5814658949966542,0.007127742539159954
Standard_GA_Ablation,ellipsoidal_rotated,50,128,200,1.0,0.8,0.4,0.7,11833542.065,2607768.59556575,27790.05018456707,1.5576776039670222,0.007196820396929979
Standard_GA_Ablation,ellipsoidal_rotated,50,128,200,1.0,0.8,0.4,0.8,11833542.065,2607768.59556575,27909.73063400113,1.5800594099564478,0.007165959522244521
Standard_GA_Ablation,ellipsoidal_rotated,50,128,200,1.0,0.8,0.4,0.9,11833542.065,2607768.59556575,27615.10901677937,1.580844504002016,0.007242412111372687
Standard_GA_Ablation,ellipsoidal_rotated,50,128,200,1.0,0.8,0.4,1.0,11833542.065,2607768.59556575,27871.623158470025,1.6127321499516256,0.007175757180084475
Standard_GA_Ablation,ellipsoidal_rotated,50,128,200,1.0,0.8,0.3,0.5,11833542.065,2607768.59556575,27608.4043410274,1.633990704023745,0.007244170924532227
Standard_GA_Ablation,ellipsoidal_rotated,50,128,200,1.0,0.8,0.3,0.7,11833542.065,2607768.59556575,27851.4325943066,1.6203564910101704,0.007180959159741178
Standard_GA_Ablation,ellipsoidal_rotated,50,128,200,1.0,0.8,0.3,0.8,11833542.065,2607768.59556575,27994.911485884626,1.6047528089839034,0.007144155469140969
Standard_GA_Ablation,ellipsoidal_rotated,50,128,200,1.0,0.8,0.3,0.9,11833542.065,2607768.59556575,28121.36176462228,1.6031571719795465,0.007112031119759194
Standard_GA_Ablation,ellipsoidal_rotated,50,128,200,1.0,0.8,0.3,1.0,11833542.065,2607768.59556575,28210.47999822242,1.5490245040273294,0.007089563878835179
Standard_GA_Ablation,ellipsoidal_rotated,50,128,200,1.0,0.8,0.6,0.5,11833542.065,2607768.59556575,29030.289996897027,1.6263715609675273,0.006889355911407619
Standard_GA_Ablation,ellipsoidal_rotated,50,128,200,1.0,0.8,0.6,0.7,11833542.065,2607768.59556575,28852.26132312941,1.6015915909665637,0.006931865678052418
Standard_GA_Ablation,ellipsoidal_rotated,50,128,200,1.0,0.8,0.6,0.8,11833542.065,2607768.59556575,28729.683114442483,1.5855418739956804,0.006961441210587509
Standard_GA_Ablation,ellipsoidal_rotated,50,128,200,1.0,0.8,0.6,0.9,11833542.065,2607768.59556575,28984.438389601273,1.6123208199860528,0.00690025445073843
Standard_GA_Ablation,ellipsoidal_rotated,50,128,200,1.0,0.8,0.6,1.0,11833542.065,2607768.59556575,28911.455694025823,1.6133029679767787,0.006917673122952692
Standard_GA_Ablation,ellipsoidal_rotated,50,128,200,1.0,0.8,0.7,0.5,11833542.065,2607768.59556575,29157.29874821192,1.6994194430299103,0.0068593459815019745
Standard_GA_Ablation,ellipsoidal_rotated,50,128,200,1.0,0.8,0.7,0.7,11833542.065,2607768.59556575,29027.549523312242,1.6863470450043678,0.006890006331377663
Standard_GA_Ablation,ellipsoidal_rotated,50,128,200,1.0,0.8,0.7,0.8,11833542.065,2607768.59556575,28750.00567819028,1.6904295440181158,0.006956520365201868
Standard_GA_Ablation,ellipsoidal_rotated,50,128,200,1.0,0.8,0.7,0.9,11833542.065,2607768.59556575,29046.61965828405,1.7010576619650237,0.006885482798097655
Standard_GA_Ablation,ellipsoidal_rotated,50,128,200,1.0,0.8,0.7,1.0,11833542.065,2607768.59556575,29088.653340867022,1.723131511011161,0.006875533138518222
Standard_GA_Ablation,ellipsoidal_rotated,50,128,200,1.0,1.0,0.5,0.5,11833542.065,2607768.59556575,26928.962358327346,1.45605587400496,0.007426947883795947
Standard_GA_Ablation,ellipsoidal_rotated,50,128,200,1.0,1.0,0.5,0.7,11833542.065,2607768.59556575,26852.711781558108,1.4853449229849502,0.0074480373389087615
Standard_GA_Ablation,ellipsoidal_rotated,50,128,200,1.0,1.0,0.5,0.8,11833542.065,2607768.59556575,27063.461299043083,1.4616210800013505,0.007390037726145238
Standard_GA_Ablation,ellipsoidal_rotated,50,128,200,1.0,1.0,0.5,0.9,11833542.065,2607768.59556575,27203.93417044184,1.4912033019936644,0.007351877811015583
Standard_GA_Ablation,ellipsoidal_rotated,50,128,200,1.0,1.0,0.5,1.0,11833542.065,2607768.59556575,26931.207579078153,1.456350664026104,0.007426328708534129
Standard_GA_Ablation,ellipsoidal_rotated,50,128,200,1.0,1.0,0.2,0.5,11833542.065,2607768.59556575,28229.994847750088,1.5515549799893051,0.007084663000423461
Standard_GA_Ablation,ellipsoidal_rotated,50,128,200,1.0,1.0,0.2,0.7,11833542.065,2607768.59556575,28119.237900107055,1.550723513995763,0.007112568296142854
Standard_GA_Ablation,ellipsoidal_rotated,50,128,200,1.0,1.0,0.2,0.8,11833542.065,2607768.59556575,28147.840404214454,1.594033200002741,0.0071053408406442035
Standard_GA_Ablation,ellipsoidal_rotated,50,128,200,1.0,1.0,0.2,0.9,11833542.065,2607768.59556575,27838.837202156137,1.5764727760106325,0.007184208109974861
Standard_GA_Ablation,ellipsoidal_rotated,50,128,200,1.0,1.0,0.2,1.0,11833542.065,2607768.59556575,28091.322152553592,1.6104745490010828,0.0071196364099159835
Standard_GA_Ablation,ellipsoidal_rotated,50,128,200,1.0,1.0,0.4,0.5,11833542.065,2607768.59556575,28207.250864532714,1.534158323018346,0.007090375483967364
Standard_GA_Ablation,ellipsoidal_rotated,50,128,200,1.0,1.0,0.4,0.7,11833542.065,2607768.59556575,28055.641584439025,1.597917401988525,0.007128691012039781
Standard_GA_Ablation,ellipsoidal_rotated,50,128,200,1.0,1.0,0.4,0.8,11833542.065,2607768.59556575,28430.80390002446,1.6096506210160442,0.007034623456420377
Standard_GA_Ablation,ellipsoidal_rotated,50,128,200,1.0,1.0,0.4,0.9,11833542.065,2607768.59556575,28344.454877442753,1.6105061519774608,0.0070560538512654605
Standard_GA_Ablation,ellipsoidal_rotated,50,128,200,1.0,1.0,0.4,1.0,11833542.065,2607768.59556575,28408.79959551329,1.6021305469912477,0.007040072190575302
Standard_GA_Ablation,ellipsoidal_rotated,50,128,200,1.0,1.0,0.3,0.5,11833542.065,2607768.59556575,28608.738737324788,1.5573151499847881,0.006990870930603705
Standard_GA_Ablation,ellipsoidal_rotated,50,128,200,1.0,1.0,0.3,0.7,11833542.065,2607768.59556575,28605.7037742184,1.5597038280102424,0.006991612637066282
Standard_GA_Ablation,ellipsoidal_rotated,50,128,200,1.0,1.0,0.3,0.8,11833542.065,2607768.59556575,28360.108333232947,1.5630684720235877,0.007052159238955937
Standard_GA_Ablation,ellipsoidal_rotated,50,128,200,1.0,1.0,0.3,0.9,11833542.065,2607768.59556575,28735.842536141376,1.6165317479753867,0.006959949051379226
Standard_GA_Ablation,ellipsoidal_rotated,50,128,200,1.0,1.0,0.3,1.0,11833542.065,2607768.59556575,28362.576127828583,1.6196715270052664,0.007051545638823882
Standard_GA_Ablation,ellipsoidal_rotated,50,128,200,1.0,1.0,0.6,0.5,11833542.065,2607768.59556575,29150.458744389598,1.5649106899509206,0.006860955491429194
Standard_GA_Ablation,ellipsoidal_rotated,50,128,200,1.0,1.0,0.6,0.7,11833542.065,2607768.59556575,29468.072958492896,1.613711693964433,0.00678700640797615
Standard_GA_Ablation,ellipsoidal_rotated,50,128,200,1.0,1.0,0.6,0.8,11833542.065,2607768.59556575,28801.18454708824,1.5961536189424805,0.006944158830447122
Standard_GA_Ablation,ellipsoidal_rotated,50,128,200,1.0,1.0,0.6,0.9,11833542.065,2607768.59556575,28759.925990574753,1.6067358260042965,0.006954120816080831
Standard_GA_Ablation,ellipsoidal_rotated,50,128,200,1.0,1.0,0.6,1.0,11833542.065,2607768.59556575,29147.635093709054,1.609446672955528,0.0068616201402619485
Standard_GA_Ablation,ellipsoidal_rotated,50,128,200,1.0,1.0,0.7,0.5,11833542.065,2607768.59556575,29238.28395492318,1.6894973409944214,0.006840346728567965
Standard_GA_Ablation,ellipsoidal_rotated,50,128,200,1.0,1.0,0.7,0.7,11833542.065,2607768.59556575,29208.701059405463,1.6740077519789338,0.006847274707397446
Standard_GA_Ablation,ellipsoidal_rotated,50,128,200,1.0,1.0,0.7,0.8,11833542.065,2607768.59556575,28623.949975132527,1.7124899959890172,0.00698715586680919
Standard_GA_Ablation,ellipsoidal_rotated,50,128,200,1.0,1.0,0.7,0.9,11833542.065,2607768.59556575,29349.305715442762,1.6534315480384976,0.00681447124981787
Standard_GA_Ablation,ellipsoidal_rotated,50,128,200,1.0,1.0,0.7,1.0,11833542.065,2607768.59556575,28803.882320233104,1.6727423170232214,0.006943508440162987
Malthus_BF16,sphere,50,128,200,0.8,0.5,0.5,0.5,484.50536956787107,36.65490463838015,41471.3475056793,4.438907009956893,0.004822606740053743
Malthus_BF16,sphere,50,128,200,0.8,0.5,0.5,0.7,484.50536956787107,36.65490463838015,42312.76610944138,0.9209522849996574,0.004726705871289596
Malthus_BF16,sphere,50,128,200,0.8,0.5,0.5,0.8,484.50536956787107,36.65490463838015,42306.76429273448,0.9045818609884009,0.00472737642179709
Malthus_BF16,sphere,50,128,200,0.8,0.5,0.5,0.9,484.50536956787107,36.65490463838015,42571.79965301316,0.9207891130354255,0.004697945626685396
Malthus_BF16,sphere,50,128,200,0.8,0.5,0.5,1.0,484.50536956787107,36.65490463838015,41491.47710184025,0.945324856962543,0.004820267051691189
Malthus_BF16,sphere,50,128,200,0.8,0.5,0.2,0.5,484.50536956787107,36.65490463838015,41525.257029971035,1.0739626900176518,0.004816345865256153
Malthus_BF16,sphere,50,128,200,0.8,0.5,0.2,0.7,484.50536956787107,36.65490463838015,41719.03741526963,1.1517736710375175,0.004793974463245832
Malthus_BF16,sphere,50,128,200,0.8,0.5,0.2,0.8,484.50536956787107,36.65490463838015,41667.24587793042,1.0916627730475739,0.0047999332757899535
Malthus_BF16,sphere,50,128,200,0.8,0.5,0.2,0.9,484.50536956787107,36.65490463838015,41202.64055986981,1.0819535410264507,0.004854057829361409
Malthus_BF16,sphere,50,128,200,0.8,0.5,0.2,1.0,484.50536956787107,36.65490463838015,41192.48600812919,1.089141867007129,0.004855254425783642
Malthus_BF16,sphere,50,128,200,0.8,0.5,0.4,0.5,484.50536956787107,36.65490463838015,42144.849541947544,1.048564386961516,0.004745538355782628
Malthus_BF16,sphere,50,128,200,0.8,0.5,0.4,0.7,484.50536956787107,36.65490463838015,41440.94279169561,1.0723746829899028,0.004826145027764141
Malthus_BF16,sphere,50,128,200,0.8,0.5,0.4,0.8,484.50536956787107,36.65490463838015,42220.14730353667,1.0744152950355783,0.004737074898439459
Malthus_BF16,sphere,50,128,200,0.8,0.5,0.4,0.9,484.50536956787107,36.65490463838015,41941.65164531739,1.0848404399584979,0.004768529424909502
Malthus_BF16,sphere,50,128,200,0.8,0.5,0.4,1.0,484.50536956787107,36.65490463838015,42393.26864309486,1.1016881790128537,0.004717730111442506
Malthus_BF16,sphere,50,128,200,0.8,0.5,0.3,0.5,484.50536956787107,36.65490463838015,41413.12850688193,1.0543258959660307,0.004829386409837753
Malthus_BF16,sphere,50,128,200,0.8,0.5,0.3,0.7,484.50536956787107,36.65490463838015,40858.957209317625,1.0535916289663874,0.004894887526752427
Malthus_BF16,sphere,50,128,200,0.8,0.5,0.3,0.8,484.50536956787107,36.65490463838015,41608.77585850711,1.0676251919940114,0.004806678299792111
Malthus_BF16,sphere,50,128,200,0.8,0.5,0.3,0.9,484.50536956787107,36.65490463838015,41197.80907989777,1.0594104640185833,0.004854627089807764
Malthus_BF16,sphere,50,128,200,0.8,0.5,0.3,1.0,484.50536956787107,36.65490463838015,41673.53027477514,1.080961540050339,0.004799209442571737
Malthus_BF16,sphere,50,128,200,0.8,0.5,0.6,0.5,484.50536956787107,36.65490463838015,40437.48439540784,1.0596494599594735,0.00494590608170256
Malthus_BF16,sphere,50,128,200,0.8,0.5,0.6,0.7,484.50536956787107,36.65490463838015,40426.309970227885,1.0508018019609153,0.004947273202706128
Malthus_BF16,sphere,50,128,200,0.8,0.5,0.6,0.8,484.50536956787107,36.65490463838015,41146.11626415948,1.0360112719936296,0.004860726069891825
Malthus_BF16,sphere,50,128,200,0.8,0.5,0.6,0.9,484.50536956787107,36.65490463838015,40903.98843241542,1.0238186629721895,0.004889498742413707
Malthus_BF16,sphere,50,128,200,0.8,0.5,0.6,1.0,484.50536956787107,36.65490463838015,41328.414942189156,1.0328796969843097,0.004839285520138219
Malthus_BF16,sphere,50,128,200,0.8,0.5,0.7,0.5,484.50536956787107,36.65490463838015,40646.18491303718,1.032302533974871,0.004920511000673287
Malthus_BF16,sphere,50,128,200,0.8,0.5,0.7,0.7,484.50536956787107,36.65490463838015,40782.24049248435,1.0145710610086098,0.0049040954490192235
Malthus_BF16,sphere,50,128,200,0.8,0.5,0.7,0.8,484.50536956787107,36.65490463838015,41156.17074542131,1.0597820529947057,0.0048595385911175985
Malthus_BF16,sphere,50,128,200,0.8,0.5,0.7,0.9,484.50536956787107,36.65490463838015,40819.28728814199,1.1328034340403974,0.004899644586839713
Malthus_BF16,sphere,50,128,200,0.8,0.5,0.7,1.0,484.50536956787107,36.65490463838015,41325.29451018014,1.0140390809974633,0.004839650929789059
Malthus_BF16,sphere,50,128,200,0.8,0.8,0.5,0.5,484.50536956787107,36.65490463838015,41654.19392947902,0.9040561759611592,0.004801437289570458
Malthus_BF16,sphere,50,128,200,0.8,0.8,0.5,0.7,484.50536956787107,36.65490463838015,42122.55397416207,0.8961624749936163,0.004748050180496648
Malthus_BF16,sphere,50,128,200,0.8,0.8,0.5,0.8,484.50536956787107,36.65490463838015,41376.51453083917,0.9188442680169828,0.004833659922005609
Malthus_BF16,sphere,50,128,200,0.8,0.8,0.5,0.9,484.50536956787107,36.65490463838015,41714.69985880104,0.9112315049860626,0.004794472947833128
Malthus_BF16,sphere,50,128,200,0.8,0.8,0.5,1.0,484.50536956787107,36.65490463838015,41671.349798796386,0.9040535340318456,0.00479946056380868
Malthus_BF16,sphere,50,128,200,0.8,0.8,0.2,0.5,484.50536956787107,36.65490463838015,41471.83259822439,1.0319382370216772,0.004822550330427475
Malthus_BF16,sphere,50,128,200,0.8,0.8,0.2,0.7,484.50536956787107,36.65490463838015,40556.24127607553,1.0538482859847136,0.0049314234679332
Malthus_BF16,sphere,50,128,200,0.8,0.8,0.2,0.8,484.50536956787107,36.65490463838015,41179.28145274037,1.0431512199575081,0.004856811312492937
Malthus_BF16,sphere,50,128,200,0.8,0.8,0.2,0.9,484.50536956787107,36.65490463838015,41129.10689850554,1.0804080670350231,0.004862736273207702
Malthus_BF16,sphere,50,128,200,0.8,0.8,0.2,1.0,484.50536956787107,36.65490463838015,41245.85744508574,1.0693142510135658,0.004848971809260547
Malthus_BF16,sphere,50,128,200,0.8,0.8,0.4,0.5,484.50536956787107,36.65490463838015,41105.57287631959,1.0552938840119168,0.004865520317689515
Malthus_BF16,sphere,50,128,200,0.8,0.8,0.4,0.7,484.50536956787107,36.65490463838015,41694.20517646759,1.0569255980080925,0.0047968296590261165
Malthus_BF16,sphere,50,128,200,0.8,0.8,0.4,0.8,484.50536956787107,36.65490463838015,41816.32535015961,1.0315574670094065,0.004782821023254656
Malthus_BF16,sphere,50,128,200,0.8,0.8,0.4,0.9,484.50536956787107,36.65490463838015,42053.28494005826,1.0628157560131513,0.0047558710403973236
Malthus_BF16,sphere,50,128,200,0.8,0.8,0.4,1.0,484.50536956787107,36.65490463838015,41896.451687840294,1.082977004989516,0.004773673949530348
Malthus_BF16,sphere,50,128,200,0.8,0.8,0.3,0.5,484.50536956787107,36.65490463838015,41634.644564181996,1.0838527220184915,0.004803691783454269
Malthus_BF16,sphere,50,128,200,0.8,0.8,0.3,0.7,484.50536956787107,36.65490463838015,41431.556920203955,1.0132304529543035,0.00482723833876662
Malthus_BF16,sphere,50,128,200,0.8,0.8,0.3,0.8,484.50536956787107,36.65490463838015,41343.87660157923,1.001807763997931,0.004837475738604553
Malthus_BF16,sphere,50,128,200,0.8,0.8,0.3,0.9,484.50536956787107,36.65490463838015,40993.703045933275,1.0540615050122142,0.004878798087011091
Malthus_BF16,sphere,50,128,200,0.8,0.8,0.3,1.0,484.50536956787107,36.65490463838015,41299.86367152556,1.049818667001091,0.004842630997300148
Malthus_BF16,sphere,50,128,200,0.8,0.8,0.6,0.5,484.50536956787107,36.65490463838015,41025.49619881776,1.0517528569907881,0.004875017209560611
Malthus_BF16,sphere,50,128,200,0.8,0.8,0.6,0.7,484.50536956787107,36.65490463838015,41791.80490101135,1.0330329060088843,0.0047856272413628175
Malthus_BF16,sphere,50,128,200,0.8,0.8,0.6,0.8,484.50536956787107,36.65490463838015,41164.228006530226,1.0077625300036743,0.004858587411581539
Malthus_BF16,sphere,50,128,200,0.8,0.8,0.6,0.9,484.50536956787107,36.65490463838015,41677.49532859707,1.0279547740356065,0.004798752862261608
Malthus_BF16,sphere,50,128,200,0.8,0.8,0.6,1.0,484.50536956787107,36.65490463838015,41729.11284026056,1.0490426960168406,0.0047928169660735875
Malthus_BF16,sphere,50,128,200,0.8,0.8,0.7,0.5,484.50536956787107,36.65490463838015,41302.25941381541,1.005532138980925,0.004842350099934265
Malthus_BF16,sphere,50,128,200,0.8,0.8,0.7,0.7,484.50536956787107,36.65490463838015,41078.72594507165,1.042226938996464,0.004868700170191005
Malthus_BF16,sphere,50,128,200,0.8,0.8,0.7,0.8,484.50536956787107,36.65490463838015,40987.78741740963,0.9943958909716457,0.004879502227413468
Malthus_BF16,sphere,50,128,200,0.8,0.8,0.7,0.9,484.50536956787107,36.65490463838015,41985.917262089824,1.0405408939695917,0.004763501979759895
Malthus_BF16,sphere,50,128,200,0.8,0.8,0.7,1.0,484.50536956787107,36.65490463838015,42230.63649070323,1.039273106958717,0.004735898310318589
Malthus_BF16,sphere,50,128,200,0.8,1.0,0.5,0.5,484.50536956787107,36.65490463838015,42690.984463565925,0.9044115609722212,0.004684829888865352
Malthus_BF16,sphere,50,128,200,0.8,1.0,0.5,0.7,484.50536956787107,36.65490463838015,42884.61583988627,0.8964831290068105,0.004663677080534398
Malthus_BF16,sphere,50,128,200,0.8,1.0,0.5,0.8,484.50536956787107,36.65490463838015,42851.16811952816,0.8973739329958335,0.004667317339917645
Malthus_BF16,sphere,50,128,200,0.8,1.0,0.5,0.9,484.50536956787107,36.65490463838015,42735.77975730391,0.8856799119967036,0.004679919288610108
Malthus_BF16,sphere,50,128,200,0.8,1.0,0.5,1.0,484.50536956787107,36.65490463838015,42915.92705610618,0.8903610639972612,0.004660274488269351
Malthus_BF16,sphere,50,128,200,0.8,1.0,0.2,0.5,484.50536956787107,36.65490463838015,42618.45443048006,1.0707794959889725,0.004692802746430971
Malthus_BF16,sphere,50,128,200,0.8,1.0,0.2,0.7,484.50536956787107,36.65490463838015,42727.55434024328,1.0326280140434392,0.004680820212815889
Malthus_BF16,sphere,50,128,200,0.8,1.0,0.2,0.8,484.50536956787107,36.65490463838015,42193.064796591876,1.036676658957731,0.00474011548969429
Malthus_BF16,sphere,50,128,200,0.8,1.0,0.2,0.9,484.50536956787107,36.65490463838015,42345.06754489001,1.0148370760143735,0.004723100271075964
Malthus_BF16,sphere,50,128,200,0.8,1.0,0.2,1.0,484.50536956787107,36.65490463838015,41974.66726105089,1.070078029006254,0.004764778687967919
Malthus_BF16,sphere,50,128,200,0.8,1.0,0.4,0.5,484.50536956787107,36.65490463838015,42053.00849915654,1.0447986799990758,0.004755902303732001
Malthus_BF16,sphere,50,128,200,0.8,1.0,0.4,0.7,484.50536956787107,36.65490463838015,41783.94891515338,1.0262458720244467,0.004786527008400298
Malthus_BF16,sphere,50,128,200,0.8,1.0,0.4,0.8,484.50536956787107,36.65490463838015,41628.02270760264,1.048485453997273,0.00480445591674652
Malthus_BF16,sphere,50,128,200,0.8,1.0,0.4,0.9,484.50536956787107,36.65490463838015,41770.84331869441,1.0483720150077716,0.004788028780603781
Malthus_BF16,sphere,50,128,200,0.8,1.0,0.4,1.0,484.50536956787107,36.65490463838015,41606.34673877506,1.045340158045292,0.0048069589299848305
Malthus_BF16,sphere,50,128,200,0.8,1.0,0.3,0.5,484.50536956787107,36.65490463838015,41627.98915906395,1.041385544987861,0.004804459788720124
Malthus_BF16,sphere,50,128,200,0.8,1.0,0.3,0.7,484.50536956787107,36.65490463838015,42040.0778601874,1.0352982329786755,0.004757365118712187
Malthus_BF16,sphere,50,128,200,0.8,1.0,0.3,0.8,484.50536956787107,36.65490463838015,41905.00574408581,1.0335749440127984,0.004772699500899762
Malthus_BF16,sphere,50,128,200,0.8,1.0,0.3,0.9,484.50536956787107,36.65490463838015,42037.564815382146,1.041354921006132,0.004757649518433027
Malthus_BF16,sphere,50,128,200,0.8,1.0,0.3,1.0,484.50536956787107,36.65490463838015,41910.09036062856,1.0546021100017242,0.00477212046738714
Malthus_BF16,sphere,50,128,200,0.8,1.0,0.6,0.5,484.50536956787107,36.65490463838015,41447.35174765803,1.0391143579618074,0.004825398766552098
Malthus_BF16,sphere,50,128,200,0.8,1.0,0.6,0.7,484.50536956787107,36.65490463838015,40666.46833856197,0.9921219879761338,0.004918056771857664
Malthus_BF16,sphere,50,128,200,0.8,1.0,0.6,0.8,484.50536956787107,36.65490463838015,41075.8119824067,1.0372455249889754,0.004869045561063104
Malthus_BF16,sphere,50,128,200,0.8,1.0,0.6,0.9,484.50536956787107,36.65490463838015,40596.67169159539,1.0514379360247403,0.004926512240199372
Malthus_BF16,sphere,50,128,200,0.8,1.0,0.6,1.0,484.50536956787107,36.65490463838015,40772.04933340006,1.027181666053366,0.004905321249971166
Malthus_BF16,sphere,50,128,200,0.8,1.0,0.7,0.5,484.50536956787107,36.65490463838015,40412.95420393187,0.9978916679974645,0.004948908188962378
Malthus_BF16,sphere,50,128,200,0.8,1.0,0.7,0.7,484.50536956787107,36.65490463838015,40480.58405431776,1.0319160670042038,0.0049406401778105645
Malthus_BF16,sphere,50,128,200,0.8,1.0,0.7,0.8,484.50536956787107,36.65490463838015,40372.88455920057,1.0046128900139593,0.004953819926013239
Malthus_BF16,sphere,50,128,200,0.8,1.0,0.7,0.9,484.50536956787107,36.65490463838015,41092.86812640221,1.0252602469990961,0.004867024598643184
Malthus_BF16,sphere,50,128,200,0.8,1.0,0.7,1.0,484.50536956787107,36.65490463838015,41273.967493432276,1.0504177950206213,0.004845669368514791
Malthus_BF16,sphere,50,128,200,0.9,0.5,0.5,0.5,484.50536956787107,36.65490463838015,42046.983469117746,0.9101296159788035,0.004756583790294826
Malthus_BF16,sphere,50,128,200,0.9,0.5,0.5,0.7,484.50536956787107,36.65490463838015,42921.78513101611,0.9110423770034686,0.004659638442099094
Malthus_BF16,sphere,50,128,200,0.9,0.5,0.5,0.8,484.50536956787107,36.65490463838015,42371.50158086162,0.908326375996694,0.004720153700909577
Malthus_BF16,sphere,50,128,200,0.9,0.5,0.5,0.9,484.50536956787107,36.65490463838015,42366.27678298459,0.9151656950125471,0.004720735811279155
Malthus_BF16,sphere,50,128,200,0.9,0.5,0.5,1.0,484.50536956787107,36.65490463838015,43130.099996875244,0.9030974300112575,0.004637132768402807
Malthus_BF16,sphere,50,128,200,0.9,0.5,0.2,0.5,484.50536956787107,36.65490463838015,42139.56959050755,1.0139551170286722,0.0047461329563520845
Malthus_BF16,sphere,50,128,200,0.9,0.5,0.2,0.7,484.50536956787107,36.65490463838015,42131.91527782361,1.0519864889793098,0.00474699520971626
Malthus_BF16,sphere,50,128,200,0.9,0.5,0.2,0.8,484.50536956787107,36.65490463838015,41737.72870906182,1.0690686540328898,0.004791827590670436
Malthus_BF16,sphere,50,128,200,0.9,0.5,0.2,0.9,484.50536956787107,36.65490463838015,41350.11157357151,1.0742835129494779,0.004836746320361272
Malthus_BF16,sphere,50,128,200,0.9,0.5,0.2,1.0,484.50536956787107,36.65490463838015,41300.540190922686,1.070739348011557,0.004842551673064009
Malthus_BF16,sphere,50,128,200,0.9,0.5,0.4,0.5,484.50536956787107,36.65490463838015,41964.455452330905,1.0596778450417332,0.004765938169439324
Malthus_BF16,sphere,50,128,200,0.9,0.5,0.4,0.7,484.50536956787107,36.65490463838015,41460.99394620836,1.052097299019806,0.004823811032110825
Malthus_BF16,sphere,50,128,200,0.9,0.5,0.4,0.8,484.50536956787107,36.65490463838015,41090.70377285384,1.069682647997979,0.004867280957405455
Malthus_BF16,sphere,50,128,200,0.9,0.5,0.4,0.9,484.50536956787107,36.65490463838015,41131.7263579222,1.043784805049654,0.004862426591571421
Malthus_BF16,sphere,50,128,200,0.9,0.5,0.4,1.0,484.50536956787107,36.65490463838015,40935.08840247457,1.0683105560019612,0.0048857840010896325
Malthus_BF16,sphere,50,128,200,0.9,0.5,0.3,0.5,484.50536956787107,36.65490463838015,40865.15879710252,1.0888812759658322,0.004894144691643305
Malthus_BF16,sphere,50,128,200,0.9,0.5,0.3,0.7,484.50536956787107,36.65490463838015,41303.47669328742,1.0628363160067238,0.004842207388137467
Malthus_BF16,sphere,50,128,200,0.9,0.5,0.3,0.8,484.50536956787107,36.65490463838015,41021.31961608005,1.0976915850187652,0.004875513559090905
Malthus_BF16,sphere,50,128,200,0.9,0.5,0.3,0.9,484.50536956787107,36.65490463838015,40997.274588176035,1.1002177859772928,0.004878373062820174
Malthus_BF16,sphere,50,128,200,0.9,0.5,0.3,1.0,484.50536956787107,36.65490463838015,40911.603793055016,1.09354632004397,0.004888588602188975
Malthus_BF16,sphere,50,128,200,0.9,0.5,0.6,0.5,484.50536956787107,36.65490463838015,41164.795669127656,1.0583397030131891,0.004858520411653444
Malthus_BF16,sphere,50,128,200,0.9,0.5,0.6,0.7,484.50536956787107,36.65490463838015,41370.4787952065,1.0601194099872373,0.00483436512760818
Malthus_BF16,sphere,50,128,200,0.9,0.5,0.6,0.8,484.50536956787107,36.65490463838015,41050.04252128036,1.0686306729912758,0.00487210213963408
Malthus_BF16,sphere,50,128,200,0.9,0.5,0.6,0.9,484.50536956787107,36.65490463838015,40691.016479737635,1.0837040749611333,0.004915089798741974
Malthus_BF16,sphere,50,128,200,0.9,0.5,0.6,1.0,484.50536956787107,36.65490463838015,41278.75387321761,1.0616516569862142,0.004845107500441373
Malthus_BF16,sphere,50,128,200,0.9,0.5,0.7,0.5,484.50536956787107,36.65490463838015,40901.57256449573,1.0506376769626513,0.004889787542633712
Malthus_BF16,sphere,50,128,200,0.9,0.5,0.7,0.7,484.50536956787107,36.65490463838015,40987.71537653047,1.0381373229902238,0.0048795108037302274
Malthus_BF16,sphere,50,128,200,0.9,0.5,0.7,0.8,484.50536956787107,36.65490463838015,40971.49912580035,1.1911793010076508,0.004881442082114518
Malthus_BF16,sphere,50,128,200,0.9,0.5,0.7,0.9,484.50536956787107,36.65490463838015,41073.7529368731,1.0389598250039853,0.004869289648486302
Malthus_BF16,sphere,50,128,200,0.9,0.5,0.7,1.0,484.50536956787107,36.65490463838015,40867.2304911619,1.070098745985888,0.0048938965913839635
Malthus_BF16,sphere,50,128,200,0.9,0.8,0.5,0.5,484.50536956787107,36.65490463838015,41901.16349538025,0.9394806650234386,0.004773137147421949
Malthus_BF16,sphere,50,128,200,0.9,0.8,0.5,0.7,484.50536956787107,36.65490463838015,41874.30370361799,0.9445452929940075,0.004776198821491562
Malthus_BF16,sphere,50,128,200,0.9,0.8,0.5,0.8,484.50536956787107,36.65490463838015,42463.34122590158,0.9441229550284334,0.004709944960195571
Malthus_BF16,sphere,50,128,200,0.9,0.8,0.5,0.9,484.50536956787107,36.65490463838015,42560.02760804298,0.9101652090321295,0.004699245071969926
Malthus_BF16,sphere,50,128,200,0.9,0.8,0.5,1.0,484.50536956787107,36.65490463838015,42649.98612048286,0.9311719249817543,0.004689333296264522
Malthus_BF16,sphere,50,128,200,0.9,0.8,0.2,0.5,484.50536956787107,36.65490463838015,42078.560275084914,1.1002298590028659,0.004753014330635779
Malthus_BF16,sphere,50,128,200,0.9,0.8,0.2,0.7,484.50536956787107,36.65490463838015,42095.94947692903,1.083644649013877,0.004751050932100043
Malthus_BF16,sphere,50,128,200,0.9,0.8,0.2,0.8,484.50536956787107,36.65490463838015,41929.22582999156,1.1048524379730225,0.0047699425887549295
Malthus_BF16,sphere,50,128,200,0.9,0.8,0.2,0.9,484.50536956787107,36.65490463838015,41637.345980783335,1.0854389480082318,0.004803380121593363
Malthus_BF16,sphere,50,128,200,0.9,0.8,0.2,1.0,484.50536956787107,36.65490463838015,41338.851033653336,1.0861015479895286,0.004838063830975443
Malthus_BF16,sphere,50,128,200,0.9,0.8,0.4,0.5,484.50536956787107,36.65490463838015,41844.1081875019,1.1061533369938843,0.00477964541874826
Malthus_BF16,sphere,50,128,200,0.9,0.8,0.4,0.7,484.50536956787107,36.65490463838015,41665.10120881864,1.0925582600175403,0.004800180347519927
Malthus_BF16,sphere,50,128,200,0.9,0.8,0.4,0.8,484.50536956787107,36.65490463838015,41301.34778090545,1.079700569040142,0.004842456983751618
Malthus_BF16,sphere,50,128,200,0.9,0.8,0.4,0.9,484.50536956787107,36.65490463838015,41162.2664522071,1.0829223380424082,0.004858818943612278
Malthus_BF16,sphere,50,128,200,0.9,0.8,0.4,1.0,484.50536956787107,36.65490463838015,41469.44928117496,1.123604835011065,0.004822827490279451
Malthus_BF16,sphere,50,128,200,0.9,0.8,0.3,0.5,484.50536956787107,36.65490463838015,41703.399483700916,1.0369489510194398,0.0047957721067359675
Malthus_BF16,sphere,50,128,200,0.9,0.8,0.3,0.7,484.50536956787107,36.65490463838015,41479.3980834866,1.0547372580040246,0.004821670738747344
Malthus_BF16,sphere,50,128,200,0.9,0.8,0.3,0.8,484.50536956787107,36.65490463838015,41754.10001643726,1.0964523720322177,0.004789948769612238
Malthus_BF16,sphere,50,128,200,0.9,0.8,0.3,0.9,484.50536956787107,36.65490463838015,41189.10191752258,1.0504113209899515,0.004855653332779184
Malthus_BF16,sphere,50,128,200,0.9,0.8,0.3,1.0,484.50536956787107,36.65490463838015,41400.49430992991,1.0725679590250365,0.004830860194633715
Malthus_BF16,sphere,50,128,200,0.9,0.8,0.6,0.5,484.50536956787107,36.65490463838015,41607.74860017625,1.055388578970451,0.0048067969724070285
Malthus_BF16,sphere,50,128,200,0.9,0.8,0.6,0.7,484.50536956787107,36.65490463838015,41380.609400869405,1.0353904159856029,0.004833181601134129
Malthus_BF16,sphere,50,128,200,0.9,0.8,0.6,0.8,484.50536956787107,36.65490463838015,41114.896271096484,1.0533271270105615,0.004864416990894824
Malthus_BF16,sphere,50,128,200,0.9,0.8,0.6,0.9,484.50536956787107,36.65490463838015,41254.39466670959,1.0155203850008547,0.00484796835866291
Malthus_BF16,sphere,50,128,200,0.9,0.8,0.6,1.0,484.50536956787107,36.65490463838015,41967.03441114692,1.0777694749995135,0.004765645292936824
Malthus_BF16,sphere,50,128,200,0.9,0.8,0.7,0.5,484.50536956787107,36.65490463838015,41608.60609472206,1.0566518930136226,0.0048066979111172255
Malthus_BF16,sphere,50,128,200,0.9,0.8,0.7,0.7,484.50536956787107,36.65490463838015,41035.159408941436,1.0786481429822743,0.004873869210714474
Malthus_BF16,sphere,50,128,200,0.9,0.8,0.7,0.8,484.50536956787107,36.65490463838015,40946.67622999541,1.0564372829976492,0.004884401333983987
Malthus_BF16,sphere,50,128,200,0.9,0.8,0.7,0.9,484.50536956787107,36.65490463838015,41139.268022065284,1.0895444170455448,0.00486153520992957
Malthus_BF16,sphere,50,128,200,0.9,0.8,0.7,1.0,484.50536956787107,36.65490463838015,42332.19312329216,1.0311916959472,0.004724536699941381
Malthus_BF16,sphere,50,128,200,0.9,1.0,0.5,0.5,484.50536956787107,36.65490463838015,43188.309261011695,0.9384304410195909,0.0046308828343171625
Malthus_BF16,sphere,50,128,200,0.9,1.0,0.5,0.7,484.50536956787107,36.65490463838015,42408.437487110554,0.914900466974359,0.004716042652144097
Malthus_BF16,sphere,50,128,200,0.9,1.0,0.5,0.8,484.50536956787107,36.65490463838015,42208.37999762116,0.9236428790027276,0.004738395551103167
Malthus_BF16,sphere,50,128,200,0.9,1.0,0.5,0.9,484.50536956787107,36.65490463838015,41669.7271355711,0.9086650749668479,0.004799647459876723
Malthus_BF16,sphere,50,128,200,0.9,1.0,0.5,1.0,484.50536956787107,36.65490463838015,41847.25055031265,0.9457059879787266,0.004779286509146914
Malthus_BF16,sphere,50,128,200,0.9,1.0,0.2,0.5,484.50536956787107,36.65490463838015,41293.04240870963,1.0991480390075594,0.0048434309591539205
Malthus_BF16,sphere,50,128,200,0.9,1.0,0.2,0.7,484.50536956787107,36.65490463838015,41689.07749857085,1.108005172049161,0.004797419660026208
Malthus_BF16,sphere,50,128,200,0.9,1.0,0.2,0.8,484.50536956787107,36.65490463838015,41837.85174504416,1.114598688960541,0.0047803601680789145
Malthus_BF16,sphere,50,128,200,0.9,1.0,0.2,0.9,484.50536956787107,36.65490463838015,42052.700378118054,1.1038201929768547,0.004755937150330283
Malthus_BF16,sphere,50,128,200,0.9,1.0,0.2,1.0,484.50536956787107,36.65490463838015,41504.25508994291,1.0839107650099322,0.004818783027585596
Malthus_BF16,sphere,50,128,200,0.9,1.0,0.4,0.5,484.50536956787107,36.65490463838015,41488.37512632428,1.0965980780310929,0.0048206274502445015
Malthus_BF16,sphere,50,128,200,0.9,1.0,0.4,0.7,484.50536956787107,36.65490463838015,41887.63281667109,1.074663558974862,0.004774678981630131
Malthus_BF16,sphere,50,128,200,0.9,1.0,0.4,0.8,484.50536956787107,36.65490463838015,41511.51815103901,1.0820511899655685,0.004817939909407869
Malthus_BF16,sphere,50,128,200,0.9,1.0,0.4,0.9,484.50536956787107,36.65490463838015,41758.24668856126,1.0677675729966722,0.004789473118726164
Malthus_BF16,sphere,50,128,200,0.9,1.0,0.4,1.0,484.50536956787107,36.65490463838015,41171.97247059961,1.0823997289990075,0.004857673509395682
Malthus_BF16,sphere,50,128,200,0.9,1.0,0.3,0.5,484.50536956787107,36.65490463838015,41057.28028886926,1.1008545350050554,0.004871243262896314
Malthus_BF16,sphere,50,128,200,0.9,1.0,0.3,0.7,484.50536956787107,36.65490463838015,40942.71486577153,1.095371528994292,0.004884873918490485
Malthus_BF16,sphere,50,128,200,0.9,1.0,0.3,0.8,484.50536956787107,36.65490463838015,41280.15380166286,1.1234057039837353,0.004844943188945763
Malthus_BF16,sphere,50,128,200,0.9,1.0,0.3,0.9,484.50536956787107,36.65490463838015,41281.5813964891,1.1104536789935082,0.004844775641686283
Malthus_BF16,sphere,50,128,200,0.9,1.0,0.3,1.0,484.50536956787107,36.65490463838015,40549.33413165872,1.0856903750100173,0.004932263483060524
Malthus_BF16,sphere,50,128,200,0.9,1.0,0.6,0.5,484.50536956787107,36.65490463838015,40514.76460086635,1.0602377030299976,0.004936471974360757
Malthus_BF16,sphere,50,128,200,0.9,1.0,0.6,0.7,484.50536956787107,36.65490463838015,40332.462579198764,1.0910100259934552,0.004958784740883857
Malthus_BF16,sphere,50,128,200,0.9,1.0,0.6,0.8,484.50536956787107,36.65490463838015,40393.338522529644,1.081114956003148,0.0049513114616274835
Malthus_BF16,sphere,50,128,200,0.9,1.0,0.6,0.9,484.50536956787107,36.65490463838015,40408.537161269196,1.0625188890262507,0.004949449152336456
Malthus_BF16,sphere,50,128,200,0.9,1.0,0.6,1.0,484.50536956787107,36.65490463838015,40439.39719701783,1.066697629983537,0.00494567213812843
Malthus_BF16,sphere,50,128,200,0.9,1.0,0.7,0.5,484.50536956787107,36.65490463838015,40800.9161413423,1.0675934779574163,0.004901850715978071
Malthus_BF16,sphere,50,128,200,0.9,1.0,0.7,0.7,484.50536956787107,36.65490463838015,41285.72978025405,1.0530056309653446,0.004844288839376531
Malthus_BF16,sphere,50,128,200,0.9,1.0,0.7,0.8,484.50536956787107,36.65490463838015,40948.778934248534,1.0617946999846026,0.004884150521829725
Malthus_BF16,sphere,50,128,200,0.9,1.0,0.7,0.9,484.50536956787107,36.65490463838015,41798.07981509389,1.0490360260009766,0.004784908801666461
Malthus_BF16,sphere,50,128,200,0.9,1.0,0.7,1.0,484.50536956787107,36.65490463838015,40900.81658556912,1.0715096790227108,0.004889877921668812
Malthus_BF16,sphere,50,128,200,1.0,0.5,0.5,0.5,484.50536956787107,36.65490463838015,42707.85115051796,0.9448972340323962,0.004682979700737633
Malthus_BF16,sphere,50,128,200,1.0,0.5,0.5,0.7,484.50536956787107,36.65490463838015,42719.97438081035,0.9087543659843504,0.004681650747661479
Malthus_BF16,sphere,50,128,200,1.0,0.5,0.5,0.8,484.50536956787107,36.65490463838015,42739.12222172183,0.9146654510404915,0.00467955328989774
Malthus_BF16,sphere,50,128,200,1.0,0.5,0.5,0.9,484.50536956787107,36.65490463838015,42594.716233556035,0.9374981910223141,0.004695418063201942
Malthus_BF16,sphere,50,128,200,1.0,0.5,0.5,1.0,484.50536956787107,36.65490463838015,41875.40703112638,0.9203557560103945,0.004776072978856973
Malthus_BF16,sphere,50,128,200,1.0,0.5,0.2,0.5,484.50536956787107,36.65490463838015,41928.96560502542,1.070260165957734,0.004769972192589194
Malthus_BF16,sphere,50,128,200,1.0,0.5,0.2,0.7,484.50536956787107,36.65490463838015,41679.646577516294,1.1057581530185416,0.004798505179933272
Malthus_BF16,sphere,50,128,200,1.0,0.5,0.2,0.8,484.50536956787107,36.65490463838015,41541.488647231934,1.0854779250221327,0.004814463961520232
Malthus_BF16,sphere,50,128,200,1.0,0.5,0.2,0.9,484.50536956787107,36.65490463838015,41316.67656566742,1.0386886700289324,0.004840660397312604
Malthus_BF16,sphere,50,128,200,1.0,0.5,0.2,1.0,484.50536956787107,36.65490463838015,40668.29094587735,1.080907070019748,0.004917836362146773
Malthus_BF16,sphere,50,128,200,1.0,0.5,0.4,0.5,484.50536956787107,36.65490463838015,41606.73234062237,1.053188509948086,0.004806914380169474
Malthus_BF16,sphere,50,128,200,1.0,0.5,0.4,0.7,484.50536956787107,36.65490463838015,40810.36702444767,1.0611289759981446,0.004900715543190017
Malthus_BF16,sphere,50,128,200,1.0,0.5,0.4,0.8,484.50536956787107,36.65490463838015,41351.742325177,1.0847741219913587,0.004836555577930994
Malthus_BF16,sphere,50,128,200,1.0,0.5,0.4,0.9,484.50536956787107,36.65490463838015,40589.33423334669,1.0834481610218063,0.004927402820903808
Malthus_BF16,sphere,50,128,200,1.0,0.5,0.4,1.0,484.50536956787107,36.65490463838015,41121.30234341021,1.1031874099862762,0.004863659188849852
Malthus_BF16,sphere,50,128,200,1.0,0.5,0.3,0.5,484.50536956787107,36.65490463838015,41309.54820970012,1.1121443529846147,0.004841495699365623
Malthus_BF16,sphere,50,128,200,1.0,0.5,0.3,0.7,484.50536956787107,36.65490463838015,40769.8066760688,1.0814981629955582,0.004905591080896557
Malthus_BF16,sphere,50,128,200,1.0,0.5,0.3,0.8,484.50536956787107,36.65490463838015,40450.16372649236,1.0850156379747204,0.004944355759653263
Malthus_BF16,sphere,50,128,200,1.0,0.5,0.3,0.9,484.50536956787107,36.65490463838015,40990.171065018,1.0757198699866422,0.0048792184761259705
Malthus_BF16,sphere,50,128,200,1.0,0.5,0.3,1.0,484.50536956787107,36.65490463838015,40640.6894413617,1.100269709015265,0.00492117635672912
Malthus_BF16,sphere,50,128,200,1.0,0.5,0.6,0.5,484.50536956787107,36.65490463838015,40685.48525406743,1.1020030110375956,0.004915758009301499
Malthus_BF16,sphere,50,128,200,1.0,0.5,0.6,0.7,484.50536956787107,36.65490463838015,40679.939758650136,1.048611706995871,0.004916428126161918
Malthus_BF16,sphere,50,128,200,1.0,0.5,0.6,0.8,484.50536956787107,36.65490463838015,40754.00560003252,1.0581203540205024,0.004907493068603799
Malthus_BF16,sphere,50,128,200,1.0,0.5,0.6,0.9,484.50536956787107,36.65490463838015,41403.9895772741,1.0534009379916824,0.004830452380119823
Malthus_BF16,sphere,50,128,200,1.0,0.5,0.6,1.0,484.50536956787107,36.65490463838015,41247.47486387142,1.0616053759586066,0.004848781668697484
Malthus_BF16,sphere,50,128,200,1.0,0.5,0.7,0.5,484.50536956787107,36.65490463838015,40682.18426875077,1.0892145370016806,0.0049161568778799845
Malthus_BF16,sphere,50,128,200,1.0,0.5,0.7,0.7,484.50536956787107,36.65490463838015,40618.6637481583,1.0366290750098415,0.004923844891600311
Malthus_BF16,sphere,50,128,200,1.0,0.5,0.7,0.8,484.50536956787107,36.65490463838015,40376.62998528014,1.0375178400427103,0.004953360398649238
Malthus_BF16,sphere,50,128,200,1.0,0.5,0.7,0.9,484.50536956787107,36.65490463838015,40773.08717191149,1.0615729099954478,0.004905196389881894
Malthus_BF16,sphere,50,128,200,1.0,0.5,0.7,1.0,484.50536956787107,36.65490463838015,40892.14071105377,1.0483633250114508,0.004890915381838568
Malthus_BF16,sphere,50,128,200,1.0,0.8,0.5,0.5,484.50536956787107,36.65490463838015,42150.57561912696,0.9098316949675791,0.004744893683237023
Malthus_BF16,sphere,50,128,200,1.0,0.8,0.5,0.7,484.50536956787107,36.65490463838015,42570.10777400762,0.9382064230157994,0.004698132338817231
Malthus_BF16,sphere,50,128,200,1.0,0.8,0.5,0.8,484.50536956787107,36.65490463838015,42528.312245051995,0.9440611160243861,0.004702749520074576
Malthus_BF16,sphere,50,128,200,1.0,0.8,0.5,0.9,484.50536956787107,36.65490463838015,42097.24712379148,0.9233968949993141,0.0047509044810431075
Malthus_BF16,sphere,50,128,200,1.0,0.8,0.5,1.0,484.50536956787107,36.65490463838015,41919.01100664153,0.9318446289980784,0.004771104928222485
Malthus_BF16,sphere,50,128,200,1.0,0.8,0.2,0.5,484.50536956787107,36.65490463838015,42011.0539475862,1.0682443149853498,0.0047606518096290525
Malthus_BF16,sphere,50,128,200,1.0,0.8,0.2,0.7,484.50536956787107,36.65490463838015,41572.96314558228,1.0684965469990857,0.004810818976256997
Malthus_BF16,sphere,50,128,200,1.0,0.8,0.2,0.8,484.50536956787107,36.65490463838015,41199.61019879066,1.0610194079927169,0.004854414860601537
Malthus_BF16,sphere,50,128,200,1.0,0.8,0.2,0.9,484.50536956787107,36.65490463838015,41217.072373613744,1.0504585210001096,0.00485235822154209
Malthus_BF16,sphere,50,128,200,1.0,0.8,0.2,1.0,484.50536956787107,36.65490463838015,40696.533206494365,1.0468354179756716,0.004914423520676792
Malthus_BF16,sphere,50,128,200,1.0,0.8,0.4,0.5,484.50536956787107,36.65490463838015,40465.37520483077,1.09542153601069,0.004942497109877877
Malthus_BF16,sphere,50,128,200,1.0,0.8,0.4,0.7,484.50536956787107,36.65490463838015,40308.01881151975,1.068132381013129,0.004961791869136505
Malthus_BF16,sphere,50,128,200,1.0,0.8,0.4,0.8,484.50536956787107,36.65490463838015,41442.913661512444,1.0617655210080557,0.004825915514375083
Malthus_BF16,sphere,50,128,200,1.0,0.8,0.4,0.9,484.50536956787107,36.65490463838015,41470.005627756764,1.1047235860023648,0.004822762788971886
Malthus_BF16,sphere,50,128,200,1.0,0.8,0.4,1.0,484.50536956787107,36.65490463838015,41092.99359013079,1.0617070829612203,0.004867009738809429
Malthus_BF16,sphere,50,128,200,1.0,0.8,0.3,0.5,484.50536956787107,36.65490463838015,41260.58038538088,1.0784016069956124,0.004847241559182294
Malthus_BF16,sphere,50,128,200,1.0,0.8,0.3,0.7,484.50536956787107,36.65490463838015,40848.85370876182,1.0798039479996078,0.004896098221652209
Malthus_BF16,sphere,50,128,200,1.0,0.8,0.3,0.8,484.50536956787107,36.65490463838015,41214.51624228869,1.0779955319594592,0.0048526591656263916
Malthus_BF16,sphere,50,128,200,1.0,0.8,0.3,0.9,484.50536956787107,36.65490463838015,41608.74598900986,1.078485438018106,0.00480668175034225
Malthus_BF16,sphere,50,128,200,1.0,0.8,0.3,1.0,484.50536956787107,36.65490463838015,41469.84636403961,1.0578423909610137,0.0048227813106495885
Malthus_BF16,sphere,50,128,200,1.0,0.8,0.6,0.5,484.50536956787107,36.65490463838015,41603.90099163139,1.0753889240440913,0.004807241514208726
Malthus_BF16,sphere,50,128,200,1.0,0.8,0.6,0.7,484.50536956787107,36.65490463838015,41508.371057052755,1.0600688580307178,0.004818305197404698
Malthus_BF16,sphere,50,128,200,1.0,0.8,0.6,0.8,484.50536956787107,36.65490463838015,41144.90808947277,1.0787136260187253,0.004860868799732998
Malthus_BF16,sphere,50,128,200,1.0,0.8,0.6,0.9,484.50536956787107,36.65490463838015,40986.459791713816,1.0756827390287071,0.004879660283331759
Malthus_BF16,sphere,50,128,200,1.0,0.8,0.6,1.0,484.50536956787107,36.65490463838015,41398.9822017667,1.0485134129994549,0.004831036643008701
Malthus_BF16,sphere,50,128,200,1.0,0.8,0.7,0.5,484.50536956787107,36.65490463838015,40779.03713090866,1.0398880769498646,0.0049044806859456
Malthus_BF16,sphere,50,128,200,1.0,0.8,0.7,0.7,484.50536956787107,36.65490463838015,41698.080275388704,1.083104885998182,0.004796383878565394
Malthus_BF16,sphere,50,128,200,1.0,0.8,0.7,0.8,484.50536956787107,36.65490463838015,40960.18062579652,1.0523169869557023,0.004882790967822075
Malthus_BF16,sphere,50,128,200,1.0,0.8,0.7,0.9,484.50536956787107,36.65490463838015,41706.34395863956,1.042402711987961,0.004795433524413965
Malthus_BF16,sphere,50,128,200,1.0,0.8,0.7,1.0,484.50536956787107,36.65490463838015,41953.312836082856,1.0653568080160767,0.004767203981755301
Malthus_BF16,sphere,50,128,200,1.0,1.0,0.5,0.5,484.50536956787107,36.65490463838015,42330.405859222185,0.9325503240106627,0.004724736178177409
Malthus_BF16,sphere,50,128,200,1.0,1.0,0.5,0.7,484.50536956787107,36.65490463838015,43071.73745635623,0.9258128210203722,0.004643416119506583
Malthus_BF16,sphere,50,128,200,1.0,1.0,0.5,0.8,484.50536956787107,36.65490463838015,42734.735477596056,0.9587510590208694,0.004680033648619428
Malthus_BF16,sphere,50,128,200,1.0,1.0,0.5,0.9,484.50536956787107,36.65490463838015,43041.52813806843,0.9387995610013604,0.0046466751681873576
Malthus_BF16,sphere,50,128,200,1.0,1.0,0.5,1.0,484.50536956787107,36.65490463838015,42549.503290399385,0.9478628449724056,0.004700407396885566
Malthus_BF16,sphere,50,128,200,1.0,1.0,0.2,0.5,484.50536956787107,36.65490463838015,41785.548731497714,1.0827955919667147,0.004786343749728985
Malthus_BF16,sphere,50,128,200,1.0,1.0,0.2,0.7,484.50536956787107,36.65490463838015,41571.12773199453,1.1072292600292712,0.004811031379504129
Malthus_BF16,sphere,50,128,200,1.0,1.0,0.2,0.8,484.50536956787107,36.65490463838015,41764.60045903856,1.0782777949934825,0.004788744482211769
Malthus_BF16,sphere,50,128,200,1.0,1.0,0.2,0.9,484.50536956787107,36.65490463838015,41956.96654768322,1.073158268991392,0.00476678884238936
Malthus_BF16,sphere,50,128,200,1.0,1.0,0.2,1.0,484.50536956787107,36.65490463838015,41881.06131040517,1.0796804929850623,0.004775428170687519
Malthus_BF16,sphere,50,128,200,1.0,1.0,0.4,0.5,484.50536956787107,36.65490463838015,40927.81602594491,1.0990654340130277,0.004886652145651169
Malthus_BF16,sphere,50,128,200,1.0,1.0,0.4,0.7,484.50536956787107,36.65490463838015,41117.684124263826,1.103801544988528,0.004864087174646556
Malthus_BF16,sphere,50,128,200,1.0,1.0,0.4,0.8,484.50536956787107,36.65490463838015,41541.91751230031,1.0758454540045932,0.004814414258580655
Malthus_BF16,sphere,50,128,200,1.0,1.0,0.4,0.9,484.50536956787107,36.65490463838015,41130.686532983585,1.1020033420063555,0.0048625495185842735
Malthus_BF16,sphere,50,128,200,1.0,1.0,0.4,1.0,484.50536956787107,36.65490463838015,41748.95936208364,1.0659752400242724,0.004790538568049669
Malthus_BF16,sphere,50,128,200,1.0,1.0,0.3,0.5,484.50536956787107,36.65490463838015,41023.658939749934,1.1203182589961216,0.004875235538929701
Malthus_BF16,sphere,50,128,200,1.0,1.0,0.3,0.7,484.50536956787107,36.65490463838015,41552.499470214294,1.0893231719965115,0.004813188196858391
Malthus_BF16,sphere,50,128,200,1.0,1.0,0.3,0.8,484.50536956787107,36.65490463838015,40688.60621253407,1.0708276120130904,0.004915380953461863
Malthus_BF16,sphere,50,128,200,1.0,1.0,0.3,0.9,484.50536956787107,36.65490463838015,40754.845339417414,1.0995114510296844,0.004907391951419413
Malthus_BF16,sphere,50,128,200,1.0,1.0,0.3,1.0,484.50536956787107,36.65490463838015,40656.18892353922,1.1037322420161217,0.004919300241745077
Malthus_BF16,sphere,50,128,200,1.0,1.0,0.6,0.5,484.50536956787107,36.65490463838015,40523.01056699644,1.1066514879930764,0.004935467459145002
Malthus_BF16,sphere,50,128,200,1.0,1.0,0.6,0.7,484.50536956787107,36.65490463838015,40795.49275302725,1.0820340240024962,0.004902502372278832
Malthus_BF16,sphere,50,128,200,1.0,1.0,0.6,0.8,484.50536956787107,36.65490463838015,41363.44118785119,1.0458566060406156,0.004835187650169246
Malthus_BF16,sphere,50,128,200,1.0,1.0,0.6,0.9,484.50536956787107,36.65490463838015,41194.314773447964,1.0619119460461661,0.004855038883397356
Malthus_BF16,sphere,50,128,200,1.0,1.0,0.6,1.0,484.50536956787107,36.65490463838015,41950.87572918451,1.073429767973721,0.004767480929149315
Malthus_BF16,sphere,50,128,200,1.0,1.0,0.7,0.5,484.50536956787107,36.65490463838015,41056.6921472839,1.04476841801079,0.004871313043986447
Malthus_BF16,sphere,50,128,200,1.0,1.0,0.7,0.7,484.50536956787107,36.65490463838015,40892.92397882256,1.0733514800085686,0.004890821700682863
Malthus_BF16,sphere,50,128,200,1.0,1.0,0.7,0.8,484.50536956787107,36.65490463838015,41580.54384391574,1.0569862719858065,0.004809941898565739
Malthus_BF16,sphere,50,128,200,1.0,1.0,0.7,0.9,484.50536956787107,36.65490463838015,41955.3410991016,1.0884780889609829,0.004766973518999293
Malthus_BF16,sphere,50,128,200,1.0,1.0,0.7,1.0,484.50536956787107,36.65490463838015,42083.11062337019,1.0549169299774803,0.004752500398317352
Malthus_BF16,rosenbrock,50,128,200,0.8,0.5,0.5,0.5,1140692.106875,197748.3894655202,41977.66141957895,0.9244127339916304,0.004764438828569837
Malthus_BF16,rosenbrock,50,128,200,0.8,0.5,0.5,0.7,1140692.106875,197748.3894655202,41622.377782149786,0.9654683800181374,0.0048051075084367765
Malthus_BF16,rosenbrock,50,128,200,0.8,0.5,0.5,0.8,1140692.106875,197748.3894655202,41804.62455639205,0.9449995210161433,0.004784159698174335
Malthus_BF16,rosenbrock,50,128,200,0.8,0.5,0.5,0.9,1140692.106875,197748.3894655202,42317.92912556974,0.9348647409933619,0.004726129187620245
Malthus_BF16,rosenbrock,50,128,200,0.8,0.5,0.5,1.0,1140692.106875,197748.3894655202,42414.15087313616,0.9307922180159949,0.004715407378971577
Malthus_BF16,rosenbrock,50,128,200,0.8,0.5,0.2,0.5,1140692.106875,197748.3894655202,41203.65493309377,1.1057594870217144,0.00485393832961563
Malthus_BF16,rosenbrock,50,128,200,0.8,0.5,0.2,0.7,1140692.106875,197748.3894655202,40571.940917975146,1.108521630987525,0.004929515213589184
Malthus_BF16,rosenbrock,50,128,200,0.8,0.5,0.2,0.8,1140692.106875,197748.3894655202,41069.99294055472,1.106451442989055,0.00486973543651402
Malthus_BF16,rosenbrock,50,128,200,0.8,0.5,0.2,0.9,1140692.106875,197748.3894655202,41211.990086424914,1.100570205016993,0.004852956617251039
Malthus_BF16,rosenbrock,50,128,200,0.8,0.5,0.2,1.0,1140692.106875,197748.3894655202,41175.77063470321,1.1080998809775338,0.004857225424493663
Malthus_BF16,rosenbrock,50,128,200,0.8,0.5,0.4,0.5,1140692.106875,197748.3894655202,41148.520373692874,1.1158266400452703,0.004860442081117071
Malthus_BF16,rosenbrock,50,128,200,0.8,0.5,0.4,0.7,1140692.106875,197748.3894655202,41265.88878823527,1.1188741640071385,0.004846618014853448
Malthus_BF16,rosenbrock,50,128,200,0.8,0.5,0.4,0.8,1140692.106875,197748.3894655202,40683.36174085893,1.105292952968739,0.004916014592745341
Malthus_BF16,rosenbrock,50,128,200,0.8,0.5,0.4,0.9,1140692.106875,197748.3894655202,41273.438952441815,1.0808508620248176,0.004845731421373785
Malthus_BF16,rosenbrock,50,128,200,0.8,0.5,0.4,1.0,1140692.106875,197748.3894655202,41055.49808767656,1.09193315601442,0.00487145472143311
Malthus_BF16,rosenbrock,50,128,200,0.8,0.5,0.3,0.5,1140692.106875,197748.3894655202,40932.05112482897,1.0744338760268874,0.0048861465405207125
Malthus_BF16,rosenbrock,50,128,200,0.8,0.5,0.3,0.7,1140692.106875,197748.3894655202,41279.95691773679,1.0884321689954959,0.004844966296805069
Malthus_BF16,rosenbrock,50,128,200,0.8,0.5,0.3,0.8,1140692.106875,197748.3894655202,40844.33181197381,1.1012510050204583,0.0048966402711812405
Malthus_BF16,rosenbrock,50,128,200,0.8,0.5,0.3,0.9,1140692.106875,197748.3894655202,40921.83360430542,1.0928059670259245,0.004887366532348097
Malthus_BF16,rosenbrock,50,128,200,0.8,0.5,0.3,1.0,1140692.106875,197748.3894655202,41247.79020844222,1.1188868610188365,0.004848744599148631
Malthus_BF16,rosenbrock,50,128,200,0.8,0.5,0.6,0.5,1140692.106875,197748.3894655202,40865.81753369656,1.0853585769655183,0.004894065800472163
Malthus_BF16,rosenbrock,50,128,200,0.8,0.5,0.6,0.7,1140692.106875,197748.3894655202,40823.531147581714,1.0345336340251379,0.004899135238374584
Malthus_BF16,rosenbrock,50,128,200,0.8,0.5,0.6,0.8,1140692.106875,197748.3894655202,40844.13230002943,1.067032995983027,0.004896664189873263
Malthus_BF16,rosenbrock,50,128,200,0.8,0.5,0.6,0.9,1140692.106875,197748.3894655202,41594.67961278178,1.0833762330003083,0.004808307260973379
Malthus_BF16,rosenbrock,50,128,200,0.8,0.5,0.6,1.0,1140692.106875,197748.3894655202,41496.66900869442,1.1276550340116955,0.004819663958041929
Malthus_BF16,rosenbrock,50,128,200,0.8,0.5,0.7,0.5,1140692.106875,197748.3894655202,41483.32757712768,1.0876609589904547,0.004821214007679373
Malthus_BF16,rosenbrock,50,128,200,0.8,0.5,0.7,0.7,1140692.106875,197748.3894655202,40700.15624125981,1.095143809041474,0.004913986049941741
Malthus_BF16,rosenbrock,50,128,200,0.8,0.5,0.7,0.8,1140692.106875,197748.3894655202,40839.398609541226,1.0841923709958792,0.004897231761715375
Malthus_BF16,rosenbrock,50,128,200,0.8,0.5,0.7,0.9,1140692.106875,197748.3894655202,41648.71983441132,1.105297130998224,0.004802068365970627
Malthus_BF16,rosenbrock,50,128,200,0.8,0.5,0.7,1.0,1140692.106875,197748.3894655202,41437.013032978444,1.105746740999166,0.004826602724497206
Malthus_BF16,rosenbrock,50,128,200,0.8,0.8,0.5,0.5,1140692.106875,197748.3894655202,42464.58235457323,0.9581024069921114,0.004709807300823741
Malthus_BF16,rosenbrock,50,128,200,0.8,0.8,0.5,0.7,1140692.106875,197748.3894655202,42281.196852443885,0.9605942370253615,0.0047302350663812835
Malthus_BF16,rosenbrock,50,128,200,0.8,0.8,0.5,0.8,1140692.106875,197748.3894655202,41897.08781927385,0.9554944250266999,0.004773601469933056
Malthus_BF16,rosenbrock,50,128,200,0.8,0.8,0.5,0.9,1140692.106875,197748.3894655202,41689.01485810011,0.9524254960124381,0.004797426868462935
Malthus_BF16,rosenbrock,50,128,200,0.8,0.8,0.5,1.0,1140692.106875,197748.3894655202,42308.057017514184,0.9717954699881375,0.004727231976576149
Malthus_BF16,rosenbrock,50,128,200,0.8,0.8,0.2,0.5,1140692.106875,197748.3894655202,40795.1798979583,1.131425978965126,0.004902539969189093
Malthus_BF16,rosenbrock,50,128,200,0.8,0.8,0.2,0.7,1140692.106875,197748.3894655202,40949.947775196,1.117976144014392,0.004884011112735607
Malthus_BF16,rosenbrock,50,128,200,0.8,0.8,0.2,0.8,1140692.106875,197748.3894655202,41137.961422445725,1.101733247982338,0.004861689619137906
Malthus_BF16,rosenbrock,50,128,200,0.8,0.8,0.2,0.9,1140692.106875,197748.3894655202,41003.81542823047,1.0860781359951943,0.004877594875288196
Malthus_BF16,rosenbrock,50,128,200,0.8,0.8,0.2,1.0,1140692.106875,197748.3894655202,41075.17245362854,1.106734383967705,0.004869121370720677
Malthus_BF16,rosenbrock,50,128,200,0.8,0.8,0.4,0.5,1140692.106875,197748.3894655202,41358.95669664809,1.1228300830116495,0.004835711922496557
Malthus_BF16,rosenbrock,50,128,200,0.8,0.8,0.4,0.7,1140692.106875,197748.3894655202,40734.55356429941,1.1223393520340323,0.0049098365515237675
Malthus_BF16,rosenbrock,50,128,200,0.8,0.8,0.4,0.8,1140692.106875,197748.3894655202,40492.245753849755,1.1118644460220821,0.004939217281644232
Malthus_BF16,rosenbrock,50,128,200,0.8,0.8,0.4,0.9,1140692.106875,197748.3894655202,40726.45624168138,1.0912549839704297,0.004910812735906802
Malthus_BF16,rosenbrock,50,128,200,0.8,0.8,0.4,1.0,1140692.106875,197748.3894655202,42258.98845019131,1.1370450840331614,0.0047327209508512165
Malthus_BF16,rosenbrock,50,128,200,0.8,0.8,0.3,0.5,1140692.106875,197748.3894655202,41568.10189623531,1.0821191349532455,0.004811381585313939
Malthus_BF16,rosenbrock,50,128,200,0.8,0.8,0.3,0.7,1140692.106875,197748.3894655202,41567.08957888,1.1000046920380555,0.004811498760827817
Malthus_BF16,rosenbrock,50,128,200,0.8,0.8,0.3,0.8,1140692.106875,197748.3894655202,41525.486086076635,1.103296955989208,0.004816319298115559
Malthus_BF16,rosenbrock,50,128,200,0.8,0.8,0.3,0.9,1140692.106875,197748.3894655202,41673.59241382275,1.1169566130265594,0.004799202286521904
Malthus_BF16,rosenbrock,50,128,200,0.8,0.8,0.3,1.0,1140692.106875,197748.3894655202,42333.26434100413,1.0761025579995476,0.004724417148390785
Malthus_BF16,rosenbrock,50,128,200,0.8,0.8,0.6,0.5,1140692.106875,197748.3894655202,41672.13255908696,1.0903034060029313,0.004799370411783457
Malthus_BF16,rosenbrock,50,128,200,0.8,0.8,0.6,0.7,1140692.106875,197748.3894655202,40798.7938696091,1.0907755289808847,0.004902105700457468
Malthus_BF16,rosenbrock,50,128,200,0.8,0.8,0.6,0.8,1140692.106875,197748.3894655202,41213.776468097356,1.0669794420246035,0.004852746269316413
Malthus_BF16,rosenbrock,50,128,200,0.8,0.8,0.6,0.9,1140692.106875,197748.3894655202,41626.38135881415,1.0925205280072987,0.0048046453588176516
Malthus_BF16,rosenbrock,50,128,200,0.8,0.8,0.6,1.0,1140692.106875,197748.3894655202,41356.71669979046,1.072341165971011,0.0048359738383442165
Malthus_BF16,rosenbrock,50,128,200,0.8,0.8,0.7,0.5,1140692.106875,197748.3894655202,41677.230292138396,1.0824844319722615,0.004798783378791995
Malthus_BF16,rosenbrock,50,128,200,0.8,0.8,0.7,0.7,1140692.106875,197748.3894655202,41227.86682724453,1.0930197169655003,0.004851087756687775
Malthus_BF16,rosenbrock,50,128,200,0.8,0.8,0.7,0.8,1140692.106875,197748.3894655202,40948.223094126006,1.1011974290013313,0.004884216820355505
Malthus_BF16,rosenbrock,50,128,200,0.8,0.8,0.7,0.9,1140692.106875,197748.3894655202,40767.46290067904,1.0512585720280185,0.004905873109819368
Malthus_BF16,rosenbrock,50,128,200,0.8,0.8,0.7,1.0,1140692.106875,197748.3894655202,40937.37484327712,1.064810389012564,0.004885511119500734
Malthus_BF16,rosenbrock,50,128,200,0.8,1.0,0.5,0.5,1140692.106875,197748.3894655202,42569.4433570821,0.9424907470238395,0.004698205666500144
Malthus_BF16,rosenbrock,50,128,200,0.8,1.0,0.5,0.7,1140692.106875,197748.3894655202,42412.120292185486,0.9291659410228021,0.0047156331402948126
Malthus_BF16,rosenbrock,50,128,200,0.8,1.0,0.5,0.8,1140692.106875,197748.3894655202,42618.93262764811,0.9208860229700804,0.004692750091780908
Malthus_BF16,rosenbrock,50,128,200,0.8,1.0,0.5,0.9,1140692.106875,197748.3894655202,41813.22226628878,0.9246131830150262,0.004783175970660522
Malthus_BF16,rosenbrock,50,128,200,0.8,1.0,0.5,1.0,1140692.106875,197748.3894655202,42255.22104696798,0.9430292350007221,0.004733142912155017
Malthus_BF16,rosenbrock,50,128,200,0.8,1.0,0.2,0.5,1140692.106875,197748.3894655202,41166.927957679996,1.091131930006668,0.004858268758980557
Malthus_BF16,rosenbrock,50,128,200,0.8,1.0,0.2,0.7,1140692.106875,197748.3894655202,40591.110635824494,1.0872819399810396,0.004927187181310728
Malthus_BF16,rosenbrock,50,128,200,0.8,1.0,0.2,0.8,1140692.106875,197748.3894655202,41127.18247467888,1.1046533989720047,0.004862963810446672
Malthus_BF16,rosenbrock,50,128,200,0.8,1.0,0.2,0.9,1140692.106875,197748.3894655202,40701.698922401585,1.1063974580029026,0.0049137997993966565
Malthus_BF16,rosenbrock,50,128,200,0.8,1.0,0.2,1.0,1140692.106875,197748.3894655202,41470.7374157147,1.0779203629936092,0.004822677687043324
Malthus_BF16,rosenbrock,50,128,200,0.8,1.0,0.4,0.5,1140692.106875,197748.3894655202,41800.72410254719,1.091497713001445,0.004784606111352332
Malthus_BF16,rosenbrock,50,128,200,0.8,1.0,0.4,0.7,1140692.106875,197748.3894655202,40615.00121572818,1.097267795004882,0.004924288908368908
Malthus_BF16,rosenbrock,50,128,200,0.8,1.0,0.4,0.8,1140692.106875,197748.3894655202,40940.47378551994,1.1255989619530737,0.004885141316335649
Malthus_BF16,rosenbrock,50,128,200,0.8,1.0,0.4,0.9,1140692.106875,197748.3894655202,41094.45340260118,1.1194610280217603,0.004866836846340448
Malthus_BF16,rosenbrock,50,128,200,0.8,1.0,0.4,1.0,1140692.106875,197748.3894655202,41781.98162547707,1.0669863859657198,0.004786752380314283
Malthus_BF16,rosenbrock,50,128,200,0.8,1.0,0.3,0.5,1140692.106875,197748.3894655202,41231.63855429724,1.0672281729639508,0.004850643996032886
Malthus_BF16,rosenbrock,50,128,200,0.8,1.0,0.3,0.7,1140692.106875,197748.3894655202,41951.34955760435,1.0849302579881623,0.00476742708182428
Malthus_BF16,rosenbrock,50,128,200,0.8,1.0,0.3,0.8,1140692.106875,197748.3894655202,41885.57635358727,1.0785823340411298,0.004774913404835388
Malthus_BF16,rosenbrock,50,128,200,0.8,1.0,0.3,0.9,1140692.106875,197748.3894655202,41335.36995743618,1.076646340021398,0.004838471270631999
Malthus_BF16,rosenbrock,50,128,200,0.8,1.0,0.3,1.0,1140692.106875,197748.3894655202,41433.68083585108,1.0761673229862936,0.004826990891597233
Malthus_BF16,rosenbrock,50,128,200,0.8,1.0,0.6,0.5,1140692.106875,197748.3894655202,41321.17842341136,1.0987407460343093,0.004840133017278276
Malthus_BF16,rosenbrock,50,128,200,0.8,1.0,0.6,0.7,1140692.106875,197748.3894655202,42049.54137114883,1.105433241056744,0.004756294444086961
Malthus_BF16,rosenbrock,50,128,200,0.8,1.0,0.6,0.8,1140692.106875,197748.3894655202,41562.71037808429,1.0795105299912393,0.004812005718122236
Malthus_BF16,rosenbrock,50,128,200,0.8,1.0,0.6,0.9,1140692.106875,197748.3894655202,41383.96562503993,1.08153903397033,0.004832789631909691
Malthus_BF16,rosenbrock,50,128,200,0.8,1.0,0.6,1.0,1140692.106875,197748.3894655202,41380.27727593168,1.0543687430326827,0.004833220393047668
Malthus_BF16,rosenbrock,50,128,200,0.8,1.0,0.7,0.5,1140692.106875,197748.3894655202,40713.8370356506,1.041563937033061,0.004912334836553782
Malthus_BF16,rosenbrock,50,128,200,0.8,1.0,0.7,0.7,1140692.106875,197748.3894655202,41963.83304854032,1.0576826839824207,0.004766008857404813
Malthus_BF16,rosenbrock,50,128,200,0.8,1.0,0.7,0.8,1140692.106875,197748.3894655202,40162.44465442363,1.022675869986415,0.0049797765479888765
Malthus_BF16,rosenbrock,50,128,200,0.8,1.0,0.7,0.9,1140692.106875,197748.3894655202,41012.411980104946,1.0573736160295084,0.004876572489738464
Malthus_BF16,rosenbrock,50,128,200,0.8,1.0,0.7,1.0,1140692.106875,197748.3894655202,41050.22081311893,1.0795606230385602,0.004872080978821032
Malthus_BF16,rosenbrock,50,128,200,0.9,0.5,0.5,0.5,1140692.106875,197748.3894655202,42043.16070117808,0.9364819939946756,0.004757016281946563
Malthus_BF16,rosenbrock,50,128,200,0.9,0.5,0.5,0.7,1140692.106875,197748.3894655202,41693.49581604258,0.9280353939975612,0.00479691127082333
Malthus_BF16,rosenbrock,50,128,200,0.9,0.5,0.5,0.8,1140692.106875,197748.3894655202,42140.41935070604,0.935118091001641,0.004746037250733934
Malthus_BF16,rosenbrock,50,128,200,0.9,0.5,0.5,0.9,1140692.106875,197748.3894655202,42079.539384057236,0.9242448200238869,0.004752903737244196
Malthus_BF16,rosenbrock,50,128,200,0.9,0.5,0.5,1.0,1140692.106875,197748.3894655202,42749.51585792203,0.9327431590063497,0.004678415555972606
Malthus_BF16,rosenbrock,50,128,200,0.9,0.5,0.2,0.5,1140692.106875,197748.3894655202,41998.737775529364,1.0850626309984364,0.004762047875556163
Malthus_BF16,rosenbrock,50,128,200,0.9,0.5,0.2,0.7,1140692.106875,197748.3894655202,41736.34159867976,1.098740478977561,0.004791986847412773
Malthus_BF16,rosenbrock,50,128,200,0.9,0.5,0.2,0.8,1140692.106875,197748.3894655202,41291.095433524686,1.1121625349624082,0.004843659338657744
Malthus_BF16,rosenbrock,50,128,200,0.9,0.5,0.2,0.9,1140692.106875,197748.3894655202,41268.39708045112,1.0622449839720502,0.004846323437523097
Malthus_BF16,rosenbrock,50,128,200,0.9,0.5,0.2,1.0,1140692.106875,197748.3894655202,41218.27085628795,1.0647831719834358,0.004852217131992802
Malthus_BF16,rosenbrock,50,128,200,0.9,0.5,0.4,0.5,1140692.106875,197748.3894655202,40777.67007923313,1.080792817985639,0.004904645106289535
Malthus_BF16,rosenbrock,50,128,200,0.9,0.5,0.4,0.7,1140692.106875,197748.3894655202,40934.25116746642,1.0856083040125668,0.004885883930837736
Malthus_BF16,rosenbrock,50,128,200,0.9,0.5,0.4,0.8,1140692.106875,197748.3894655202,41344.90675177115,1.090136808983516,0.0048373552080011
Malthus_BF16,rosenbrock,50,128,200,0.9,0.5,0.4,0.9,1140692.106875,197748.3894655202,40670.16532691906,1.1096359110088088,0.004917609711992554
Malthus_BF16,rosenbrock,50,128,200,0.9,0.5,0.4,1.0,1140692.106875,197748.3894655202,41141.98849879598,1.100350059045013,0.0048612137453164905
Malthus_BF16,rosenbrock,50,128,200,0.9,0.5,0.3,0.5,1140692.106875,197748.3894655202,41365.70499559827,1.089698908966966,0.0048349230363965035
Malthus_BF16,rosenbrock,50,128,200,0.9,0.5,0.3,0.7,1140692.106875,197748.3894655202,41307.760061535104,1.0988068290171213,0.004841705280123279
Malthus_BF16,rosenbrock,50,128,200,0.9,0.5,0.3,0.8,1140692.106875,197748.3894655202,41087.72589331514,1.0999887610087171,0.0048676337191136555
Malthus_BF16,rosenbrock,50,128,200,0.9,0.5,0.3,0.9,1140692.106875,197748.3894655202,40751.63647320476,1.0964575069956481,0.00490777836937923
Malthus_BF16,rosenbrock,50,128,200,0.9,0.5,0.3,1.0,1140692.106875,197748.3894655202,41060.95201300507,1.1100980450282805,0.004870807669940405
Malthus_BF16,rosenbrock,50,128,200,0.9,0.5,0.6,0.5,1140692.106875,197748.3894655202,41457.52433833868,1.069946322008036,0.00482421474007424
Malthus_BF16,rosenbrock,50,128,200,0.9,0.5,0.6,0.7,1140692.106875,197748.3894655202,41379.81935951757,1.0798120420076884,0.004833273878321051
Malthus_BF16,rosenbrock,50,128,200,0.9,0.5,0.6,0.8,1140692.106875,197748.3894655202,41119.46863827043,1.0490173579892144,0.004863876081653871
Malthus_BF16,rosenbrock,50,128,200,0.9,0.5,0.6,0.9,1140692.106875,197748.3894655202,40978.54515056066,1.0695915800170042,0.004880602746270597
Malthus_BF16,rosenbrock,50,128,200,0.9,0.5,0.6,1.0,1140692.106875,197748.3894655202,41941.923741708524,1.0782639809767716,0.004768498489283957
Malthus_BF16,rosenbrock,50,128,200,0.9,0.5,0.7,0.5,1140692.106875,197748.3894655202,41241.258363668305,1.0405540829524398,0.004849512549699284
Malthus_BF16,rosenbrock,50,128,200,0.9,0.5,0.7,0.7,1140692.106875,197748.3894655202,41165.99435883899,1.0471813890035264,0.0048583789390977475
Malthus_BF16,rosenbrock,50,128,200,0.9,0.5,0.7,0.8,1140692.106875,197748.3894655202,40805.648430790796,1.0533583859796636,0.004901282241335138
Malthus_BF16,rosenbrock,50,128,200,0.9,0.5,0.7,0.9,1140692.106875,197748.3894655202,40350.28605584285,1.060356492002029,0.00495659435284324
Malthus_BF16,rosenbrock,50,128,200,0.9,0.5,0.7,1.0,1140692.106875,197748.3894655202,41749.22053304944,1.0258514980087057,0.0047905085998354476
Malthus_BF16,rosenbrock,50,128,200,0.9,0.8,0.5,0.5,1140692.106875,197748.3894655202,42778.20885665862,0.9151822219719179,0.004675277561764233
Malthus_BF16,rosenbrock,50,128,200,0.9,0.8,0.5,0.7,1140692.106875,197748.3894655202,41889.87138301729,0.91773180605378,0.004774423826020211
Malthus_BF16,rosenbrock,50,128,200,0.9,0.8,0.5,0.8,1140692.106875,197748.3894655202,42314.08067029015,0.9318766060168855,0.004726559027913027
Malthus_BF16,rosenbrock,50,128,200,0.9,0.8,0.5,0.9,1140692.106875,197748.3894655202,41550.06856594098,0.9153422699891962,0.004813469794462435
Malthus_BF16,rosenbrock,50,128,200,0.9,0.8,0.5,1.0,1140692.106875,197748.3894655202,42565.95699550398,0.9327823099447414,0.00469859047268983
Malthus_BF16,rosenbrock,50,128,200,0.9,0.8,0.2,0.5,1140692.106875,197748.3894655202,41757.514005701414,1.0503218810190447,0.004789557155454531
Malthus_BF16,rosenbrock,50,128,200,0.9,0.8,0.2,0.7,1140692.106875,197748.3894655202,40316.74082332284,1.0928968799998984,0.0049607184488559145
Malthus_BF16,rosenbrock,50,128,200,0.9,0.8,0.2,0.8,1140692.106875,197748.3894655202,40499.21174791523,1.0504160950076766,0.004938367720460519
Malthus_BF16,rosenbrock,50,128,200,0.9,0.8,0.2,0.9,1140692.106875,197748.3894655202,40558.58657923012,1.1842350239749067,0.004931138308020309
Malthus_BF16,rosenbrock,50,128,200,0.9,0.8,0.2,1.0,1140692.106875,197748.3894655202,41607.58259336415,1.1018717659753747,0.004806816150667146
Malthus_BF16,rosenbrock,50,128,200,0.9,0.8,0.4,0.5,1140692.106875,197748.3894655202,41809.73871742392,1.0756918260012753,0.0047835745004704226
Malthus_BF16,rosenbrock,50,128,200,0.9,0.8,0.4,0.7,1140692.106875,197748.3894655202,41332.54563182578,1.1250727910082787,0.004838801891892217
Malthus_BF16,rosenbrock,50,128,200,0.9,0.8,0.4,0.8,1140692.106875,197748.3894655202,41126.90297741688,1.0561492330161855,0.004862996859010309
Malthus_BF16,rosenbrock,50,128,200,0.9,0.8,0.4,0.9,1140692.106875,197748.3894655202,41343.83460465836,1.063444346014876,0.004837480652495288
Malthus_BF16,rosenbrock,50,128,200,0.9,0.8,0.4,1.0,1140692.106875,197748.3894655202,41799.17272749047,1.1218442940153182,0.004784783691866324
Malthus_BF16,rosenbrock,50,128,200,0.9,0.8,0.3,0.5,1140692.106875,197748.3894655202,41110.25640796165,1.0622457999852486,0.004864966007880866
Malthus_BF16,rosenbrock,50,128,200,0.9,0.8,0.3,0.7,1140692.106875,197748.3894655202,41490.31279463188,1.0826155219692737,0.004820402318728156
Malthus_BF16,rosenbrock,50,128,200,0.9,0.8,0.3,0.8,1140692.106875,197748.3894655202,41086.23414305883,1.0528855860466138,0.004867810452124104
Malthus_BF16,rosenbrock,50,128,200,0.9,0.8,0.3,0.9,1140692.106875,197748.3894655202,41100.5438139528,1.1043869869899936,0.004866115662734955
Malthus_BF16,rosenbrock,50,128,200,0.9,0.8,0.3,1.0,1140692.106875,197748.3894655202,41705.330034951316,1.0996419910225086,0.004795550109120086
Malthus_BF16,rosenbrock,50,128,200,0.9,0.8,0.6,0.5,1140692.106875,197748.3894655202,41777.71314552602,1.065450599999167,0.004787241448648274
Malthus_BF16,rosenbrock,50,128,200,0.9,0.8,0.6,0.7,1140692.106875,197748.3894655202,41896.016038432106,1.0534006870002486,0.004773723587859422
Malthus_BF16,rosenbrock,50,128,200,0.9,0.8,0.6,0.8,1140692.106875,197748.3894655202,41680.98391020421,1.052924357005395,0.00479835122008808
Malthus_BF16,rosenbrock,50,128,200,0.9,0.8,0.6,0.9,1140692.106875,197748.3894655202,41344.93716902059,1.0270991960423999,0.004837351649184711
Malthus_BF16,rosenbrock,50,128,200,0.9,0.8,0.6,1.0,1140692.106875,197748.3894655202,41425.07874666629,1.0521425500046462,0.004827993236249313
Malthus_BF16,rosenbrock,50,128,200,0.9,0.8,0.7,0.5,1140692.106875,197748.3894655202,41830.69045040981,1.0260358760133386,0.004781178552075289
Malthus_BF16,rosenbrock,50,128,200,0.9,0.8,0.7,0.7,1140692.106875,197748.3894655202,41266.14728069696,1.03882286202861,0.004846587655483745
Malthus_BF16,rosenbrock,50,128,200,0.9,0.8,0.7,0.8,1140692.106875,197748.3894655202,40893.92249248251,1.0440461289836094,0.004890702280681581
Malthus_BF16,rosenbrock,50,128,200,0.9,0.8,0.7,0.9,1140692.106875,197748.3894655202,41030.81065663362,1.0588858100236394,0.00487438577983994
Malthus_BF16,rosenbrock,50,128,200,0.9,0.8,0.7,1.0,1140692.106875,197748.3894655202,41259.50633979754,1.0254331110045314,0.004847367740003392
Malthus_BF16,rosenbrock,50,128,200,0.9,1.0,0.5,0.5,1140692.106875,197748.3894655202,42530.43859269724,0.9312327529769391,0.004702514401869849
Malthus_BF16,rosenbrock,50,128,200,0.9,1.0,0.5,0.7,1140692.106875,197748.3894655202,41160.56000778019,0.9107800149940886,0.004859020381700247
Malthus_BF16,rosenbrock,50,128,200,0.9,1.0,0.5,0.8,1140692.106875,197748.3894655202,42149.44728400471,0.9282041370170191,0.004745020703412592
Malthus_BF16,rosenbrock,50,128,200,0.9,1.0,0.5,0.9,1140692.106875,197748.3894655202,42084.180678869016,0.9171795360161923,0.004752379558631219
Malthus_BF16,rosenbrock,50,128,200,0.9,1.0,0.5,1.0,1140692.106875,197748.3894655202,42153.641258939104,0.9282163860043511,0.0047445486090146
Malthus_BF16,rosenbrock,50,128,200,0.9,1.0,0.2,0.5,1140692.106875,197748.3894655202,41980.13915880417,1.0900082620210014,0.004764157623285427
Malthus_BF16,rosenbrock,50,128,200,0.9,1.0,0.2,0.7,1140692.106875,197748.3894655202,40550.61536061007,1.129268257995136,0.004932107644272037
Malthus_BF16,rosenbrock,50,128,200,0.9,1.0,0.2,0.8,1140692.106875,197748.3894655202,41248.028548459086,1.0889345009927638,0.004848716582055204
Malthus_BF16,rosenbrock,50,128,200,0.9,1.0,0.2,0.9,1140692.106875,197748.3894655202,41625.140665744235,1.0683599910116754,0.004804788567707874
Malthus_BF16,rosenbrock,50,128,200,0.9,1.0,0.2,1.0,1140692.106875,197748.3894655202,42152.79180835154,1.046926683979109,0.0047446442197542635
Malthus_BF16,rosenbrock,50,128,200,0.9,1.0,0.4,0.5,1140692.106875,197748.3894655202,41713.989542566036,1.0604433350381441,0.004794554589316249
Malthus_BF16,rosenbrock,50,128,200,0.9,1.0,0.4,0.7,1140692.106875,197748.3894655202,41927.895282882346,1.0231840600026771,0.004770093958941288
Malthus_BF16,rosenbrock,50,128,200,0.9,1.0,0.4,0.8,1140692.106875,197748.3894655202,41672.67344300755,1.0496712640160695,0.0047993081191089
Malthus_BF16,rosenbrock,50,128,200,0.9,1.0,0.4,0.9,1140692.106875,197748.3894655202,41037.5002084795,1.0688192269881256,0.004873591202776879
Malthus_BF16,rosenbrock,50,128,200,0.9,1.0,0.4,1.0,1140692.106875,197748.3894655202,40950.83095435113,1.0827388049801812,0.0048839057801524175
Malthus_BF16,rosenbrock,50,128,200,0.9,1.0,0.3,0.5,1140692.106875,197748.3894655202,40765.625589764284,1.0810310460510664,0.00490609421802219
Malthus_BF16,rosenbrock,50,128,200,0.9,1.0,0.3,0.7,1140692.106875,197748.3894655202,41722.48462261829,1.091024289955385,0.004793578374083154
Malthus_BF16,rosenbrock,50,128,200,0.9,1.0,0.3,0.8,1140692.106875,197748.3894655202,40634.79265698799,1.0727870260016061,0.004921890501282178
Malthus_BF16,rosenbrock,50,128,200,0.9,1.0,0.3,0.9,1140692.106875,197748.3894655202,40714.34111360038,1.0594481350271963,0.0049122740176972
Malthus_BF16,rosenbrock,50,128,200,0.9,1.0,0.3,1.0,1140692.106875,197748.3894655202,40981.08976438646,1.0725768320262432,0.004880299697979353
Malthus_BF16,rosenbrock,50,128,200,0.9,1.0,0.6,0.5,1140692.106875,197748.3894655202,41761.90966119933,1.0379934179945849,0.004789053029962815
Malthus_BF16,rosenbrock,50,128,200,0.9,1.0,0.6,0.7,1140692.106875,197748.3894655202,41956.32868888237,1.0542807140154764,0.004766861311509274
Malthus_BF16,rosenbrock,50,128,200,0.9,1.0,0.6,0.8,1140692.106875,197748.3894655202,40534.429079311296,1.0396820640307851,0.0049340771423885595
Malthus_BF16,rosenbrock,50,128,200,0.9,1.0,0.6,0.9,1140692.106875,197748.3894655202,40819.12381331619,1.0664721290231682,0.0048996642092242835
Malthus_BF16,rosenbrock,50,128,200,0.9,1.0,0.6,1.0,1140692.106875,197748.3894655202,41514.082982342414,1.0300686759874225,0.004817642246489413
Malthus_BF16,rosenbrock,50,128,200,0.9,1.0,0.7,0.5,1140692.106875,197748.3894655202,41743.410034641915,1.0200080360518768,0.004791175417485647
Malthus_BF16,rosenbrock,50,128,200,0.9,1.0,0.7,0.7,1140692.106875,197748.3894655202,41941.39581741509,1.0508579120505601,0.004768558511277661
Malthus_BF16,rosenbrock,50,128,200,0.9,1.0,0.7,0.8,1140692.106875,197748.3894655202,41307.119298568075,1.0641850549727678,0.004841780385468155
Malthus_BF16,rosenbrock,50,128,200,0.9,1.0,0.7,0.9,1140692.106875,197748.3894655202,41306.49434663052,1.0858503989875317,0.004841853639809415
Malthus_BF16,rosenbrock,50,128,200,0.9,1.0,0.7,1.0,1140692.106875,197748.3894655202,41881.41817005877,1.0833869670168497,0.004775387480622157
Malthus_BF16,rosenbrock,50,128,200,1.0,0.5,0.5,0.5,1140692.106875,197748.3894655202,42844.60174235696,0.9463893779902719,0.004668032654444687
Malthus_BF16,rosenbrock,50,128,200,1.0,0.5,0.5,0.7,1140692.106875,197748.3894655202,42499.223346444836,0.9371228939853609,0.00470596835075412
Malthus_BF16,rosenbrock,50,128,200,1.0,0.5,0.5,0.8,1140692.106875,197748.3894655202,42270.87831386761,0.9325399640365504,0.0047313897410640494
Malthus_BF16,rosenbrock,50,128,200,1.0,0.5,0.5,0.9,1140692.106875,197748.3894655202,42153.32521782569,0.9340244710328989,0.004744584180880338
Malthus_BF16,rosenbrock,50,128,200,1.0,0.5,0.5,1.0,1140692.106875,197748.3894655202,42136.88195549193,0.9196175169781782,0.004746435681008734
Malthus_BF16,rosenbrock,50,128,200,1.0,0.5,0.2,0.5,1140692.106875,197748.3894655202,40938.940871948376,1.0883142779930495,0.004885324235074222
Malthus_BF16,rosenbrock,50,128,200,1.0,0.5,0.2,0.7,1140692.106875,197748.3894655202,41270.34951482063,1.076789507002104,0.004846094165695831
Malthus_BF16,rosenbrock,50,128,200,1.0,0.5,0.2,0.8,1140692.106875,197748.3894655202,41542.60088001454,1.1328422359656543,0.004814335062401369
Malthus_BF16,rosenbrock,50,128,200,1.0,0.5,0.2,0.9,1140692.106875,197748.3894655202,41076.690301378,1.1005844230530784,0.0048689414490945635
Malthus_BF16,rosenbrock,50,128,200,1.0,0.5,0.2,1.0,1140692.106875,197748.3894655202,40493.48583457282,1.107129436044488,0.00493906602205243
Malthus_BF16,rosenbrock,50,128,200,1.0,0.5,0.4,0.5,1140692.106875,197748.3894655202,40859.55635077959,1.0836203129729256,0.004894815750885755
Malthus_BF16,rosenbrock,50,128,200,1.0,0.5,0.4,0.7,1140692.106875,197748.3894655202,41066.55932681917,1.0825215550139546,0.004870142599684186
Malthus_BF16,rosenbrock,50,128,200,1.0,0.5,0.4,0.8,1140692.106875,197748.3894655202,41448.45762024733,1.1114143790327944,0.0048252700216835365
Malthus_BF16,rosenbrock,50,128,200,1.0,0.5,0.4,0.9,1140692.106875,197748.3894655202,40891.67174686184,1.1173429749906063,0.00489097147306893
Malthus_BF16,rosenbrock,50,128,200,1.0,0.5,0.4,1.0,1140692.106875,197748.3894655202,41292.21798370975,1.0905427919933572,0.004843527661287226
Malthus_BF16,rosenbrock,50,128,200,1.0,0.5,0.3,0.5,1140692.106875,197748.3894655202,41794.05888350774,1.0989120170124806,0.004785369149176404
Malthus_BF16,rosenbrock,50,128,200,1.0,0.5,0.3,0.7,1140692.106875,197748.3894655202,41969.67626612025,1.138449297985062,0.004765345311025158
Malthus_BF16,rosenbrock,50,128,200,1.0,0.5,0.3,0.8,1140692.106875,197748.3894655202,42062.18510832189,1.1087346790009178,0.004754864719579928
Malthus_BF16,rosenbrock,50,128,200,1.0,0.5,0.3,0.9,1140692.106875,197748.3894655202,41320.54962721512,1.124114232021384,0.004840206672088243
Malthus_BF16,rosenbrock,50,128,200,1.0,0.5,0.3,1.0,1140692.106875,197748.3894655202,41697.48476942901,1.139558268012479,0.004796452378504909
Malthus_BF16,rosenbrock,50,128,200,1.0,0.5,0.6,0.5,1140692.106875,197748.3894655202,41969.028496065424,1.0866222130134702,0.0047654188616434116
Malthus_BF16,rosenbrock,50,128,200,1.0,0.5,0.6,0.7,1140692.106875,197748.3894655202,41855.67991521325,1.0814330740249716,0.004778324002982118
Malthus_BF16,rosenbrock,50,128,200,1.0,0.5,0.6,0.8,1140692.106875,197748.3894655202,41688.621715548536,1.0612305970280431,0.00479747211036738
Malthus_BF16,rosenbrock,50,128,200,1.0,0.5,0.6,0.9,1140692.106875,197748.3894655202,40872.876165586415,1.047824874985963,0.004893220608937554
Malthus_BF16,rosenbrock,50,128,200,1.0,0.5,0.6,1.0,1140692.106875,197748.3894655202,40689.08727462603,1.0674361240235157,0.004915322839515283
Malthus_BF16,rosenbrock,50,128,200,1.0,0.5,0.7,0.5,1140692.106875,197748.3894655202,41180.682766127175,1.0575843850383535,0.0048566460428992285
Malthus_BF16,rosenbrock,50,128,200,1.0,0.5,0.7,0.7,1140692.106875,197748.3894655202,41540.72610001024,1.074949085013941,0.004814552338793874
Malthus_BF16,rosenbrock,50,128,200,1.0,0.5,0.7,0.8,1140692.106875,197748.3894655202,40520.2931200416,1.071728183014784,0.004935798450605944
Malthus_BF16,rosenbrock,50,128,200,1.0,0.5,0.7,0.9,1140692.106875,197748.3894655202,40099.24956339194,1.067681388987694,0.004987624511122704
Malthus_BF16,rosenbrock,50,128,200,1.0,0.5,0.7,1.0,1140692.106875,197748.3894655202,41563.203653627155,1.0175298540270887,0.004811948608839885
Malthus_BF16,rosenbrock,50,128,200,1.0,0.8,0.5,0.5,1140692.106875,197748.3894655202,41503.99671915897,0.9395486270077527,0.0048188130254857246
Malthus_BF16,rosenbrock,50,128,200,1.0,0.8,0.5,0.7,1140692.106875,197748.3894655202,41990.13844484178,0.9580664809909649,0.004763023114646785
Malthus_BF16,rosenbrock,50,128,200,1.0,0.8,0.5,0.8,1140692.106875,197748.3894655202,41620.05794028831,0.9430059430305846,0.0048053753381827845
Malthus_BF16,rosenbrock,50,128,200,1.0,0.8,0.5,0.9,1140692.106875,197748.3894655202,41764.31388590432,0.9477561779785901,0.004788777341018431
Malthus_BF16,rosenbrock,50,128,200,1.0,0.8,0.5,1.0,1140692.106875,197748.3894655202,42899.4373917061,0.9627814309787937,0.004662065802258439
Malthus_BF16,rosenbrock,50,128,200,1.0,0.8,0.2,0.5,1140692.106875,197748.3894655202,41620.139848896775,1.1063635169994086,0.004805365881184116
Malthus_BF16,rosenbrock,50,128,200,1.0,0.8,0.2,0.7,1140692.106875,197748.3894655202,41477.096289820074,1.0931501149898395,0.004821938319946639
Malthus_BF16,rosenbrock,50,128,200,1.0,0.8,0.2,0.8,1140692.106875,197748.3894655202,41357.24168599544,1.1289241070044227,0.0048359124507987876
Malthus_BF16,rosenbrock,50,128,200,1.0,0.8,0.2,0.9,1140692.106875,197748.3894655202,41142.8895532732,1.1114911889890209,0.00486110728175845
Malthus_BF16,rosenbrock,50,128,200,1.0,0.8,0.2,1.0,1140692.106875,197748.3894655202,41538.31343578225,1.11223875900032,0.004814831981784664
Malthus_BF16,rosenbrock,50,128,200,1.0,0.8,0.4,0.5,1140692.106875,197748.3894655202,40489.837619552556,1.0700092989718542,0.004939511041739024
Malthus_BF16,rosenbrock,50,128,200,1.0,0.8,0.4,0.7,1140692.106875,197748.3894655202,40935.38810326313,1.0977792009944096,0.004885748230735771
Malthus_BF16,rosenbrock,50,128,200,1.0,0.8,0.4,0.8,1140692.106875,197748.3894655202,40487.74370659052,1.1213558100280352,0.004939766499446705
Malthus_BF16,rosenbrock,50,128,200,1.0,0.8,0.4,0.9,1140692.106875,197748.3894655202,40757.16376204989,1.13698845700128,0.004907112800283358
Malthus_BF16,rosenbrock,50,128,200,1.0,0.8,0.4,1.0,1140692.106875,197748.3894655202,41496.27783675312,1.1167942840256728,0.004819709391449578
Malthus_BF16,rosenbrock,50,128,200,1.0,0.8,0.3,0.5,1140692.106875,197748.3894655202,41888.14879215991,1.1116045030066743,0.004774620167445391
Malthus_BF16,rosenbrock,50,128,200,1.0,0.8,0.3,0.7,1140692.106875,197748.3894655202,41319.87440992144,1.112950334965717,0.004840285766986199
Malthus_BF16,rosenbrock,50,128,200,1.0,0.8,0.3,0.8,1140692.106875,197748.3894655202,41271.06839898405,1.0872359999921173,0.004846009753528051
Malthus_BF16,rosenbrock,50,128,200,1.0,0.8,0.3,0.9,1140692.106875,197748.3894655202,40484.674678347874,1.0990823730244301,0.004940140969119966
Malthus_BF16,rosenbrock,50,128,200,1.0,0.8,0.3,1.0,1140692.106875,197748.3894655202,41081.47407517022,1.221217456040904,0.004868374480283819
Malthus_BF16,rosenbrock,50,128,200,1.0,0.8,0.6,0.5,1140692.106875,197748.3894655202,41615.533644570176,1.0939546860172413,0.004805897761834785
Malthus_BF16,rosenbrock,50,128,200,1.0,0.8,0.6,0.7,1140692.106875,197748.3894655202,41823.57500149838,1.0898069060058333,0.004781991974450648
Malthus_BF16,rosenbrock,50,128,200,1.0,0.8,0.6,0.8,1140692.106875,197748.3894655202,40889.78162323223,1.0829235179699026,0.004891197557444684
Malthus_BF16,rosenbrock,50,128,200,1.0,0.8,0.6,0.9,1140692.106875,197748.3894655202,40948.28217643265,1.0985475199995562,0.004884209773153998
Malthus_BF16,rosenbrock,50,128,200,1.0,0.8,0.6,1.0,1140692.106875,197748.3894655202,41323.48046237744,1.0757936559966765,0.0048398633842589335
Malthus_BF16,rosenbrock,50,128,200,1.0,0.8,0.7,0.5,1140692.106875,197748.3894655202,41469.92786266448,1.1042980639613234,0.004822771832696162
Malthus_BF16,rosenbrock,50,128,200,1.0,0.8,0.7,0.7,1140692.106875,197748.3894655202,40369.116236472735,1.0645911400206387,0.004954282348626294
Malthus_BF16,rosenbrock,50,128,200,1.0,0.8,0.7,0.8,1140692.106875,197748.3894655202,40668.916216167796,1.0555874109850265,0.004917760752141476
Malthus_BF16,rosenbrock,50,128,200,1.0,0.8,0.7,0.9,1140692.106875,197748.3894655202,39990.76483768132,1.1064984030090272,0.005001154661877081
Malthus_BF16,rosenbrock,50,128,200,1.0,0.8,0.7,1.0,1140692.106875,197748.3894655202,40597.38553485927,1.0630157950217836,0.004926425614976324
Malthus_BF16,rosenbrock,50,128,200,1.0,1.0,0.5,0.5,1140692.106875,197748.3894655202,42080.219589582455,0.9550433600088581,0.004752826908952556
Malthus_BF16,rosenbrock,50,128,200,1.0,1.0,0.5,0.7,1140692.106875,197748.3894655202,42209.292429557034,0.9463249070104212,0.004738293121918104
Malthus_BF16,rosenbrock,50,128,200,1.0,1.0,0.5,0.8,1140692.106875,197748.3894655202,41671.51911471334,1.0124906699638814,0.004799441063078121
Malthus_BF16,rosenbrock,50,128,200,1.0,1.0,0.5,0.9,1140692.106875,197748.3894655202,42120.335949591485,0.9445835570222698,0.004748300209175795
Malthus_BF16,rosenbrock,50,128,200,1.0,1.0,0.5,1.0,1140692.106875,197748.3894655202,42439.762114705576,0.9392794679733925,0.004712561758933589
Malthus_BF16,rosenbrock,50,128,200,1.0,1.0,0.2,0.5,1140692.106875,197748.3894655202,41323.862677774276,1.098679150978569,0.004839818619075231
Malthus_BF16,rosenbrock,50,128,200,1.0,1.0,0.2,0.7,1140692.106875,197748.3894655202,41777.25053578288,1.0864876200212166,0.004787294458947144
Malthus_BF16,rosenbrock,50,128,200,1.0,1.0,0.2,0.8,1140692.106875,197748.3894655202,41635.185100976654,1.117772529949434,0.004803629418602213
Malthus_BF16,rosenbrock,50,128,200,1.0,1.0,0.2,0.9,1140692.106875,197748.3894655202,41392.325577538824,1.1059019270469435,0.004831813559867441
Malthus_BF16,rosenbrock,50,128,200,1.0,1.0,0.2,1.0,1140692.106875,197748.3894655202,41014.38837335166,1.1133652059943415,0.004876337498426437
Malthus_BF16,rosenbrock,50,128,200,1.0,1.0,0.4,0.5,1140692.106875,197748.3894655202,40976.49611846619,1.1262014479725622,0.004880846801097505
Malthus_BF16,rosenbrock,50,128,200,1.0,1.0,0.4,0.7,1140692.106875,197748.3894655202,41748.09411488475,1.078012988960836,0.004790637854021043
Malthus_BF16,rosenbrock,50,128,200,1.0,1.0,0.4,0.8,1140692.106875,197748.3894655202,41360.244662328274,1.0719231340335682,0.004835561337531544
Malthus_BF16,rosenbrock,50,128,200,1.0,1.0,0.4,0.9,1140692.106875,197748.3894655202,41197.67999671005,1.157349869958125,0.004854642300633713
Malthus_BF16,rosenbrock,50,128,200,1.0,1.0,0.4,1.0,1140692.106875,197748.3894655202,41217.791247187015,1.0961856790236197,0.004852273592259735
Malthus_BF16,rosenbrock,50,128,200,1.0,1.0,0.3,0.5,1140692.106875,197748.3894655202,41632.576853671715,1.119035462033935,0.004803930362104438
Malthus_BF16,rosenbrock,50,128,200,1.0,1.0,0.3,0.7,1140692.106875,197748.3894655202,41749.986391296334,1.098856464959681,0.00479042072314769
Malthus_BF16,rosenbrock,50,128,200,1.0,1.0,0.3,0.8,1140692.106875,197748.3894655202,40893.61897444721,1.1625544769922271,0.004890738580143079
Malthus_BF16,rosenbrock,50,128,200,1.0,1.0,0.3,0.9,1140692.106875,197748.3894655202,41024.25015177748,1.1031126689631492,0.004875165280536748
Malthus_BF16,rosenbrock,50,128,200,1.0,1.0,0.3,1.0,1140692.106875,197748.3894655202,40892.78524047282,1.0775941609754227,0.00489083829394076
Malthus_BF16,rosenbrock,50,128,200,1.0,1.0,0.6,0.5,1140692.106875,197748.3894655202,40748.406158221595,1.0689861580030993,0.004908167431713082
Malthus_BF16,rosenbrock,50,128,200,1.0,1.0,0.6,0.7,1140692.106875,197748.3894655202,41526.055555538216,1.06395928299753,0.004816253249300644
Malthus_BF16,rosenbrock,50,128,200,1.0,1.0,0.6,0.8,1140692.106875,197748.3894655202,40719.31222719654,1.0517327840207145,0.004911674315226264
Malthus_BF16,rosenbrock,50,128,200,1.0,1.0,0.6,0.9,1140692.106875,197748.3894655202,40701.14408543882,1.0760014510015026,0.0049138667841907594
Malthus_BF16,rosenbrock,50,128,200,1.0,1.0,0.6,1.0,1140692.106875,197748.3894655202,40957.23509387749,1.0686205399688333,0.004883142124745063
Malthus_BF16,rosenbrock,50,128,200,1.0,1.0,0.7,0.5,1140692.106875,197748.3894655202,41056.300989450836,1.0807281419984065,0.004871359454700724
Malthus_BF16,rosenbrock,50,128,200,1.0,1.0,0.7,0.7,1140692.106875,197748.3894655202,40872.471154918865,1.0848606009967625,0.004893269096501171
Malthus_BF16,rosenbrock,50,128,200,1.0,1.0,0.7,0.8,1140692.106875,197748.3894655202,40944.9248326256,1.077721243025735,0.0048846102616516875
Malthus_BF16,rosenbrock,50,128,200,1.0,1.0,0.7,0.9,1140692.106875,197748.3894655202,40807.64733381071,1.0677505019702949,0.004901042159181088
Malthus_BF16,rosenbrock,50,128,200,1.0,1.0,0.7,1.0,1140692.106875,197748.3894655202,40631.665797848174,1.0916807540343143,0.004922269271337427
Malthus_BF16,schaffers_f7,50,128,200,0.8,0.5,0.5,0.5,65.97324649810791,2.68010542971034,28031.390291757212,1.9202311909757555,0.007134858382632956
Malthus_BF16,schaffers_f7,50,128,200,0.8,0.5,0.5,0.7,65.97324649810791,2.68010542971034,28230.82322904477,1.2276918379939161,0.007084455114090815
Malthus_BF16,schaffers_f7,50,128,200,0.8,0.5,0.5,0.8,65.97324649810791,2.68010542971034,27889.401464610455,1.2867951760417782,0.007171182940364815
Malthus_BF16,schaffers_f7,50,128,200,0.8,0.5,0.5,0.9,65.97324649810791,2.68010542971034,28118.46520317478,1.2146617859834805,0.007112763749901206
Malthus_BF16,schaffers_f7,50,128,200,0.8,0.5,0.5,1.0,65.97324649810791,2.68010542971034,28133.889834066915,1.2339163360302337,0.007108864120091311
Malthus_BF16,schaffers_f7,50,128,200,0.8,0.5,0.2,0.5,65.97324649810791,2.68010542971034,28755.751293956124,1.3855760940350592,0.006955130400019698
Malthus_BF16,schaffers_f7,50,128,200,0.8,0.5,0.2,0.7,65.97324649810791,2.68010542971034,28731.33553203309,1.367049351974856,0.006961040839087218
Malthus_BF16,schaffers_f7,50,128,200,0.8,0.5,0.2,0.8,65.97324649810791,2.68010542971034,28594.878304502177,1.3584192440030165,0.0069942595268366855
Malthus_BF16,schaffers_f7,50,128,200,0.8,0.5,0.2,0.9,65.97324649810791,2.68010542971034,28713.70834504729,1.3822040159720927,0.006965314183617011
Malthus_BF16,schaffers_f7,50,128,200,0.8,0.5,0.2,1.0,65.97324649810791,2.68010542971034,28864.335114877547,1.3265663430211134,0.0069289661169750615
Malthus_BF16,schaffers_f7,50,128,200,0.8,0.5,0.4,0.5,65.97324649810791,2.68010542971034,28447.71511570337,1.3709395040059462,0.007030441607930697
Malthus_BF16,schaffers_f7,50,128,200,0.8,0.5,0.4,0.7,65.97324649810791,2.68010542971034,28611.723370199295,1.3672577539691702,0.0069901416776701805
Malthus_BF16,schaffers_f7,50,128,200,0.8,0.5,0.4,0.8,65.97324649810791,2.68010542971034,28669.182765561865,1.331018058990594,0.006976131884730421
Malthus_BF16,schaffers_f7,50,128,200,0.8,0.5,0.4,0.9,65.97324649810791,2.68010542971034,28636.81473687364,1.3319727850030176,0.006984016966889613
Malthus_BF16,schaffers_f7,50,128,200,0.8,0.5,0.4,1.0,65.97324649810791,2.68010542971034,28652.465092347793,1.3920908159925602,0.006980202204431407
Malthus_BF16,schaffers_f7,50,128,200,0.8,0.5,0.3,0.5,65.97324649810791,2.68010542971034,28593.48878433861,1.3557652150047943,0.006994599417666904
Malthus_BF16,schaffers_f7,50,128,200,0.8,0.5,0.3,0.7,65.97324649810791,2.68010542971034,28782.71703070073,1.3498958420241252,0.006948614329448901
Malthus_BF16,schaffers_f7,50,128,200,0.8,0.5,0.3,0.8,65.97324649810791,2.68010542971034,28810.735304897687,1.3591360250138678,0.006941856842022389
Malthus_BF16,schaffers_f7,50,128,200,0.8,0.5,0.3,0.9,65.97324649810791,2.68010542971034,28492.565245702608,1.3439274500124156,0.007019374993979
Malthus_BF16,schaffers_f7,50,128,200,0.8,0.5,0.3,1.0,65.97324649810791,2.68010542971034,29035.22062677482,1.3406679789768532,0.006888185992138461
Malthus_BF16,schaffers_f7,50,128,200,0.8,0.5,0.6,0.5,65.97324649810791,2.68010542971034,28941.571461674463,1.3346678059897386,0.006910474791075103
Malthus_BF16,schaffers_f7,50,128,200,0.8,0.5,0.6,0.7,65.97324649810791,2.68010542971034,28708.482623885295,1.329506201960612,0.006966582059394568
Malthus_BF16,schaffers_f7,50,128,200,0.8,0.5,0.6,0.8,65.97324649810791,2.68010542971034,28750.82589102044,1.32373921002727,0.006956321907346137
Malthus_BF16,schaffers_f7,50,128,200,0.8,0.5,0.6,0.9,65.97324649810791,2.68010542971034,28604.49940122131,1.314768239040859,0.006991907014162279
Malthus_BF16,schaffers_f7,50,128,200,0.8,0.5,0.6,1.0,65.97324649810791,2.68010542971034,28744.166693992378,1.3442977289669216,0.006957933487137779
Malthus_BF16,schaffers_f7,50,128,200,0.8,0.5,0.7,0.5,65.97324649810791,2.68010542971034,28988.22276517063,1.329831995011773,0.00689935363130644
Malthus_BF16,schaffers_f7,50,128,200,0.8,0.5,0.7,0.7,65.97324649810791,2.68010542971034,29086.30579165956,1.3360430219909176,0.00687608806125354
Malthus_BF16,schaffers_f7,50,128,200,0.8,0.5,0.7,0.8,65.97324649810791,2.68010542971034,28952.5394481893,1.3555231550126337,0.006907856920734048
Malthus_BF16,schaffers_f7,50,128,200,0.8,0.5,0.7,0.9,65.97324649810791,2.68010542971034,28832.987890165827,1.3105782310012728,0.006936499289004132
Malthus_BF16,schaffers_f7,50,128,200,0.8,0.5,0.7,1.0,65.97324649810791,2.68010542971034,28701.632942664855,1.3514599399641156,0.0069682446430670095
Malthus_BF16,schaffers_f7,50,128,200,0.8,0.8,0.5,0.5,65.97324649810791,2.68010542971034,27990.246468234862,1.2212741780094802,0.00714534615573939
Malthus_BF16,schaffers_f7,50,128,200,0.8,0.8,0.5,0.7,65.97324649810791,2.68010542971034,28005.02007695788,1.25103369000135,0.0071415767405414955
Malthus_BF16,schaffers_f7,50,128,200,0.8,0.8,0.5,0.8,65.97324649810791,2.68010542971034,27796.014540037653,1.2062986600212753,0.007195276132551953
Malthus_BF16,schaffers_f7,50,128,200,0.8,0.8,0.5,0.9,65.97324649810791,2.68010542971034,28116.93218405694,1.1914959159912542,0.007113151559024118
Malthus_BF16,schaffers_f7,50,128,200,0.8,0.8,0.5,1.0,65.97324649810791,2.68010542971034,27867.1687247741,1.1956156049855053,0.007176904190564528
Malthus_BF16,schaffers_f7,50,128,200,0.8,0.8,0.2,0.5,65.97324649810791,2.68010542971034,28899.016046774283,1.372927399002947,0.00692065085109789
Malthus_BF16,schaffers_f7,50,128,200,0.8,0.8,0.2,0.7,65.97324649810791,2.68010542971034,28878.61630322114,1.355237236013636,0.006925539572257548
Malthus_BF16,schaffers_f7,50,128,200,0.8,0.8,0.2,0.8,65.97324649810791,2.68010542971034,28614.068437853213,1.3457549160229973,0.006989568800199777
Malthus_BF16,schaffers_f7,50,128,200,0.8,0.8,0.2,0.9,65.97324649810791,2.68010542971034,28958.618199175864,1.3736013859743252,0.006906406881171279
Malthus_BF16,schaffers_f7,50,128,200,0.8,0.8,0.2,1.0,65.97324649810791,2.68010542971034,29013.71794533152,1.3677065699594095,0.006893290972802788
Malthus_BF16,schaffers_f7,50,128,200,0.8,0.8,0.4,0.5,65.97324649810791,2.68010542971034,28882.590433748657,1.3707617479958571,0.006924586645327508
Malthus_BF16,schaffers_f7,50,128,200,0.8,0.8,0.4,0.7,65.97324649810791,2.68010542971034,28731.16818028583,1.3841549640055746,0.006961081385379657
Malthus_BF16,schaffers_f7,50,128,200,0.8,0.8,0.4,0.8,65.97324649810791,2.68010542971034,28857.88295294194,1.3598938300274312,0.006930515323183499
Malthus_BF16,schaffers_f7,50,128,200,0.8,0.8,0.4,0.9,65.97324649810791,2.68010542971034,28936.493778454453,1.3262579099973664,0.006911687419051305
Malthus_BF16,schaffers_f7,50,128,200,0.8,0.8,0.4,1.0,65.97324649810791,2.68010542971034,28938.343833887582,1.3464199680020101,0.006911245548399165
Malthus_BF16,schaffers_f7,50,128,200,0.8,0.8,0.3,0.5,65.97324649810791,2.68010542971034,28721.89401327767,1.3441690129693598,0.00696332908642944
Malthus_BF16,schaffers_f7,50,128,200,0.8,0.8,0.3,0.7,65.97324649810791,2.68010542971034,28717.70437703686,1.4137213270296343,0.0069643449690192935
Malthus_BF16,schaffers_f7,50,128,200,0.8,0.8,0.3,0.8,65.97324649810791,2.68010542971034,28584.305011833283,1.3891956629813649,0.006996846693218686
Malthus_BF16,schaffers_f7,50,128,200,0.8,0.8,0.3,0.9,65.97324649810791,2.68010542971034,28780.070970642497,1.3510593340033665,0.0069492531899595636
Malthus_BF16,schaffers_f7,50,128,200,0.8,0.8,0.3,1.0,65.97324649810791,2.68010542971034,28888.70129045218,1.392264833964873,0.006923121880390681
Malthus_BF16,schaffers_f7,50,128,200,0.8,0.8,0.6,0.5,65.97324649810791,2.68010542971034,28496.585621633156,1.3771060710423626,0.0070183846814325076
Malthus_BF16,schaffers_f7,50,128,200,0.8,0.8,0.6,0.7,65.97324649810791,2.68010542971034,28479.194808748704,1.3616415769793093,0.007022670456208289
Malthus_BF16,schaffers_f7,50,128,200,0.8,0.8,0.6,0.8,65.97324649810791,2.68010542971034,28426.34804421476,1.3715481070103124,0.007035726140020415
Malthus_BF16,schaffers_f7,50,128,200,0.8,0.8,0.6,0.9,65.97324649810791,2.68010542971034,28430.877794389726,1.3514053690014407,0.007034605172812007
Malthus_BF16,schaffers_f7,50,128,200,0.8,0.8,0.6,1.0,65.97324649810791,2.68010542971034,28622.45271315847,1.3299803080153652,0.006987521370174363
Malthus_BF16,schaffers_f7,50,128,200,0.8,0.8,0.7,0.5,65.97324649810791,2.68010542971034,28516.405874898333,1.321739831008017,0.007013506571529433
Malthus_BF16,schaffers_f7,50,128,200,0.8,0.8,0.7,0.7,65.97324649810791,2.68010542971034,28509.615815732624,1.3321429459610954,0.00701517695968505
Malthus_BF16,schaffers_f7,50,128,200,0.8,0.8,0.7,0.8,65.97324649810791,2.68010542971034,28668.632258796497,1.3374750800430775,0.0069762658432591705
Malthus_BF16,schaffers_f7,50,128,200,0.8,0.8,0.7,0.9,65.97324649810791,2.68010542971034,28640.625917004792,1.3254925280343741,0.006983087610569783
Malthus_BF16,schaffers_f7,50,128,200,0.8,0.8,0.7,1.0,65.97324649810791,2.68010542971034,28550.23231682072,1.323676432017237,0.007005196937825531
Malthus_BF16,schaffers_f7,50,128,200,0.8,1.0,0.5,0.5,65.97324649810791,2.68010542971034,27764.451808933198,1.2354309750371613,0.007203455748967826
Malthus_BF16,schaffers_f7,50,128,200,0.8,1.0,0.5,0.7,65.97324649810791,2.68010542971034,27970.249405565115,1.217909331957344,0.007150454652728513
Malthus_BF16,schaffers_f7,50,128,200,0.8,1.0,0.5,0.8,65.97324649810791,2.68010542971034,27929.46095156363,1.2210227599716745,0.007160897245630622
Malthus_BF16,schaffers_f7,50,128,200,0.8,1.0,0.5,0.9,65.97324649810791,2.68010542971034,28062.993450675775,1.2453722750069574,0.0071268234570743515
Malthus_BF16,schaffers_f7,50,128,200,0.8,1.0,0.5,1.0,65.97324649810791,2.68010542971034,27819.055622240958,1.2647323639830574,0.007189316658186726
Malthus_BF16,schaffers_f7,50,128,200,0.8,1.0,0.2,0.5,65.97324649810791,2.68010542971034,28529.747620812974,1.371253346966114,0.007010226752026938
Malthus_BF16,schaffers_f7,50,128,200,0.8,1.0,0.2,0.7,65.97324649810791,2.68010542971034,28612.08789224279,1.3501825649873354,0.00699005262227729
Malthus_BF16,schaffers_f7,50,128,200,0.8,1.0,0.2,0.8,65.97324649810791,2.68010542971034,28425.96870630505,1.3995182079961523,0.007035820030141622
Malthus_BF16,schaffers_f7,50,128,200,0.8,1.0,0.2,0.9,65.97324649810791,2.68010542971034,28756.55185895138,1.367313713999465,0.006954936773399823
Malthus_BF16,schaffers_f7,50,128,200,0.8,1.0,0.2,1.0,65.97324649810791,2.68010542971034,28325.954603397888,1.392433181987144,0.0070606623077765105
Malthus_BF16,schaffers_f7,50,128,200,0.8,1.0,0.4,0.5,65.97324649810791,2.68010542971034,28410.836390065626,1.439866005035583,0.0070395674824248996
Malthus_BF16,schaffers_f7,50,128,200,0.8,1.0,0.4,0.7,65.97324649810791,2.68010542971034,28382.530136876587,1.3520452540251426,0.007046588131343015
Malthus_BF16,schaffers_f7,50,128,200,0.8,1.0,0.4,0.8,65.97324649810791,2.68010542971034,28422.03131060737,1.3946284140110947,0.007036794724990613
Malthus_BF16,schaffers_f7,50,128,200,0.8,1.0,0.4,0.9,65.97324649810791,2.68010542971034,28344.370112349847,1.3717586220009252,0.007056074952706695
Malthus_BF16,schaffers_f7,50,128,200,0.8,1.0,0.4,1.0,65.97324649810791,2.68010542971034,28829.641417700215,1.3841981990262866,0.006937304460443557
Malthus_BF16,schaffers_f7,50,128,200,0.8,1.0,0.3,0.5,65.97324649810791,2.68010542971034,28373.413917243466,1.3543408879777417,0.007048852160805836
Malthus_BF16,schaffers_f7,50,128,200,0.8,1.0,0.3,0.7,65.97324649810791,2.68010542971034,28427.920374241563,1.4082988449954428,0.007035336998524144
Malthus_BF16,schaffers_f7,50,128,200,0.8,1.0,0.3,0.8,65.97324649810791,2.68010542971034,28877.873960433346,1.4069543640362099,0.006925717602134682
Malthus_BF16,schaffers_f7,50,128,200,0.8,1.0,0.3,0.9,65.97324649810791,2.68010542971034,28852.266360042195,1.349825155979488,0.006931864467915148
Malthus_BF16,schaffers_f7,50,128,200,0.8,1.0,0.3,1.0,65.97324649810791,2.68010542971034,28603.485813816707,1.4063308640033938,0.006992154777981341
Malthus_BF16,schaffers_f7,50,128,200,0.8,1.0,0.6,0.5,65.97324649810791,2.68010542971034,28817.352820169875,1.3607274240348488,0.006940262738498859
Malthus_BF16,schaffers_f7,50,128,200,0.8,1.0,0.6,0.7,65.97324649810791,2.68010542971034,28502.47887626944,1.3587169249658473,0.007016933539998718
Malthus_BF16,schaffers_f7,50,128,200,0.8,1.0,0.6,0.8,65.97324649810791,2.68010542971034,28760.07093573172,1.3587377080111764,0.006954085768666118
Malthus_BF16,schaffers_f7,50,128,200,0.8,1.0,0.6,0.9,65.97324649810791,2.68010542971034,28722.133808799746,1.3692931209807284,0.006963270950946026
Malthus_BF16,schaffers_f7,50,128,200,0.8,1.0,0.6,1.0,65.97324649810791,2.68010542971034,28627.78138082544,1.3838903830037452,0.00698622073919978
Malthus_BF16,schaffers_f7,50,128,200,0.8,1.0,0.7,0.5,65.97324649810791,2.68010542971034,28543.63354162524,1.3256923700100742,0.007006816413486376
Malthus_BF16,schaffers_f7,50,128,200,0.8,1.0,0.7,0.7,65.97324649810791,2.68010542971034,28413.2868726159,1.3287565039936453,0.007038960360223428
Malthus_BF16,schaffers_f7,50,128,200,0.8,1.0,0.7,0.8,65.97324649810791,2.68010542971034,28637.480782759078,1.3336293899919838,0.006983854533755221
Malthus_BF16,schaffers_f7,50,128,200,0.8,1.0,0.7,0.9,65.97324649810791,2.68010542971034,28555.110853466478,1.3224663409637287,0.007004000125452876
Malthus_BF16,schaffers_f7,50,128,200,0.8,1.0,0.7,1.0,65.97324649810791,2.68010542971034,28834.372830193515,1.3415720229968429,0.006936166122904978
Malthus_BF16,schaffers_f7,50,128,200,0.9,0.5,0.5,0.5,65.97324649810791,2.68010542971034,27877.65878911387,1.2191617820062675,0.007174203598406165
Malthus_BF16,schaffers_f7,50,128,200,0.9,0.5,0.5,0.7,65.97324649810791,2.68010542971034,28071.776816802387,1.20754534000298,0.007124593548360281
Malthus_BF16,schaffers_f7,50,128,200,0.9,0.5,0.5,0.8,65.97324649810791,2.68010542971034,27950.49024284517,1.2076387790148146,0.00715550955501385
Malthus_BF16,schaffers_f7,50,128,200,0.9,0.5,0.5,0.9,65.97324649810791,2.68010542971034,28289.36625953561,1.2042131579946727,0.007069794288254343
Malthus_BF16,schaffers_f7,50,128,200,0.9,0.5,0.5,1.0,65.97324649810791,2.68010542971034,28399.352236887353,1.1927629690035246,0.0070424141484545545
Malthus_BF16,schaffers_f7,50,128,200,0.9,0.5,0.2,0.5,65.97324649810791,2.68010542971034,28856.902928692558,1.3387394490418956,0.006930750694009475
Malthus_BF16,schaffers_f7,50,128,200,0.9,0.5,0.2,0.7,65.97324649810791,2.68010542971034,28780.626356182118,1.360327236005105,0.0069491190888220445
Malthus_BF16,schaffers_f7,50,128,200,0.9,0.5,0.2,0.8,65.97324649810791,2.68010542971034,28767.51224779504,1.3665605959831737,0.006952286950545386
Malthus_BF16,schaffers_f7,50,128,200,0.9,0.5,0.2,0.9,65.97324649810791,2.68010542971034,28780.247194941272,1.3428451800136827,0.006949210638995282
Malthus_BF16,schaffers_f7,50,128,200,0.9,0.5,0.2,1.0,65.97324649810791,2.68010542971034,28678.5139367304,1.3611764399684034,0.006973862050217577
Malthus_BF16,schaffers_f7,50,128,200,0.9,0.5,0.4,0.5,65.97324649810791,2.68010542971034,28736.018046185465,1.354651454021223,0.0069599065423244615
Malthus_BF16,schaffers_f7,50,128,200,0.9,0.5,0.4,0.7,65.97324649810791,2.68010542971034,28609.84558412697,1.335178409004584,0.0069906004704535
Malthus_BF16,schaffers_f7,50,128,200,0.9,0.5,0.4,0.8,65.97324649810791,2.68010542971034,28659.729290150222,1.3716489039943554,0.006978432977339253
Malthus_BF16,schaffers_f7,50,128,200,0.9,0.5,0.4,0.9,65.97324649810791,2.68010542971034,28661.96285573189,1.3409856790094636,0.006977889162953943
Malthus_BF16,schaffers_f7,50,128,200,0.9,0.5,0.4,1.0,65.97324649810791,2.68010542971034,28951.187516250964,1.3364332440542057,0.006908179496531375
Malthus_BF16,schaffers_f7,50,128,200,0.9,0.5,0.3,0.5,65.97324649810791,2.68010542971034,28926.0026855959,1.3541189619572833,0.0069141942000715065
Malthus_BF16,schaffers_f7,50,128,200,0.9,0.5,0.3,0.7,65.97324649810791,2.68010542971034,28858.46262667162,1.3776501559768803,0.006930376111413352
Malthus_BF16,schaffers_f7,50,128,200,0.9,0.5,0.3,0.8,65.97324649810791,2.68010542971034,28919.449105091742,1.3682857750100084,0.006915761060081422
Malthus_BF16,schaffers_f7,50,128,200,0.9,0.5,0.3,0.9,65.97324649810791,2.68010542971034,29005.734888735828,1.3299559990409762,0.006895188167691231
Malthus_BF16,schaffers_f7,50,128,200,0.9,0.5,0.3,1.0,65.97324649810791,2.68010542971034,28948.124030399067,1.313149039982818,0.006908910566708073
Malthus_BF16,schaffers_f7,50,128,200,0.9,0.5,0.6,0.5,65.97324649810791,2.68010542971034,28546.251710376833,1.3581485750037245,0.007006173771223985
Malthus_BF16,schaffers_f7,50,128,200,0.9,0.5,0.6,0.7,65.97324649810791,2.68010542971034,28566.238462070574,1.334543387987651,0.007001271807821468
Malthus_BF16,schaffers_f7,50,128,200,0.9,0.5,0.6,0.8,65.97324649810791,2.68010542971034,28638.82472128398,1.3245939150219783,0.006983526801341213
Malthus_BF16,schaffers_f7,50,128,200,0.9,0.5,0.6,0.9,65.97324649810791,2.68010542971034,28768.252400673955,1.3292585280141793,0.0069521080813137815
Malthus_BF16,schaffers_f7,50,128,200,0.9,0.5,0.6,1.0,65.97324649810791,2.68010542971034,28669.202553092662,1.3644794279825874,0.00697612706979271
Malthus_BF16,schaffers_f7,50,128,200,0.9,0.5,0.7,0.5,65.97324649810791,2.68010542971034,28710.377977103115,1.326620512001682,0.006966122151352465
Malthus_BF16,schaffers_f7,50,128,200,0.9,0.5,0.7,0.7,65.97324649810791,2.68010542971034,28797.124464741326,1.3212819100008346,0.006945137881557457
Malthus_BF16,schaffers_f7,50,128,200,0.9,0.5,0.7,0.8,65.97324649810791,2.68010542971034,28843.70039424985,1.374985491973348,0.006933923084288835
Malthus_BF16,schaffers_f7,50,128,200,0.9,0.5,0.7,0.9,65.97324649810791,2.68010542971034,28818.387664286147,1.3526093870168552,0.006940013519488275
Malthus_BF16,schaffers_f7,50,128,200,0.9,0.5,0.7,1.0,65.97324649810791,2.68010542971034,28922.45930366636,1.3608508540201,0.006915041279862635
Malthus_BF16,schaffers_f7,50,128,200,0.9,0.8,0.5,0.5,65.97324649810791,2.68010542971034,28408.063213817204,1.215735292993486,0.007040254680323415
Malthus_BF16,schaffers_f7,50,128,200,0.9,0.8,0.5,0.7,65.97324649810791,2.68010542971034,28152.02272756319,1.207660100015346,0.007104285256355069
Malthus_BF16,schaffers_f7,50,128,200,0.9,0.8,0.5,0.8,65.97324649810791,2.68010542971034,27979.425882588526,1.2131487570004538,0.007148109501576983
Malthus_BF16,schaffers_f7,50,128,200,0.9,0.8,0.5,0.9,65.97324649810791,2.68010542971034,28237.724585321343,1.188362073036842,0.007082723659113981
Malthus_BF16,schaffers_f7,50,128,200,0.9,0.8,0.5,1.0,65.97324649810791,2.68010542971034,28199.674880534552,1.1934976930497214,0.007092280348879285
Malthus_BF16,schaffers_f7,50,128,200,0.9,0.8,0.2,0.5,65.97324649810791,2.68010542971034,28803.17651440768,1.31138661300065,0.006943678586976603
Malthus_BF16,schaffers_f7,50,128,200,0.9,0.8,0.2,0.7,65.97324649810791,2.68010542971034,28566.672511572087,1.3828853929881006,0.0070011654286645355
Malthus_BF16,schaffers_f7,50,128,200,0.9,0.8,0.2,0.8,65.97324649810791,2.68010542971034,28706.641611079587,1.3773339659674093,0.006967028839862905
Malthus_BF16,schaffers_f7,50,128,200,0.9,0.8,0.2,0.9,65.97324649810791,2.68010542971034,28680.09245682824,1.367491751036141,0.006973478216677904
Malthus_BF16,schaffers_f7,50,128,200,0.9,0.8,0.2,1.0,65.97324649810791,2.68010542971034,28480.70312843839,1.366290931997355,0.007022298540105112
Malthus_BF16,schaffers_f7,50,128,200,0.9,0.8,0.4,0.5,65.97324649810791,2.68010542971034,28458.512643844668,1.3843926420086063,0.0070277741673635315
Malthus_BF16,schaffers_f7,50,128,200,0.9,0.8,0.4,0.7,65.97324649810791,2.68010542971034,28682.94022222415,1.3381634459947236,0.006972785859834403
Malthus_BF16,schaffers_f7,50,128,200,0.9,0.8,0.4,0.8,65.97324649810791,2.68010542971034,28722.659651016576,1.3728661619825289,0.006963143470347859
Malthus_BF16,schaffers_f7,50,128,200,0.9,0.8,0.4,0.9,65.97324649810791,2.68010542971034,28444.167980479346,1.365893341950141,0.007031318340450525
Malthus_BF16,schaffers_f7,50,128,200,0.9,0.8,0.4,1.0,65.97324649810791,2.68010542971034,28616.53236002358,1.3891403099987656,0.006988966988865286
Malthus_BF16,schaffers_f7,50,128,200,0.9,0.8,0.3,0.5,65.97324649810791,2.68010542971034,28645.82920175135,1.3437553689582273,0.006981819188804366
Malthus_BF16,schaffers_f7,50,128,200,0.9,0.8,0.3,0.7,65.97324649810791,2.68010542971034,28971.848363361416,1.3543483010143973,0.0069032530300319195
Malthus_BF16,schaffers_f7,50,128,200,0.9,0.8,0.3,0.8,65.97324649810791,2.68010542971034,28965.80604758306,1.351712454983499,0.006904693060205318
Malthus_BF16,schaffers_f7,50,128,200,0.9,0.8,0.3,0.9,65.97324649810791,2.68010542971034,28807.581297721204,1.3672826690017246,0.006942616873420775
Malthus_BF16,schaffers_f7,50,128,200,0.9,0.8,0.3,1.0,65.97324649810791,2.68010542971034,28536.411258874647,1.3773716680007055,0.00700858976924792
Malthus_BF16,schaffers_f7,50,128,200,0.9,0.8,0.6,0.5,65.97324649810791,2.68010542971034,28624.832515775208,1.3411261400324292,0.006986940443748608
Malthus_BF16,schaffers_f7,50,128,200,0.9,0.8,0.6,0.7,65.97324649810791,2.68010542971034,28492.834698183662,1.339843256981112,0.007019308612798341
Malthus_BF16,schaffers_f7,50,128,200,0.9,0.8,0.6,0.8,65.97324649810791,2.68010542971034,28848.326684525626,1.3507056899834424,0.006932811118895188
Malthus_BF16,schaffers_f7,50,128,200,0.9,0.8,0.6,0.9,65.97324649810791,2.68010542971034,28788.06472120026,1.3469304619939066,0.006947323550120927
Malthus_BF16,schaffers_f7,50,128,200,0.9,0.8,0.6,1.0,65.97324649810791,2.68010542971034,28930.254493402997,1.3444444890483283,0.00691317803808488
Malthus_BF16,schaffers_f7,50,128,200,0.9,0.8,0.7,0.5,65.97324649810791,2.68010542971034,28842.914649044375,1.3255851309513673,0.006934111979790032
Malthus_BF16,schaffers_f7,50,128,200,0.9,0.8,0.7,0.7,65.97324649810791,2.68010542971034,28829.21085172304,1.3433003289974295,0.006937408069497906
Malthus_BF16,schaffers_f7,50,128,200,0.9,0.8,0.7,0.8,65.97324649810791,2.68010542971034,28593.136352442783,1.349402045016177,0.00699468563136179
Malthus_BF16,schaffers_f7,50,128,200,0.9,0.8,0.7,0.9,65.97324649810791,2.68010542971034,28622.216400764868,1.326809162972495,0.006987579060951248
Malthus_BF16,schaffers_f7,50,128,200,0.9,0.8,0.7,1.0,65.97324649810791,2.68010542971034,28736.52423752407,1.347624921996612,0.0069597839441848915
Malthus_BF16,schaffers_f7,50,128,200,0.9,1.0,0.5,0.5,65.97324649810791,2.68010542971034,27962.473276608704,1.2147426310111769,0.00715244313410949
Malthus_BF16,schaffers_f7,50,128,200,0.9,1.0,0.5,0.7,65.97324649810791,2.68010542971034,27895.665006750867,1.2100189320044592,0.007169572761631571
Malthus_BF16,schaffers_f7,50,128,200,0.9,1.0,0.5,0.8,65.97324649810791,2.68010542971034,27969.812761017824,1.208565368957352,0.00715056628047023
Malthus_BF16,schaffers_f7,50,128,200,0.9,1.0,0.5,0.9,65.97324649810791,2.68010542971034,27853.68631961724,1.2262157899676822,0.0071803781267954035
Malthus_BF16,schaffers_f7,50,128,200,0.9,1.0,0.5,1.0,65.97324649810791,2.68010542971034,27827.540984709176,1.243745099985972,0.007187124443007633
Malthus_BF16,schaffers_f7,50,128,200,0.9,1.0,0.2,0.5,65.97324649810791,2.68010542971034,28579.582193442,1.398171570035629,0.006998002932523378
Malthus_BF16,schaffers_f7,50,128,200,0.9,1.0,0.2,0.7,65.97324649810791,2.68010542971034,28527.55588518104,1.375497388013173,0.007010765338782221
Malthus_BF16,schaffers_f7,50,128,200,0.9,1.0,0.2,0.8,65.97324649810791,2.68010542971034,28585.872014851633,1.361521281010937,0.006996463144314475
Malthus_BF16,schaffers_f7,50,128,200,0.9,1.0,0.2,0.9,65.97324649810791,2.68010542971034,28736.617247813996,1.3481875240104273,0.006959761417820118
Malthus_BF16,schaffers_f7,50,128,200,0.9,1.0,0.2,1.0,65.97324649810791,2.68010542971034,28882.3731862168,1.3846227140165865,0.006924638730706647
Malthus_BF16,schaffers_f7,50,128,200,0.9,1.0,0.4,0.5,65.97324649810791,2.68010542971034,28700.368607771758,1.3633408810128458,0.006968551614554599
Malthus_BF16,schaffers_f7,50,128,200,0.9,1.0,0.4,0.7,65.97324649810791,2.68010542971034,28641.86214708807,1.3477531899698079,0.006982786208973266
Malthus_BF16,schaffers_f7,50,128,200,0.9,1.0,0.4,0.8,65.97324649810791,2.68010542971034,28885.723291782604,1.3717061480274424,0.006923835625639185
Malthus_BF16,schaffers_f7,50,128,200,0.9,1.0,0.4,0.9,65.97324649810791,2.68010542971034,28647.163414863437,1.3947035690071061,0.006981494017527439
Malthus_BF16,schaffers_f7,50,128,200,0.9,1.0,0.4,1.0,65.97324649810791,2.68010542971034,29088.892867100894,1.408147703972645,0.006875476523418911
Malthus_BF16,schaffers_f7,50,128,200,0.9,1.0,0.3,0.5,65.97324649810791,2.68010542971034,28748.504532885734,1.3994299540063366,0.006956883610109798
Malthus_BF16,schaffers_f7,50,128,200,0.9,1.0,0.3,0.7,65.97324649810791,2.68010542971034,28666.074359768085,1.3848008289933205,0.00697688834159635
Malthus_BF16,schaffers_f7,50,128,200,0.9,1.0,0.3,0.8,65.97324649810791,2.68010542971034,28552.94357363291,1.3882727089803666,0.00700453175639268
Malthus_BF16,schaffers_f7,50,128,200,0.9,1.0,0.3,0.9,65.97324649810791,2.68010542971034,28672.92153415869,1.338908291014377,0.006975222241017036
Malthus_BF16,schaffers_f7,50,128,200,0.9,1.0,0.3,1.0,65.97324649810791,2.68010542971034,28891.753049660074,1.4048558149952441,0.006922390609397553
Malthus_BF16,schaffers_f7,50,128,200,0.9,1.0,0.6,0.5,65.97324649810791,2.68010542971034,28993.262901658498,1.3221219279803336,0.006898154260125011
Malthus_BF16,schaffers_f7,50,128,200,0.9,1.0,0.6,0.7,65.97324649810791,2.68010542971034,29218.95769731621,1.3692545790108852,0.006844871130306273
Malthus_BF16,schaffers_f7,50,128,200,0.9,1.0,0.6,0.8,65.97324649810791,2.68010542971034,28803.91774061589,1.3196766200126149,0.006943499901681207
Malthus_BF16,schaffers_f7,50,128,200,0.9,1.0,0.6,0.9,65.97324649810791,2.68010542971034,28981.128579096334,1.3654626989737153,0.0069010424992302435
Malthus_BF16,schaffers_f7,50,128,200,0.9,1.0,0.6,1.0,65.97324649810791,2.68010542971034,28976.548398407464,1.356868807983119,0.006902133313124068
Malthus_BF16,schaffers_f7,50,128,200,0.9,1.0,0.7,0.5,65.97324649810791,2.68010542971034,28671.57182890392,1.321367027994711,0.006975550597417168
Malthus_BF16,schaffers_f7,50,128,200,0.9,1.0,0.7,0.7,65.97324649810791,2.68010542971034,28838.036408366344,1.3291225810535252,0.006935284953797236
Malthus_BF16,schaffers_f7,50,128,200,0.9,1.0,0.7,0.8,65.97324649810791,2.68010542971034,28964.149460019133,1.3413624970125966,0.0069050879700807855
Malthus_BF16,schaffers_f7,50,128,200,0.9,1.0,0.7,0.9,65.97324649810791,2.68010542971034,28895.003093992596,1.333686305966694,0.006921611994621344
Malthus_BF16,schaffers_f7,50,128,200,0.9,1.0,0.7,1.0,65.97324649810791,2.68010542971034,28795.87617144642,1.3287744279950857,0.006945438951370306
Malthus_BF16,schaffers_f7,50,128,200,1.0,0.5,0.5,0.5,65.97324649810791,2.68010542971034,28181.314640314373,1.221424468967598,0.0070969009981490675
Malthus_BF16,schaffers_f7,50,128,200,1.0,0.5,0.5,0.7,65.97324649810791,2.68010542971034,28072.79785131483,1.2084877209854312,0.007124334420077503
Malthus_BF16,schaffers_f7,50,128,200,1.0,0.5,0.5,0.8,65.97324649810791,2.68010542971034,28135.146553125014,1.2062244690023363,0.00710854658682365
Malthus_BF16,schaffers_f7,50,128,200,1.0,0.5,0.5,0.9,65.97324649810791,2.68010542971034,27956.35727530277,1.2002571870107204,0.0071540078712860125
Malthus_BF16,schaffers_f7,50,128,200,1.0,0.5,0.5,1.0,65.97324649810791,2.68010542971034,28380.067971016575,1.2329471799894236,0.007047199471271597
Malthus_BF16,schaffers_f7,50,128,200,1.0,0.5,0.2,0.5,65.97324649810791,2.68010542971034,28932.932598903655,1.3480840230477042,0.00691253813682124
Malthus_BF16,schaffers_f7,50,128,200,1.0,0.5,0.2,0.7,65.97324649810791,2.68010542971034,29126.352486425796,1.3177855900139548,0.0068666339217452335
Malthus_BF16,schaffers_f7,50,128,200,1.0,0.5,0.2,0.8,65.97324649810791,2.68010542971034,28832.704603297,1.3489387819427066,0.006936567441443913
Malthus_BF16,schaffers_f7,50,128,200,1.0,0.5,0.2,0.9,65.97324649810791,2.68010542971034,28885.533544273625,1.3424804040114395,0.00692388110794127
Malthus_BF16,schaffers_f7,50,128,200,1.0,0.5,0.2,1.0,65.97324649810791,2.68010542971034,28857.58999102742,1.340808389999438,0.006930585681693628
Malthus_BF16,schaffers_f7,50,128,200,1.0,0.5,0.4,0.5,65.97324649810791,2.68010542971034,28730.70436825318,1.327144725015387,0.006961193761089817
Malthus_BF16,schaffers_f7,50,128,200,1.0,0.5,0.4,0.7,65.97324649810791,2.68010542971034,28648.673589580747,1.3336221760255285,0.006981125997845084
Malthus_BF16,schaffers_f7,50,128,200,1.0,0.5,0.4,0.8,65.97324649810791,2.68010542971034,28645.433726403226,1.3553183960029855,0.006981915578944608
Malthus_BF16,schaffers_f7,50,128,200,1.0,0.5,0.4,0.9,65.97324649810791,2.68010542971034,28784.870320778755,1.3182606509653851,0.006948094529216178
Malthus_BF16,schaffers_f7,50,128,200,1.0,0.5,0.4,1.0,65.97324649810791,2.68010542971034,28914.73881472253,1.3695053489645943,0.006916887656552717
Malthus_BF16,schaffers_f7,50,128,200,1.0,0.5,0.3,0.5,65.97324649810791,2.68010542971034,29059.24913465811,1.3197320849867538,0.006882490289863199
Malthus_BF16,schaffers_f7,50,128,200,1.0,0.5,0.3,0.7,65.97324649810791,2.68010542971034,28937.756718202963,1.321344644005876,0.006911385770072229
Malthus_BF16,schaffers_f7,50,128,200,1.0,0.5,0.3,0.8,65.97324649810791,2.68010542971034,28847.139174748958,1.3562990209902637,0.0069330965122208
Malthus_BF16,schaffers_f7,50,128,200,1.0,0.5,0.3,0.9,65.97324649810791,2.68010542971034,28866.00885927308,1.3565515719819814,0.0069285643531475215
Malthus_BF16,schaffers_f7,50,128,200,1.0,0.5,0.3,1.0,65.97324649810791,2.68010542971034,28942.248329339793,1.3740005749859847,0.0069103131769225005
Malthus_BF16,schaffers_f7,50,128,200,1.0,0.5,0.6,0.5,65.97324649810791,2.68010542971034,28876.151624509337,1.3209786170045845,0.0069261306908447295
Malthus_BF16,schaffers_f7,50,128,200,1.0,0.5,0.6,0.7,65.97324649810791,2.68010542971034,28888.11590076893,1.3242190790479071,0.006923262170748785
Malthus_BF16,schaffers_f7,50,128,200,1.0,0.5,0.6,0.8,65.97324649810791,2.68010542971034,28872.404712978572,1.3058052309788764,0.0069270295283058655
Malthus_BF16,schaffers_f7,50,128,200,1.0,0.5,0.6,0.9,65.97324649810791,2.68010542971034,28714.75579141854,1.3428076789714396,0.0069650601054308935
Malthus_BF16,schaffers_f7,50,128,200,1.0,0.5,0.6,1.0,65.97324649810791,2.68010542971034,28611.4024590616,1.3322560340166092,0.006990220080479048
Malthus_BF16,schaffers_f7,50,128,200,1.0,0.5,0.7,0.5,65.97324649810791,2.68010542971034,28724.8481907509,1.3030599189805798,0.006962612950010225
Malthus_BF16,schaffers_f7,50,128,200,1.0,0.5,0.7,0.7,65.97324649810791,2.68010542971034,28380.531007237652,1.2878205120214261,0.007047084494261071
Malthus_BF16,schaffers_f7,50,128,200,1.0,0.5,0.7,0.8,65.97324649810791,2.68010542971034,28523.867631457044,1.3217864889884368,0.007011671859654598
Malthus_BF16,schaffers_f7,50,128,200,1.0,0.5,0.7,0.9,65.97324649810791,2.68010542971034,28847.10893739785,1.3504708830150776,0.006933103779447265
Malthus_BF16,schaffers_f7,50,128,200,1.0,0.5,0.7,1.0,65.97324649810791,2.68010542971034,28751.141565195525,1.2891549660125747,0.006956245530163869
Malthus_BF16,schaffers_f7,50,128,200,1.0,0.8,0.5,0.5,65.97324649810791,2.68010542971034,27811.81217656394,1.2147277829935774,0.0071911890793126074
Malthus_BF16,schaffers_f7,50,128,200,1.0,0.8,0.5,0.7,65.97324649810791,2.68010542971034,27890.326171658045,1.2031958680017851,0.007170945178950205
Malthus_BF16,schaffers_f7,50,128,200,1.0,0.8,0.5,0.8,65.97324649810791,2.68010542971034,28069.891648873632,1.2222130309673958,0.007125072034541518
Malthus_BF16,schaffers_f7,50,128,200,1.0,0.8,0.5,0.9,65.97324649810791,2.68010542971034,28293.127122667214,1.2073072689818218,0.007068854536046274
Malthus_BF16,schaffers_f7,50,128,200,1.0,0.8,0.5,1.0,65.97324649810791,2.68010542971034,28136.573123057253,1.1874304529628716,0.007108186171972192
Malthus_BF16,schaffers_f7,50,128,200,1.0,0.8,0.2,0.5,65.97324649810791,2.68010542971034,28708.081881167935,1.3781243250123225,0.006966679307515733
Malthus_BF16,schaffers_f7,50,128,200,1.0,0.8,0.2,0.7,65.97324649810791,2.68010542971034,28792.645901622767,1.3843889469862916,0.0069462181656854225
Malthus_BF16,schaffers_f7,50,128,200,1.0,0.8,0.2,0.8,65.97324649810791,2.68010542971034,28857.723992947336,1.3609221419901587,0.006930553499259986
Malthus_BF16,schaffers_f7,50,128,200,1.0,0.8,0.2,0.9,65.97324649810791,2.68010542971034,28514.42795430754,1.3720470289699733,0.007013993067666888
Malthus_BF16,schaffers_f7,50,128,200,1.0,0.8,0.2,1.0,65.97324649810791,2.68010542971034,28772.92825929739,1.3400432950002141,0.006950978301465511
Malthus_BF16,schaffers_f7,50,128,200,1.0,0.8,0.4,0.5,65.97324649810791,2.68010542971034,28290.301456277484,1.326488121994771,0.007069560581003316
Malthus_BF16,schaffers_f7,50,128,200,1.0,0.8,0.4,0.7,65.97324649810791,2.68010542971034,28669.72986544779,1.3566262680105865,0.006975998760317452
Malthus_BF16,schaffers_f7,50,128,200,1.0,0.8,0.4,0.8,65.97324649810791,2.68010542971034,28357.12051912621,1.3911952750058845,0.007052902281284332
Malthus_BF16,schaffers_f7,50,128,200,1.0,0.8,0.4,0.9,65.97324649810791,2.68010542971034,28890.69284761367,1.3541825379943475,0.006922644640435465
Malthus_BF16,schaffers_f7,50,128,200,1.0,0.8,0.4,1.0,65.97324649810791,2.68010542971034,28553.137739433412,1.3635347560048103,0.007004484124481678
Malthus_BF16,schaffers_f7,50,128,200,1.0,0.8,0.3,0.5,65.97324649810791,2.68010542971034,28853.918157683827,1.4016643050126731,0.006931467640097253
Malthus_BF16,schaffers_f7,50,128,200,1.0,0.8,0.3,0.7,65.97324649810791,2.68010542971034,28559.16616998863,1.3750830280478112,0.007003005578299053
Malthus_BF16,schaffers_f7,50,128,200,1.0,0.8,0.3,0.8,65.97324649810791,2.68010542971034,28798.568016475852,1.3445098270312883,0.00694478975085076
Malthus_BF16,schaffers_f7,50,128,200,1.0,0.8,0.3,0.9,65.97324649810791,2.68010542971034,28573.383517530354,1.3691734740277752,0.006999521070974879
Malthus_BF16,schaffers_f7,50,128,200,1.0,0.8,0.3,1.0,65.97324649810791,2.68010542971034,28882.107269897246,1.3364848039927892,0.006924702485557646
Malthus_BF16,schaffers_f7,50,128,200,1.0,0.8,0.6,0.5,65.97324649810791,2.68010542971034,28665.50036591873,1.3514597060275264,0.006977028045803309
Malthus_BF16,schaffers_f7,50,128,200,1.0,0.8,0.6,0.7,65.97324649810791,2.68010542971034,29038.888528849096,1.334531466010958,0.006887315945350565
Malthus_BF16,schaffers_f7,50,128,200,1.0,0.8,0.6,0.8,65.97324649810791,2.68010542971034,28430.795146398854,1.3303715899819508,0.00703462562232744
Malthus_BF16,schaffers_f7,50,128,200,1.0,0.8,0.6,0.9,65.97324649810791,2.68010542971034,28671.2230846266,1.3407811429933645,0.006975635444978252
Malthus_BF16,schaffers_f7,50,128,200,1.0,0.8,0.6,1.0,65.97324649810791,2.68010542971034,29030.1493079633,1.3040177290095016,0.00688938929932192
Malthus_BF16,schaffers_f7,50,128,200,1.0,0.8,0.7,0.5,65.97324649810791,2.68010542971034,28796.144964545536,1.3434283200185746,0.006945374120259657
Malthus_BF16,schaffers_f7,50,128,200,1.0,0.8,0.7,0.7,65.97324649810791,2.68010542971034,28751.08908747715,1.3238523449981585,0.006956258227000944
Malthus_BF16,schaffers_f7,50,128,200,1.0,0.8,0.7,0.8,65.97324649810791,2.68010542971034,28430.13211668301,1.3616036790190265,0.007034789679455571
Malthus_BF16,schaffers_f7,50,128,200,1.0,0.8,0.7,0.9,65.97324649810791,2.68010542971034,28878.882495074107,1.3222315729944967,0.006925475735915825
Malthus_BF16,schaffers_f7,50,128,200,1.0,0.8,0.7,1.0,65.97324649810791,2.68010542971034,28556.729971025634,1.3587471260107122,0.007003603010671214
Malthus_BF16,schaffers_f7,50,128,200,1.0,1.0,0.5,0.5,65.97324649810791,2.68010542971034,28003.135109484323,1.247169925016351,0.007142057459568605
Malthus_BF16,schaffers_f7,50,128,200,1.0,1.0,0.5,0.7,65.97324649810791,2.68010542971034,27983.798196025487,1.2356524789938703,0.007146992649068124
Malthus_BF16,schaffers_f7,50,128,200,1.0,1.0,0.5,0.8,65.97324649810791,2.68010542971034,28025.38842989038,1.22741066099843,0.007136386369820684
Malthus_BF16,schaffers_f7,50,128,200,1.0,1.0,0.5,0.9,65.97324649810791,2.68010542971034,28269.45701399443,1.2221787750022486,0.007074773311032913
Malthus_BF16,schaffers_f7,50,128,200,1.0,1.0,0.5,1.0,65.97324649810791,2.68010542971034,27845.726285124183,1.2347200229996815,0.007182430723914877
Malthus_BF16,schaffers_f7,50,128,200,1.0,1.0,0.2,0.5,65.97324649810791,2.68010542971034,28806.03736806541,1.4044660390354693,0.006942988979863003
Malthus_BF16,schaffers_f7,50,128,200,1.0,1.0,0.2,0.7,65.97324649810791,2.68010542971034,28787.200896131006,1.408483912004158,0.006947532020276413
Malthus_BF16,schaffers_f7,50,128,200,1.0,1.0,0.2,0.8,65.97324649810791,2.68010542971034,28553.225226545255,1.3874242530437186,0.007004462662735023
Malthus_BF16,schaffers_f7,50,128,200,1.0,1.0,0.2,0.9,65.97324649810791,2.68010542971034,28735.749067043063,1.37355896999361,0.006959971690084785
Malthus_BF16,schaffers_f7,50,128,200,1.0,1.0,0.2,1.0,65.97324649810791,2.68010542971034,28476.263148951955,1.3862187649938278,0.0070233934471616525
Malthus_BF16,schaffers_f7,50,128,200,1.0,1.0,0.4,0.5,65.97324649810791,2.68010542971034,28402.303161623226,1.3643271459732205,0.007041682460112497
Malthus_BF16,schaffers_f7,50,128,200,1.0,1.0,0.4,0.7,65.97324649810791,2.68010542971034,28430.754688298195,1.3800597069785,0.007034635632880964
Malthus_BF16,schaffers_f7,50,128,200,1.0,1.0,0.4,0.8,65.97324649810791,2.68010542971034,28493.71764075401,1.397906759986654,0.0070190911035751926
Malthus_BF16,schaffers_f7,50,128,200,1.0,1.0,0.4,0.9,65.97324649810791,2.68010542971034,28523.461323530053,1.39662513602525,0.007011771738762036
Malthus_BF16,schaffers_f7,50,128,200,1.0,1.0,0.4,1.0,65.97324649810791,2.68010542971034,28631.56738869508,1.3848675699555315,0.006985296937637031
Malthus_BF16,schaffers_f7,50,128,200,1.0,1.0,0.3,0.5,65.97324649810791,2.68010542971034,28472.079842508785,1.4078514570137486,0.007024425370618701
Malthus_BF16,schaffers_f7,50,128,200,1.0,1.0,0.3,0.7,65.97324649810791,2.68010542971034,28775.12752940098,1.3980704550049268,0.006950447041308507
Malthus_BF16,schaffers_f7,50,128,200,1.0,1.0,0.3,0.8,65.97324649810791,2.68010542971034,28544.867611501446,1.4081475120037794,0.007006513490341604
Malthus_BF16,schaffers_f7,50,128,200,1.0,1.0,0.3,0.9,65.97324649810791,2.68010542971034,28423.549913282564,1.4107869139988907,0.00703641876578331
Malthus_BF16,schaffers_f7,50,128,200,1.0,1.0,0.3,1.0,65.97324649810791,2.68010542971034,28575.684351087493,1.3899690610123798,0.006998957489267923
Malthus_BF16,schaffers_f7,50,128,200,1.0,1.0,0.6,0.5,65.97324649810791,2.68010542971034,28765.974001993793,1.4387669109855779,0.006952658720547333
Malthus_BF16,schaffers_f7,50,128,200,1.0,1.0,0.6,0.7,65.97324649810791,2.68010542971034,28535.023419543897,1.375217447988689,0.0070089306414593015
Malthus_BF16,schaffers_f7,50,128,200,1.0,1.0,0.6,0.8,65.97324649810791,2.68010542971034,28572.647401083545,1.3778254420030862,0.006999701399472542
Malthus_BF16,schaffers_f7,50,128,200,1.0,1.0,0.6,0.9,65.97324649810791,2.68010542971034,28511.303634402524,1.3725835679797456,0.007014761673635803
Malthus_BF16,schaffers_f7,50,128,200,1.0,1.0,0.6,1.0,65.97324649810791,2.68010542971034,28549.395292228342,1.3037194359931163,0.007005402319482528
Malthus_BF16,schaffers_f7,50,128,200,1.0,1.0,0.7,0.5,65.97324649810791,2.68010542971034,28764.351408719664,1.3479863699758425,0.006953050919109955
Malthus_BF16,schaffers_f7,50,128,200,1.0,1.0,0.7,0.7,65.97324649810791,2.68010542971034,28823.115555018416,1.3696794569841586,0.006938875140622258
Malthus_BF16,schaffers_f7,50,128,200,1.0,1.0,0.7,0.8,65.97324649810791,2.68010542971034,28484.219454349695,1.3225426249555312,0.007021431649918668
Malthus_BF16,schaffers_f7,50,128,200,1.0,1.0,0.7,0.9,65.97324649810791,2.68010542971034,28594.788344065077,1.3623165729804896,0.006994281531078741
Malthus_BF16,schaffers_f7,50,128,200,1.0,1.0,0.7,1.0,65.97324649810791,2.68010542971034,28747.41165675801,1.3156140149803832,0.006957148086512461
Malthus_BF16,rastrigin,50,128,200,0.8,0.5,0.5,0.5,3159.7226611328124,390.26874157969695,32608.66356911108,1.078963671985548,0.0061333393678069115
Malthus_BF16,rastrigin,50,128,200,0.8,0.5,0.5,0.7,3159.7226611328124,390.26874157969695,32381.432029742304,1.1001667520031333,0.006176379099488258
Malthus_BF16,rastrigin,50,128,200,0.8,0.5,0.5,0.8,3159.7226611328124,390.26874157969695,32566.332321841604,1.1207216419861652,0.006141311770188622
Malthus_BF16,rastrigin,50,128,200,0.8,0.5,0.5,0.9,3159.7226611328124,390.26874157969695,32766.92035119873,1.0944065990042873,0.006103716731886379
Malthus_BF16,rastrigin,50,128,200,0.8,0.5,0.5,1.0,3159.7226611328124,390.26874157969695,32598.628661243536,1.1032804760034196,0.006135227407212369
Malthus_BF16,rastrigin,50,128,200,0.8,0.5,0.2,0.5,3159.7226611328124,390.26874157969695,32056.98624928774,1.2534368869964965,0.006238889658707194
Malthus_BF16,rastrigin,50,128,200,0.8,0.5,0.2,0.7,3159.7226611328124,390.26874157969695,32157.248483292413,1.2806808900204487,0.006219437589752488
Malthus_BF16,rastrigin,50,128,200,0.8,0.5,0.2,0.8,3159.7226611328124,390.26874157969695,32146.285799961322,1.2524452219950035,0.006221558572724462
Malthus_BF16,rastrigin,50,128,200,0.8,0.5,0.2,0.9,3159.7226611328124,390.26874157969695,31817.908947649776,1.2590551439789124,0.006285768192028627
Malthus_BF16,rastrigin,50,128,200,0.8,0.5,0.2,1.0,3159.7226611328124,390.26874157969695,32239.32658627397,1.2344202340464108,0.0062036035233177245
Malthus_BF16,rastrigin,50,128,200,0.8,0.5,0.4,0.5,3159.7226611328124,390.26874157969695,31860.213227016746,1.2744631750392728,0.006277421892154962
Malthus_BF16,rastrigin,50,128,200,0.8,0.5,0.4,0.7,3159.7226611328124,390.26874157969695,32137.323209659357,1.2703954660100862,0.006223293666844256
Malthus_BF16,rastrigin,50,128,200,0.8,0.5,0.4,0.8,3159.7226611328124,390.26874157969695,32120.293546681285,1.2404445169959217,0.006226593157043681
Malthus_BF16,rastrigin,50,128,200,0.8,0.5,0.4,0.9,3159.7226611328124,390.26874157969695,32167.85200341552,1.2537396090338007,0.00621738747053314
Malthus_BF16,rastrigin,50,128,200,0.8,0.5,0.4,1.0,3159.7226611328124,390.26874157969695,32120.28381499585,1.246322949999012,0.006226595043553971
Malthus_BF16,rastrigin,50,128,200,0.8,0.5,0.3,0.5,3159.7226611328124,390.26874157969695,32018.26848833675,1.263636443996802,0.006246433971682563
Malthus_BF16,rastrigin,50,128,200,0.8,0.5,0.3,0.7,3159.7226611328124,390.26874157969695,32167.866477071228,1.2751947279903106,0.006217384673072956
Malthus_BF16,rastrigin,50,128,200,0.8,0.5,0.3,0.8,3159.7226611328124,390.26874157969695,32241.648462646386,1.2701798120397143,0.006203156771953218
Malthus_BF16,rastrigin,50,128,200,0.8,0.5,0.3,0.9,3159.7226611328124,390.26874157969695,32009.15836766005,1.2792745999759063,0.006248211768106558
Malthus_BF16,rastrigin,50,128,200,0.8,0.5,0.3,1.0,3159.7226611328124,390.26874157969695,31988.88109268591,1.282729262020439,0.00625217241642531
Malthus_BF16,rastrigin,50,128,200,0.8,0.5,0.6,0.5,3159.7226611328124,390.26874157969695,31901.755147501568,1.230534344969783,0.006269247540622018
Malthus_BF16,rastrigin,50,128,200,0.8,0.5,0.6,0.7,3159.7226611328124,390.26874157969695,31663.82162129516,1.2566833280143328,0.006316356957540847
Malthus_BF16,rastrigin,50,128,200,0.8,0.5,0.6,0.8,3159.7226611328124,390.26874157969695,31881.69838667273,1.2150094549870118,0.0062731915211770685
Malthus_BF16,rastrigin,50,128,200,0.8,0.5,0.6,0.9,3159.7226611328124,390.26874157969695,32012.229638378765,1.2097261400194839,0.0062476123112719505
Malthus_BF16,rastrigin,50,128,200,0.8,0.5,0.6,1.0,3159.7226611328124,390.26874157969695,32051.27211864625,1.2425308880046941,0.006240001933765598
Malthus_BF16,rastrigin,50,128,200,0.8,0.5,0.7,0.5,3159.7226611328124,390.26874157969695,31925.010203897706,1.2468762529897504,0.006264680848107673
Malthus_BF16,rastrigin,50,128,200,0.8,0.5,0.7,0.7,3159.7226611328124,390.26874157969695,32336.546403286742,1.2280043570208363,0.006184952391195111
Malthus_BF16,rastrigin,50,128,200,0.8,0.5,0.7,0.8,3159.7226611328124,390.26874157969695,31880.993445370656,1.2214311509742402,0.006273330231779255
Malthus_BF16,rastrigin,50,128,200,0.8,0.5,0.7,0.9,3159.7226611328124,390.26874157969695,31887.077130263606,1.2073359139612876,0.006272133353049867
Malthus_BF16,rastrigin,50,128,200,0.8,0.5,0.7,1.0,3159.7226611328124,390.26874157969695,31915.97743381913,1.2273640119819902,0.006266453860444016
Malthus_BF16,rastrigin,50,128,200,0.8,0.8,0.5,0.5,3159.7226611328124,390.26874157969695,32360.051064119947,1.0834221960394643,0.006180459962924942
Malthus_BF16,rastrigin,50,128,200,0.8,0.8,0.5,0.7,3159.7226611328124,390.26874157969695,32668.03448603779,1.0813381320331246,0.006122192631009966
Malthus_BF16,rastrigin,50,128,200,0.8,0.8,0.5,0.8,3159.7226611328124,390.26874157969695,32249.09869849902,1.1184696200070903,0.006201723709236831
Malthus_BF16,rastrigin,50,128,200,0.8,0.8,0.5,0.9,3159.7226611328124,390.26874157969695,32305.117489365806,1.1034816090250388,0.006190969590679742
Malthus_BF16,rastrigin,50,128,200,0.8,0.8,0.5,1.0,3159.7226611328124,390.26874157969695,32547.21361422225,1.0714495980064385,0.00614491926622577
Malthus_BF16,rastrigin,50,128,200,0.8,0.8,0.2,0.5,3159.7226611328124,390.26874157969695,31700.515593086897,1.2532734089763835,0.0063090456498321144
Malthus_BF16,rastrigin,50,128,200,0.8,0.8,0.2,0.7,3159.7226611328124,390.26874157969695,31713.928730213393,1.2392434619832784,0.006306377292494289
Malthus_BF16,rastrigin,50,128,200,0.8,0.8,0.2,0.8,3159.7226611328124,390.26874157969695,31885.046445536744,1.2401402260293253,0.0062725328106898815
Malthus_BF16,rastrigin,50,128,200,0.8,0.8,0.2,0.9,3159.7226611328124,390.26874157969695,31718.45273178994,1.2613085110206157,0.006305477814166806
Malthus_BF16,rastrigin,50,128,200,0.8,0.8,0.2,1.0,3159.7226611328124,390.26874157969695,31778.903559681174,1.2374236850300804,0.006293483336339705
Malthus_BF16,rastrigin,50,128,200,0.8,0.8,0.4,0.5,3159.7226611328124,390.26874157969695,32039.492147400473,1.2408473039977252,0.006242296197451651
Malthus_BF16,rastrigin,50,128,200,0.8,0.8,0.4,0.7,3159.7226611328124,390.26874157969695,31661.164441462173,1.2554825259721838,0.006316887061111629
Malthus_BF16,rastrigin,50,128,200,0.8,0.8,0.4,0.8,3159.7226611328124,390.26874157969695,31676.770437194573,1.2463784749852493,0.006313774959999137
Malthus_BF16,rastrigin,50,128,200,0.8,0.8,0.4,0.9,3159.7226611328124,390.26874157969695,31533.363924312653,1.2429057490080595,0.006342488561640494
Malthus_BF16,rastrigin,50,128,200,0.8,0.8,0.4,1.0,3159.7226611328124,390.26874157969695,31457.392909845265,1.269506219017785,0.006357805955922231
Malthus_BF16,rastrigin,50,128,200,0.8,0.8,0.3,0.5,3159.7226611328124,390.26874157969695,32042.945092228005,1.2805191049701534,0.0062416235281853
Malthus_BF16,rastrigin,50,128,200,0.8,0.8,0.3,0.7,3159.7226611328124,390.26874157969695,31964.31928415333,1.237788217025809,0.006256976668955758
Malthus_BF16,rastrigin,50,128,200,0.8,0.8,0.3,0.8,3159.7226611328124,390.26874157969695,31509.809290712998,1.2402763729915023,0.006347229783423245
Malthus_BF16,rastrigin,50,128,200,0.8,0.8,0.3,0.9,3159.7226611328124,390.26874157969695,32085.86706881364,1.2164938639616594,0.006233273969846778
Malthus_BF16,rastrigin,50,128,200,0.8,0.8,0.3,1.0,3159.7226611328124,390.26874157969695,32351.50855544804,1.2625653980067,0.006182091931113973
Malthus_BF16,rastrigin,50,128,200,0.8,0.8,0.6,0.5,3159.7226611328124,390.26874157969695,31772.261959481715,1.17311770102242,0.006294798911549151
Malthus_BF16,rastrigin,50,128,200,0.8,0.8,0.6,0.7,3159.7226611328124,390.26874157969695,32012.849475737552,1.2453697670134716,0.00624749134411104
Malthus_BF16,rastrigin,50,128,200,0.8,0.8,0.6,0.8,3159.7226611328124,390.26874157969695,32070.09918183317,1.1949065910303034,0.006236338680027984
Malthus_BF16,rastrigin,50,128,200,0.8,0.8,0.6,0.9,3159.7226611328124,390.26874157969695,32166.385383074572,1.2142689370084554,0.006217670951155014
Malthus_BF16,rastrigin,50,128,200,0.8,0.8,0.6,1.0,3159.7226611328124,390.26874157969695,32253.701197749488,1.2128478669910692,0.006200838743243366
Malthus_BF16,rastrigin,50,128,200,0.8,0.8,0.7,0.5,3159.7226611328124,390.26874157969695,32025.171538060553,1.1899456050014123,0.006245087548159063
Malthus_BF16,rastrigin,50,128,200,0.8,0.8,0.7,0.7,3159.7226611328124,390.26874157969695,32078.014193102754,1.1858246710035019,0.006234799909871072
Malthus_BF16,rastrigin,50,128,200,0.8,0.8,0.7,0.8,3159.7226611328124,390.26874157969695,32027.533415870337,1.1951311690500006,0.006244627002743073
Malthus_BF16,rastrigin,50,128,200,0.8,0.8,0.7,0.9,3159.7226611328124,390.26874157969695,31893.38164943435,1.2252100270125084,0.006270893510081805
Malthus_BF16,rastrigin,50,128,200,0.8,0.8,0.7,1.0,3159.7226611328124,390.26874157969695,31750.166679572154,1.2463204740197398,0.0062991795293055475
Malthus_BF16,rastrigin,50,128,200,0.8,1.0,0.5,0.5,3159.7226611328124,390.26874157969695,32414.128513509906,1.099615051993169,0.006170148918754421
Malthus_BF16,rastrigin,50,128,200,0.8,1.0,0.5,0.7,3159.7226611328124,390.26874157969695,32414.440932863017,1.0777075279620476,0.006170089449151419
Malthus_BF16,rastrigin,50,128,200,0.8,1.0,0.5,0.8,3159.7226611328124,390.26874157969695,32509.923026094908,1.0989388090092689,0.006151967811165377
Malthus_BF16,rastrigin,50,128,200,0.8,1.0,0.5,0.9,3159.7226611328124,390.26874157969695,32762.013275226527,1.106195911008399,0.006104630943154916
Malthus_BF16,rastrigin,50,128,200,0.8,1.0,0.5,1.0,3159.7226611328124,390.26874157969695,32498.86252476602,1.107714801968541,0.006154061541310512
Malthus_BF16,rastrigin,50,128,200,0.8,1.0,0.2,0.5,3159.7226611328124,390.26874157969695,31833.790303831483,1.2626010269741528,0.00628263232531026
Malthus_BF16,rastrigin,50,128,200,0.8,1.0,0.2,0.7,3159.7226611328124,390.26874157969695,31763.09720234704,1.2477860119543038,0.006296615179744549
Malthus_BF16,rastrigin,50,128,200,0.8,1.0,0.2,0.8,3159.7226611328124,390.26874157969695,31682.211996447135,1.283159409998916,0.0063126905413810165
Malthus_BF16,rastrigin,50,128,200,0.8,1.0,0.2,0.9,3159.7226611328124,390.26874157969695,31727.989505973626,1.2323110479628667,0.00630358251859434
Malthus_BF16,rastrigin,50,128,200,0.8,1.0,0.2,1.0,3159.7226611328124,390.26874157969695,32026.511579634993,1.229198932996951,0.006244826243491843
Malthus_BF16,rastrigin,50,128,200,0.8,1.0,0.4,0.5,3159.7226611328124,390.26874157969695,31978.369603554802,1.264430248993449,0.00625422754441388
Malthus_BF16,rastrigin,50,128,200,0.8,1.0,0.4,0.7,3159.7226611328124,390.26874157969695,32031.855389502904,1.2542263669893146,0.0062437844317173585
Malthus_BF16,rastrigin,50,128,200,0.8,1.0,0.4,0.8,3159.7226611328124,390.26874157969695,32132.454550344522,1.264673181984108,0.006224236610578373
Malthus_BF16,rastrigin,50,128,200,0.8,1.0,0.4,0.9,3159.7226611328124,390.26874157969695,31925.77249690487,1.2348618800169788,0.006264531266060658
Malthus_BF16,rastrigin,50,128,200,0.8,1.0,0.4,1.0,3159.7226611328124,390.26874157969695,31659.0175952051,1.2878049269784242,0.006317315418855287
Malthus_BF16,rastrigin,50,128,200,0.8,1.0,0.3,0.5,3159.7226611328124,390.26874157969695,31640.467751480723,1.2449337189900689,0.006321019068709574
Malthus_BF16,rastrigin,50,128,200,0.8,1.0,0.3,0.7,3159.7226611328124,390.26874157969695,31683.612107411744,1.259976738016121,0.006312411581166089
Malthus_BF16,rastrigin,50,128,200,0.8,1.0,0.3,0.8,3159.7226611328124,390.26874157969695,31812.69919263926,1.258232625958044,0.00628679757064674
Malthus_BF16,rastrigin,50,128,200,0.8,1.0,0.3,0.9,3159.7226611328124,390.26874157969695,31836.295888489774,1.2329124539974146,0.0062821378686930985
Malthus_BF16,rastrigin,50,128,200,0.8,1.0,0.3,1.0,3159.7226611328124,390.26874157969695,32002.414325226935,1.2238655739929527,0.006249528487678617
Malthus_BF16,rastrigin,50,128,200,0.8,1.0,0.6,0.5,3159.7226611328124,390.26874157969695,31623.369038817673,1.213227040017955,0.006324436835129745
Malthus_BF16,rastrigin,50,128,200,0.8,1.0,0.6,0.7,3159.7226611328124,390.26874157969695,31928.15950919395,1.2212019379949197,0.006264062917325646
Malthus_BF16,rastrigin,50,128,200,0.8,1.0,0.6,0.8,3159.7226611328124,390.26874157969695,31643.134245546124,1.2465166380279697,0.006320486410986632
Malthus_BF16,rastrigin,50,128,200,0.8,1.0,0.6,0.9,3159.7226611328124,390.26874157969695,31447.94146046109,1.2321825840044767,0.006359716748120263
Malthus_BF16,rastrigin,50,128,200,0.8,1.0,0.6,1.0,3159.7226611328124,390.26874157969695,31621.40916797029,1.1979345319559798,0.0063248288189060985
Malthus_BF16,rastrigin,50,128,200,0.8,1.0,0.7,0.5,3159.7226611328124,390.26874157969695,31575.78797850935,1.211063923954498,0.006333967029931955
Malthus_BF16,rastrigin,50,128,200,0.8,1.0,0.7,0.7,3159.7226611328124,390.26874157969695,31457.438163675226,1.2066566099529155,0.006357796809752471
Malthus_BF16,rastrigin,50,128,200,0.8,1.0,0.7,0.8,3159.7226611328124,390.26874157969695,31616.07694019869,1.2300935169914737,0.0063258955365745355
Malthus_BF16,rastrigin,50,128,200,0.8,1.0,0.7,0.9,3159.7226611328124,390.26874157969695,31395.309922754856,1.2115514610195532,0.00637037826643791
Malthus_BF16,rastrigin,50,128,200,0.8,1.0,0.7,1.0,3159.7226611328124,390.26874157969695,31906.419848470647,1.2210441069910303,0.006268330980092287
Malthus_BF16,rastrigin,50,128,200,0.9,0.5,0.5,0.5,3159.7226611328124,390.26874157969695,32015.742824901852,1.1051781050045975,0.006246926741441712
Malthus_BF16,rastrigin,50,128,200,0.9,0.5,0.5,0.7,3159.7226611328124,390.26874157969695,32256.259849744205,1.141288672981318,0.006200346876285039
Malthus_BF16,rastrigin,50,128,200,0.9,0.5,0.5,0.8,3159.7226611328124,390.26874157969695,32684.554018501356,1.0624813279719092,0.006119098332710564
Malthus_BF16,rastrigin,50,128,200,0.9,0.5,0.5,0.9,3159.7226611328124,390.26874157969695,32442.05918168554,1.1264135569799691,0.006164836790412664
Malthus_BF16,rastrigin,50,128,200,0.9,0.5,0.5,1.0,3159.7226611328124,390.26874157969695,32479.134810574065,1.105133085977286,0.006157799497013911
Malthus_BF16,rastrigin,50,128,200,0.9,0.5,0.2,0.5,3159.7226611328124,390.26874157969695,31957.03114011962,1.260128445981536,0.006258403639658354
Malthus_BF16,rastrigin,50,128,200,0.9,0.5,0.2,0.7,3159.7226611328124,390.26874157969695,32061.79550179335,1.2495482559897937,0.006237953828531317
Malthus_BF16,rastrigin,50,128,200,0.9,0.5,0.2,0.8,3159.7226611328124,390.26874157969695,32276.99813989531,1.2419168670312501,0.006196363092167303
Malthus_BF16,rastrigin,50,128,200,0.9,0.5,0.2,0.9,3159.7226611328124,390.26874157969695,31939.23746340842,1.2409702750155702,0.006261890260502696
Malthus_BF16,rastrigin,50,128,200,0.9,0.5,0.2,1.0,3159.7226611328124,390.26874157969695,31860.745766391912,1.2565680969855748,0.006277316967607476
Malthus_BF16,rastrigin,50,128,200,0.9,0.5,0.4,0.5,3159.7226611328124,390.26874157969695,31334.20408685407,1.2907329020090401,0.006382801345316693
Malthus_BF16,rastrigin,50,128,200,0.9,0.5,0.4,0.7,3159.7226611328124,390.26874157969695,31535.09676814074,1.2513251740019768,0.006342140043852851
Malthus_BF16,rastrigin,50,128,200,0.9,0.5,0.4,0.8,3159.7226611328124,390.26874157969695,32134.330436827917,1.2657107019913383,0.006223873262060806
Malthus_BF16,rastrigin,50,128,200,0.9,0.5,0.4,0.9,3159.7226611328124,390.26874157969695,31631.156851473846,6.4821393069578335,0.006322879714425653
Malthus_BF16,rastrigin,50,128,200,0.9,0.5,0.4,1.0,3159.7226611328124,390.26874157969695,31797.754495071596,1.2473478860338219,0.006289752316661179
Malthus_BF16,rastrigin,50,128,200,0.9,0.5,0.3,0.5,3159.7226611328124,390.26874157969695,31810.236462504483,1.2420617259922437,0.00628728429088369
Malthus_BF16,rastrigin,50,128,200,0.9,0.5,0.3,0.7,3159.7226611328124,390.26874157969695,31874.414858492222,1.256328524032142,0.006274624989600852
Malthus_BF16,rastrigin,50,128,200,0.9,0.5,0.3,0.8,3159.7226611328124,390.26874157969695,32118.706384033863,1.2573388279997744,0.006226900847395882
Malthus_BF16,rastrigin,50,128,200,0.9,0.5,0.3,0.9,3159.7226611328124,390.26874157969695,32102.900792207958,1.2363670920021832,0.0062299666093895215
Malthus_BF16,rastrigin,50,128,200,0.9,0.5,0.3,1.0,3159.7226611328124,390.26874157969695,31893.414956998244,1.2462840430089273,0.006270886961137876
Malthus_BF16,rastrigin,50,128,200,0.9,0.5,0.6,0.5,3159.7226611328124,390.26874157969695,31733.89943129955,1.2304559469921514,0.006302408578339964
Malthus_BF16,rastrigin,50,128,200,0.9,0.5,0.6,0.7,3159.7226611328124,390.26874157969695,31660.801362723112,1.2467540529905818,0.006316959501709789
Malthus_BF16,rastrigin,50,128,200,0.9,0.5,0.6,0.8,3159.7226611328124,390.26874157969695,31524.597409615904,1.2354410919942893,0.006344252311973833
Malthus_BF16,rastrigin,50,128,200,0.9,0.5,0.6,0.9,3159.7226611328124,390.26874157969695,31464.448105969517,1.2456303169601597,0.006356380360666662
Malthus_BF16,rastrigin,50,128,200,0.9,0.5,0.6,1.0,3159.7226611328124,390.26874157969695,31659.522694721993,1.2314822120242752,0.006317214631708339
Malthus_BF16,rastrigin,50,128,200,0.9,0.5,0.7,0.5,3159.7226611328124,390.26874157969695,31648.603185262735,1.2234620570088737,0.006319394218735397
Malthus_BF16,rastrigin,50,128,200,0.9,0.5,0.7,0.7,3159.7226611328124,390.26874157969695,31993.17832011641,1.229325265972875,0.006251332643441856
Malthus_BF16,rastrigin,50,128,200,0.9,0.5,0.7,0.8,3159.7226611328124,390.26874157969695,32150.06368102177,1.199778423004318,0.0062208274914883075
Malthus_BF16,rastrigin,50,128,200,0.9,0.5,0.7,0.9,3159.7226611328124,390.26874157969695,32011.67015898946,1.2454890710068867,0.0062477215030230585
Malthus_BF16,rastrigin,50,128,200,0.9,0.5,0.7,1.0,3159.7226611328124,390.26874157969695,32008.968422295504,1.2223805750254542,0.0062482488458044825
Malthus_BF16,rastrigin,50,128,200,0.9,0.8,0.5,0.5,3159.7226611328124,390.26874157969695,32536.72929456986,1.0897685989621095,0.006146899345330894
Malthus_BF16,rastrigin,50,128,200,0.9,0.8,0.5,0.7,3159.7226611328124,390.26874157969695,32596.851421860156,1.1484073100145906,0.00613556191092357
Malthus_BF16,rastrigin,50,128,200,0.9,0.8,0.5,0.8,3159.7226611328124,390.26874157969695,32612.19605876079,1.1166010920424014,0.0061326750164153055
Malthus_BF16,rastrigin,50,128,200,0.9,0.8,0.5,0.9,3159.7226611328124,390.26874157969695,32246.63906031085,1.1022147039766423,0.006202196750673465
Malthus_BF16,rastrigin,50,128,200,0.9,0.8,0.5,1.0,3159.7226611328124,390.26874157969695,32129.184305335493,1.1141112099867314,0.006224870139849372
Malthus_BF16,rastrigin,50,128,200,0.9,0.8,0.2,0.5,3159.7226611328124,390.26874157969695,31844.86675867782,1.2612166529870592,0.006280447065946646
Malthus_BF16,rastrigin,50,128,200,0.9,0.8,0.2,0.7,3159.7226611328124,390.26874157969695,31561.314696317153,1.2341070430120453,0.006336871639359742
Malthus_BF16,rastrigin,50,128,200,0.9,0.8,0.2,0.8,3159.7226611328124,390.26874157969695,31801.187946475104,1.1959517470095307,0.006289073236403055
Malthus_BF16,rastrigin,50,128,200,0.9,0.8,0.2,0.9,3159.7226611328124,390.26874157969695,31693.797405362813,1.2611393999541178,0.006310382988885976
Malthus_BF16,rastrigin,50,128,200,0.9,0.8,0.2,1.0,3159.7226611328124,390.26874157969695,31750.393434817295,1.2676181549904868,0.006299134541768581
Malthus_BF16,rastrigin,50,128,200,0.9,0.8,0.4,0.5,3159.7226611328124,390.26874157969695,31633.39701194153,1.2215765359578654,0.006322431951411999
Malthus_BF16,rastrigin,50,128,200,0.9,0.8,0.4,0.7,3159.7226611328124,390.26874157969695,32028.438973703138,1.2514171880320646,0.006244450444937683
Malthus_BF16,rastrigin,50,128,200,0.9,0.8,0.4,0.8,3159.7226611328124,390.26874157969695,31655.042503526176,1.2220178979914635,0.006318108717678115
Malthus_BF16,rastrigin,50,128,200,0.9,0.8,0.4,0.9,3159.7226611328124,390.26874157969695,31728.80143663766,1.2770331740030088,0.006303421211778186
Malthus_BF16,rastrigin,50,128,200,0.9,0.8,0.4,1.0,3159.7226611328124,390.26874157969695,31546.489296402953,1.2829177979729138,0.006339849677751772
Malthus_BF16,rastrigin,50,128,200,0.9,0.8,0.3,0.5,3159.7226611328124,390.26874157969695,31648.22423049462,1.2840562499477528,0.0063194698869483545
Malthus_BF16,rastrigin,50,128,200,0.9,0.8,0.3,0.7,3159.7226611328124,390.26874157969695,31870.12202039202,1.2821349749574438,0.0062754701683297755
Malthus_BF16,rastrigin,50,128,200,0.9,0.8,0.3,0.8,3159.7226611328124,390.26874157969695,31670.322180605475,1.2540587310213596,0.006315060480264947
Malthus_BF16,rastrigin,50,128,200,0.9,0.8,0.3,0.9,3159.7226611328124,390.26874157969695,31962.519305036567,1.2715332839870825,0.0062573290325235575
Malthus_BF16,rastrigin,50,128,200,0.9,0.8,0.3,1.0,3159.7226611328124,390.26874157969695,31738.394166263526,1.267465022043325,0.006301516042440198
Malthus_BF16,rastrigin,50,128,200,0.9,0.8,0.6,0.5,3159.7226611328124,390.26874157969695,31679.6782840519,1.2605261270073242,0.0063131954247364775
Malthus_BF16,rastrigin,50,128,200,0.9,0.8,0.6,0.7,3159.7226611328124,390.26874157969695,31701.20175951804,1.2223056229995564,0.006308909091749229
Malthus_BF16,rastrigin,50,128,200,0.9,0.8,0.6,0.8,3159.7226611328124,390.26874157969695,31608.207629734956,1.23506296495907,0.006327470457763411
Malthus_BF16,rastrigin,50,128,200,0.9,0.8,0.6,0.9,3159.7226611328124,390.26874157969695,31953.548331911956,1.2307388819754124,0.006259085780475289
Malthus_BF16,rastrigin,50,128,200,0.9,0.8,0.6,1.0,3159.7226611328124,390.26874157969695,31986.79370444132,1.2174790169810876,0.0062525804195320235
Malthus_BF16,rastrigin,50,128,200,0.9,0.8,0.7,0.5,3159.7226611328124,390.26874157969695,31796.364030640205,1.2050205109990202,0.00629002736939583
Malthus_BF16,rastrigin,50,128,200,0.9,0.8,0.7,0.7,3159.7226611328124,390.26874157969695,32184.881546637458,1.2528893290436827,0.006214097749907523
Malthus_BF16,rastrigin,50,128,200,0.9,0.8,0.7,0.8,3159.7226611328124,390.26874157969695,32181.56743023918,1.2132634230074473,0.006214737689006143
Malthus_BF16,rastrigin,50,128,200,0.9,0.8,0.7,0.9,3159.7226611328124,390.26874157969695,32084.73306210392,1.242838449019473,0.0062334942794404925
Malthus_BF16,rastrigin,50,128,200,0.9,0.8,0.7,1.0,3159.7226611328124,390.26874157969695,31945.21947128657,1.2283317560213618,0.006260717669501901
Malthus_BF16,rastrigin,50,128,200,0.9,1.0,0.5,0.5,3159.7226611328124,390.26874157969695,32268.11241582985,1.0896171369822696,0.00619806939503178
Malthus_BF16,rastrigin,50,128,200,0.9,1.0,0.5,0.7,3159.7226611328124,390.26874157969695,32526.402300198653,1.1024587730062194,0.006148850959725678
Malthus_BF16,rastrigin,50,128,200,0.9,1.0,0.5,0.8,3159.7226611328124,390.26874157969695,32678.552932684845,1.0886642650002614,0.006120222043246031
Malthus_BF16,rastrigin,50,128,200,0.9,1.0,0.5,0.9,3159.7226611328124,390.26874157969695,32656.899001303376,1.1057294720085338,0.006124280201620422
Malthus_BF16,rastrigin,50,128,200,0.9,1.0,0.5,1.0,3159.7226611328124,390.26874157969695,32857.629860187495,1.077188336988911,0.006086866303230636
Malthus_BF16,rastrigin,50,128,200,0.9,1.0,0.2,0.5,3159.7226611328124,390.26874157969695,32218.078039944674,1.2365893439855427,0.006207694939221255
Malthus_BF16,rastrigin,50,128,200,0.9,1.0,0.2,0.7,3159.7226611328124,390.26874157969695,32089.629670493265,1.2561182560166344,0.00623254310048651
Malthus_BF16,rastrigin,50,128,200,0.9,1.0,0.2,0.8,3159.7226611328124,390.26874157969695,31794.937655149566,1.219676641980186,0.006290309550822712
Malthus_BF16,rastrigin,50,128,200,0.9,1.0,0.2,0.9,3159.7226611328124,390.26874157969695,31609.289122516042,1.2478291799779981,0.006327253967174329
Malthus_BF16,rastrigin,50,128,200,0.9,1.0,0.2,1.0,3159.7226611328124,390.26874157969695,32235.957195761745,1.2390823849709705,0.006204251940944232
Malthus_BF16,rastrigin,50,128,200,0.9,1.0,0.4,0.5,3159.7226611328124,390.26874157969695,32064.78617015376,1.261006988992449,0.006237372017349117
Malthus_BF16,rastrigin,50,128,200,0.9,1.0,0.4,0.7,3159.7226611328124,390.26874157969695,32092.064394936835,1.248125149984844,0.006232070256955922
Malthus_BF16,rastrigin,50,128,200,0.9,1.0,0.4,0.8,3159.7226611328124,390.26874157969695,31708.65691138237,1.2919435889925808,0.006307425778359175
Malthus_BF16,rastrigin,50,128,200,0.9,1.0,0.4,0.9,3159.7226611328124,390.26874157969695,31879.766011439075,1.2759195280377753,0.0062735717673785985
Malthus_BF16,rastrigin,50,128,200,0.9,1.0,0.4,1.0,3159.7226611328124,390.26874157969695,32073.194149249215,1.245299679983873,0.006235736891976557
Malthus_BF16,rastrigin,50,128,200,0.9,1.0,0.3,0.5,3159.7226611328124,390.26874157969695,31574.97666695528,1.2653027180349454,0.006334129779716023
Malthus_BF16,rastrigin,50,128,200,0.9,1.0,0.3,0.7,3159.7226611328124,390.26874157969695,32052.708403409248,1.2506507780053653,0.006239722318714485
Malthus_BF16,rastrigin,50,128,200,0.9,1.0,0.3,0.8,3159.7226611328124,390.26874157969695,31667.418388794245,1.2460627169930376,0.006315639549284242
Malthus_BF16,rastrigin,50,128,200,0.9,1.0,0.3,0.9,3159.7226611328124,390.26874157969695,31690.714496408345,1.239010549033992,0.0063109968701610345
Malthus_BF16,rastrigin,50,128,200,0.9,1.0,0.3,1.0,3159.7226611328124,390.26874157969695,31567.38181792984,1.2234113509766757,0.006335653718560934
Malthus_BF16,rastrigin,50,128,200,0.9,1.0,0.6,0.5,3159.7226611328124,390.26874157969695,31770.29584309413,1.1964343910221942,0.0062951884674839675
Malthus_BF16,rastrigin,50,128,200,0.9,1.0,0.6,0.7,3159.7226611328124,390.26874157969695,31594.52501902248,1.232228918990586,0.006330210689338855
Malthus_BF16,rastrigin,50,128,200,0.9,1.0,0.6,0.8,3159.7226611328124,390.26874157969695,31964.564253339675,1.2439464619965293,0.006256928716902621
Malthus_BF16,rastrigin,50,128,200,0.9,1.0,0.6,0.9,3159.7226611328124,390.26874157969695,31581.43620191671,1.25043321197154,0.006332834223285317
Malthus_BF16,rastrigin,50,128,200,0.9,1.0,0.6,1.0,3159.7226611328124,390.26874157969695,31506.19717189053,1.25474145100452,0.006347957479883917
Malthus_BF16,rastrigin,50,128,200,0.9,1.0,0.7,0.5,3159.7226611328124,390.26874157969695,31811.70031988741,1.211725168977864,0.0062869949731975796
Malthus_BF16,rastrigin,50,128,200,0.9,1.0,0.7,0.7,3159.7226611328124,390.26874157969695,31627.634014578234,1.2184498409624211,0.00632358398695942
Malthus_BF16,rastrigin,50,128,200,0.9,1.0,0.7,0.8,3159.7226611328124,390.26874157969695,31765.143825610932,1.2109018500195816,0.0062962094898102805
Malthus_BF16,rastrigin,50,128,200,0.9,1.0,0.7,0.9,3159.7226611328124,390.26874157969695,31957.833464313237,1.251473227981478,0.006258246517973021
Malthus_BF16,rastrigin,50,128,200,0.9,1.0,0.7,1.0,3159.7226611328124,390.26874157969695,31903.387096625604,1.1934894449659623,0.006268926850752905
Malthus_BF16,rastrigin,50,128,200,1.0,0.5,0.5,0.5,3159.7226611328124,390.26874157969695,32492.032610191818,1.1063785930164158,0.00615535514196381
Malthus_BF16,rastrigin,50,128,200,1.0,0.5,0.5,0.7,3159.7226611328124,390.26874157969695,32545.80964124839,1.0853058699867688,0.006145184347988106
Malthus_BF16,rastrigin,50,128,200,1.0,0.5,0.5,0.8,3159.7226611328124,390.26874157969695,32550.428625867942,1.0981925789965317,0.006144312331452966
Malthus_BF16,rastrigin,50,128,200,1.0,0.5,0.5,0.9,3159.7226611328124,390.26874157969695,32645.507227879832,1.087047338951379,0.006126417292398401
Malthus_BF16,rastrigin,50,128,200,1.0,0.5,0.5,1.0,3159.7226611328124,390.26874157969695,32205.525984231317,1.2105921109905466,0.00621011437906418
Malthus_BF16,rastrigin,50,128,200,1.0,0.5,0.2,0.5,3159.7226611328124,390.26874157969695,31718.32352461988,1.246840309991967,0.006305503500043414
Malthus_BF16,rastrigin,50,128,200,1.0,0.5,0.2,0.7,3159.7226611328124,390.26874157969695,32148.049829381733,1.2730274879722856,0.0062212171830469745
Malthus_BF16,rastrigin,50,128,200,1.0,0.5,0.2,0.8,3159.7226611328124,390.26874157969695,32197.48609132694,1.2518017099937424,0.0062116650794632735
Malthus_BF16,rastrigin,50,128,200,1.0,0.5,0.2,0.9,3159.7226611328124,390.26874157969695,32136.10726882412,1.2619277259800583,0.006223529138951562
Malthus_BF16,rastrigin,50,128,200,1.0,0.5,0.2,1.0,3159.7226611328124,390.26874157969695,31974.205007138964,1.268021956027951,0.006255042148986831
Malthus_BF16,rastrigin,50,128,200,1.0,0.5,0.4,0.5,3159.7226611328124,390.26874157969695,31981.520673049235,1.2004888909868896,0.006253611329011619
Malthus_BF16,rastrigin,50,128,200,1.0,0.5,0.4,0.7,3159.7226611328124,390.26874157969695,32055.08016435277,1.2379947999725118,0.006239260640577413
Malthus_BF16,rastrigin,50,128,200,1.0,0.5,0.4,0.8,3159.7226611328124,390.26874157969695,31853.49889828917,1.2514892690232955,0.006278745096060447
Malthus_BF16,rastrigin,50,128,200,1.0,0.5,0.4,0.9,3159.7226611328124,390.26874157969695,32120.878071168194,1.263817805040162,0.00622647984768264
Malthus_BF16,rastrigin,50,128,200,1.0,0.5,0.4,1.0,3159.7226611328124,390.26874157969695,31913.17113304004,1.2838862520293333,0.0062670049042208124
Malthus_BF16,rastrigin,50,128,200,1.0,0.5,0.3,0.5,3159.7226611328124,390.26874157969695,31661.237593856174,1.271813178958837,0.006316872466122732
Malthus_BF16,rastrigin,50,128,200,1.0,0.5,0.3,0.7,3159.7226611328124,390.26874157969695,31785.050360970636,1.2764674699865282,0.006292266261298209
Malthus_BF16,rastrigin,50,128,200,1.0,0.5,0.3,0.8,3159.7226611328124,390.26874157969695,31977.901840316164,1.2438942500157282,0.0062543190293945375
Malthus_BF16,rastrigin,50,128,200,1.0,0.5,0.3,0.9,3159.7226611328124,390.26874157969695,31868.710680143795,1.2258075589779764,0.006275748084299267
Malthus_BF16,rastrigin,50,128,200,1.0,0.5,0.3,1.0,3159.7226611328124,390.26874157969695,31878.418881677095,1.2856748439953662,0.006273836878244765
Malthus_BF16,rastrigin,50,128,200,1.0,0.5,0.6,0.5,3159.7226611328124,390.26874157969695,31632.000292885827,1.2385780480108224,0.006322711120010354
Malthus_BF16,rastrigin,50,128,200,1.0,0.5,0.6,0.7,3159.7226611328124,390.26874157969695,31814.194928469165,1.2542631999822333,0.006286501998547464
Malthus_BF16,rastrigin,50,128,200,1.0,0.5,0.6,0.8,3159.7226611328124,390.26874157969695,31714.888235029044,1.214378353965003,0.0063061864988412705
Malthus_BF16,rastrigin,50,128,200,1.0,0.5,0.6,0.9,3159.7226611328124,390.26874157969695,31775.107494035085,1.2074301209650002,0.006294235197710805
Malthus_BF16,rastrigin,50,128,200,1.0,0.5,0.6,1.0,3159.7226611328124,390.26874157969695,31772.759241119456,1.2008097719517536,0.006294700390426442
Malthus_BF16,rastrigin,50,128,200,1.0,0.5,0.7,0.5,3159.7226611328124,390.26874157969695,31765.80270255042,1.2394884519744664,0.0062960788956843315
Malthus_BF16,rastrigin,50,128,200,1.0,0.5,0.7,0.7,3159.7226611328124,390.26874157969695,31998.871121892826,1.2514669570373371,0.0062502204917836935
Malthus_BF16,rastrigin,50,128,200,1.0,0.5,0.7,0.8,3159.7226611328124,390.26874157969695,31771.653213321242,1.2639330450328998,0.00629491952015087
Malthus_BF16,rastrigin,50,128,200,1.0,0.5,0.7,0.9,3159.7226611328124,390.26874157969695,31832.834331990514,1.2238270559464581,0.006282820999040269
Malthus_BF16,rastrigin,50,128,200,1.0,0.5,0.7,1.0,3159.7226611328124,390.26874157969695,32134.14808793103,1.1939346439903602,0.006223908580141142
Malthus_BF16,rastrigin,50,128,200,1.0,0.8,0.5,0.5,3159.7226611328124,390.26874157969695,32535.715212776853,1.0899955710046925,0.006147090933518484
Malthus_BF16,rastrigin,50,128,200,1.0,0.8,0.5,0.7,3159.7226611328124,390.26874157969695,32363.65794363708,1.067046542011667,0.006179771160241217
Malthus_BF16,rastrigin,50,128,200,1.0,0.8,0.5,0.8,3159.7226611328124,390.26874157969695,32247.096345161124,1.0665362079744227,0.006202108799479902
Malthus_BF16,rastrigin,50,128,200,1.0,0.8,0.5,0.9,3159.7226611328124,390.26874157969695,32473.260678688748,1.0814304549712688,0.006158913389663212
Malthus_BF16,rastrigin,50,128,200,1.0,0.8,0.5,1.0,3159.7226611328124,390.26874157969695,32171.225747437435,1.0784287469577976,0.006216735463240184
Malthus_BF16,rastrigin,50,128,200,1.0,0.8,0.2,0.5,3159.7226611328124,390.26874157969695,31696.420364224286,1.2668097909772769,0.006309860788751394
Malthus_BF16,rastrigin,50,128,200,1.0,0.8,0.2,0.7,3159.7226611328124,390.26874157969695,31788.08363528323,1.2267321670078672,0.006291665842290968
Malthus_BF16,rastrigin,50,128,200,1.0,0.8,0.2,0.8,3159.7226611328124,390.26874157969695,31379.785218653837,1.2411083379993215,0.006373529920820147
Malthus_BF16,rastrigin,50,128,200,1.0,0.8,0.2,0.9,3159.7226611328124,390.26874157969695,31587.639549046446,1.273302213056013,0.0063315905479248615
Malthus_BF16,rastrigin,50,128,200,1.0,0.8,0.2,1.0,3159.7226611328124,390.26874157969695,31694.132880070036,1.2536516850232147,0.006310316195013001
Malthus_BF16,rastrigin,50,128,200,1.0,0.8,0.4,0.5,3159.7226611328124,390.26874157969695,31841.472415756863,1.2636971810134128,0.006281116569880396
Malthus_BF16,rastrigin,50,128,200,1.0,0.8,0.4,0.7,3159.7226611328124,390.26874157969695,31873.551412008288,1.2477987430174835,0.006274794967612252
Malthus_BF16,rastrigin,50,128,200,1.0,0.8,0.4,0.8,3159.7226611328124,390.26874157969695,31937.167072244,1.2781576449633576,0.00626229620014783
Malthus_BF16,rastrigin,50,128,200,1.0,0.8,0.4,0.9,3159.7226611328124,390.26874157969695,31688.782441711715,1.253154568024911,0.006311381649575196
Malthus_BF16,rastrigin,50,128,200,1.0,0.8,0.4,1.0,3159.7226611328124,390.26874157969695,31730.225092761433,1.2534113390138373,0.006303138392977417
Malthus_BF16,rastrigin,50,128,200,1.0,0.8,0.3,0.5,3159.7226611328124,390.26874157969695,31631.781477714547,1.2460612319991924,0.006322754857828841
Malthus_BF16,rastrigin,50,128,200,1.0,0.8,0.3,0.7,3159.7226611328124,390.26874157969695,31839.070988732135,1.2443917539785616,0.006281590316211805
Malthus_BF16,rastrigin,50,128,200,1.0,0.8,0.3,0.8,3159.7226611328124,390.26874157969695,31765.204261929342,1.2912787799723446,0.006296197510673665
Malthus_BF16,rastrigin,50,128,200,1.0,0.8,0.3,0.9,3159.7226611328124,390.26874157969695,32227.110956900608,1.2853216030052863,0.006205954988254234
Malthus_BF16,rastrigin,50,128,200,1.0,0.8,0.3,1.0,3159.7226611328124,390.26874157969695,31733.614596941483,1.2565004660282284,0.006302465147455223
Malthus_BF16,rastrigin,50,128,200,1.0,0.8,0.6,0.5,3159.7226611328124,390.26874157969695,31501.297075416856,1.2676737599540502,0.006348944918718189
Malthus_BF16,rastrigin,50,128,200,1.0,0.8,0.6,0.7,3159.7226611328124,390.26874157969695,31450.483866975945,1.267113842011895,0.0063592026388505475
Malthus_BF16,rastrigin,50,128,200,1.0,0.8,0.6,0.8,3159.7226611328124,390.26874157969695,31512.692057929216,1.264068300020881,0.006346649141632952
Malthus_BF16,rastrigin,50,128,200,1.0,0.8,0.6,0.9,3159.7226611328124,390.26874157969695,31760.4859581178,1.250944391998928,0.006297132867039181
Malthus_BF16,rastrigin,50,128,200,1.0,0.8,0.6,1.0,3159.7226611328124,390.26874157969695,31607.779115874226,1.2339902480016463,0.006327556240721606
Malthus_BF16,rastrigin,50,128,200,1.0,0.8,0.7,0.5,3159.7226611328124,390.26874157969695,31734.330398613518,1.218124114035163,0.006302322988631204
Malthus_BF16,rastrigin,50,128,200,1.0,0.8,0.7,0.7,3159.7226611328124,390.26874157969695,31778.762649558917,1.2263514719670638,0.0062935112422564995
Malthus_BF16,rastrigin,50,128,200,1.0,0.8,0.7,0.8,3159.7226611328124,390.26874157969695,31596.795450711277,1.2392891040071845,0.006329755823244341
Malthus_BF16,rastrigin,50,128,200,1.0,0.8,0.7,0.9,3159.7226611328124,390.26874157969695,31663.887634058534,1.2354829200194217,0.006316343789221719
Malthus_BF16,rastrigin,50,128,200,1.0,0.8,0.7,1.0,3159.7226611328124,390.26874157969695,31639.94536478713,1.2661591559881344,0.006321123430971056
Malthus_BF16,rastrigin,50,128,200,1.0,1.0,0.5,0.5,3159.7226611328124,390.26874157969695,32109.965130790693,1.119153051986359,0.006228595988359302
Malthus_BF16,rastrigin,50,128,200,1.0,1.0,0.5,0.7,3159.7226611328124,390.26874157969695,32169.473778362786,1.110147767001763,0.006217074030428193
Malthus_BF16,rastrigin,50,128,200,1.0,1.0,0.5,0.8,3159.7226611328124,390.26874157969695,32479.57210659383,1.1202679200214334,0.006157716590096242
Malthus_BF16,rastrigin,50,128,200,1.0,1.0,0.5,0.9,3159.7226611328124,390.26874157969695,32044.392790997634,1.060316918999888,0.006241341544664465
Malthus_BF16,rastrigin,50,128,200,1.0,1.0,0.5,1.0,3159.7226611328124,390.26874157969695,32686.610867001305,1.0768992619705386,0.006118713280302473
Malthus_BF16,rastrigin,50,128,200,1.0,1.0,0.2,0.5,3159.7226611328124,390.26874157969695,32078.88367053978,1.2381195689667948,0.006234630919643678
Malthus_BF16,rastrigin,50,128,200,1.0,1.0,0.2,0.7,3159.7226611328124,390.26874157969695,32256.158694527698,1.2702384279691614,0.006200366320554167
Malthus_BF16,rastrigin,50,128,200,1.0,1.0,0.2,0.8,3159.7226611328124,390.26874157969695,31864.19171833781,1.2594247499946505,0.00627663810737431
Malthus_BF16,rastrigin,50,128,200,1.0,1.0,0.2,0.9,3159.7226611328124,390.26874157969695,31988.858044710356,1.2742702649557032,0.0062521769211161884
Malthus_BF16,rastrigin,50,128,200,1.0,1.0,0.2,1.0,3159.7226611328124,390.26874157969695,32094.839153011657,1.2322452389635146,0.006231531463563442
Malthus_BF16,rastrigin,50,128,200,1.0,1.0,0.4,0.5,3159.7226611328124,390.26874157969695,32027.153592647523,1.2120845890021883,0.006244701060350053
Malthus_BF16,rastrigin,50,128,200,1.0,1.0,0.4,0.7,3159.7226611328124,390.26874157969695,32085.20324589554,1.197615561017301,0.006233402932411991
Malthus_BF16,rastrigin,50,128,200,1.0,1.0,0.4,0.8,3159.7226611328124,390.26874157969695,32193.039862509795,1.2510068870033138,0.006212522981804795
Malthus_BF16,rastrigin,50,128,200,1.0,1.0,0.4,0.9,3159.7226611328124,390.26874157969695,31942.727148073205,1.2521746720303781,0.006261206160415895
Malthus_BF16,rastrigin,50,128,200,1.0,1.0,0.4,1.0,3159.7226611328124,390.26874157969695,31846.36642711654,1.2544116650242358,0.006280151315149851
Malthus_BF16,rastrigin,50,128,200,1.0,1.0,0.3,0.5,3159.7226611328124,390.26874157969695,32195.672714049437,1.2663220319664106,0.006212014943012037
Malthus_BF16,rastrigin,50,128,200,1.0,1.0,0.3,0.7,3159.7226611328124,390.26874157969695,31834.686313202186,1.2237692479975522,0.006282455496257171
Malthus_BF16,rastrigin,50,128,200,1.0,1.0,0.3,0.8,3159.7226611328124,390.26874157969695,31795.031142519805,1.2366288680350408,0.006290291055338457
Malthus_BF16,rastrigin,50,128,200,1.0,1.0,0.3,0.9,3159.7226611328124,390.26874157969695,31612.356645019096,1.2437078090151772,0.0063266399985877795
Malthus_BF16,rastrigin,50,128,200,1.0,1.0,0.3,1.0,3159.7226611328124,390.26874157969695,31683.632345290614,1.2284767199889757,0.0063124075491214175
Malthus_BF16,rastrigin,50,128,200,1.0,1.0,0.6,0.5,3159.7226611328124,390.26874157969695,31624.15206498376,1.1946588749997318,0.006324280239641667
Malthus_BF16,rastrigin,50,128,200,1.0,1.0,0.6,0.7,3159.7226611328124,390.26874157969695,31405.029615540432,1.209158415964339,0.006368406667606905
Malthus_BF16,rastrigin,50,128,200,1.0,1.0,0.6,0.8,3159.7226611328124,390.26874157969695,31568.77571054551,1.2341931849950925,0.006335373973124661
Malthus_BF16,rastrigin,50,128,200,1.0,1.0,0.6,0.9,3159.7226611328124,390.26874157969695,31760.057750111384,1.2292248969897628,0.006297217768733389
Malthus_BF16,rastrigin,50,128,200,1.0,1.0,0.6,1.0,3159.7226611328124,390.26874157969695,31652.840157548344,1.2472102629835717,0.006318548319977708
Malthus_BF16,rastrigin,50,128,200,1.0,1.0,0.7,0.5,3159.7226611328124,390.26874157969695,32114.86491786356,1.188746510015335,0.006227645687176846
Malthus_BF16,rastrigin,50,128,200,1.0,1.0,0.7,0.7,3159.7226611328124,390.26874157969695,32035.50970927678,1.168465873983223,0.006243072197539732
Malthus_BF16,rastrigin,50,128,200,1.0,1.0,0.7,0.8,3159.7226611328124,390.26874157969695,32114.88525716456,1.218437957984861,0.006227641743025742
Malthus_BF16,rastrigin,50,128,200,1.0,1.0,0.7,0.9,3159.7226611328124,390.26874157969695,32041.441607547986,1.2441058839904144,0.0062419164046878
Malthus_BF16,rastrigin,50,128,200,1.0,1.0,0.7,1.0,3159.7226611328124,390.26874157969695,31771.358244059007,1.1969319349736907,0.006294977962970734
Malthus_BF16,ellipsoidal_rotated,50,128,200,0.8,0.5,0.5,0.5,12354081.13,2755394.087069772,35629.57378382246,1.7230107479845174,0.005613314411602914
Malthus_BF16,ellipsoidal_rotated,50,128,200,0.8,0.5,0.5,0.7,12354081.13,2755394.087069772,35995.56624945179,1.046756173018366,0.0055562398605979975
Malthus_BF16,ellipsoidal_rotated,50,128,200,0.8,0.5,0.5,0.8,12354081.13,2755394.087069772,35407.33114800294,1.0652265200042166,0.0056485477305250244
Malthus_BF16,ellipsoidal_rotated,50,128,200,0.8,0.5,0.5,0.9,12354081.13,2755394.087069772,35335.26870317493,1.0653915359871462,0.0056600673304637895
Malthus_BF16,ellipsoidal_rotated,50,128,200,0.8,0.5,0.5,1.0,12354081.13,2755394.087069772,35122.878727071075,1.0423225330305286,0.005694294068380259
Malthus_BF16,ellipsoidal_rotated,50,128,200,0.8,0.5,0.2,0.5,12354081.13,2755394.087069772,36611.28841964412,1.1515648619970307,0.005462796001811512
Malthus_BF16,ellipsoidal_rotated,50,128,200,0.8,0.5,0.2,0.7,12354081.13,2755394.087069772,36352.21548778325,1.1833347550127655,0.005501727950177155
Malthus_BF16,ellipsoidal_rotated,50,128,200,0.8,0.5,0.2,0.8,12354081.13,2755394.087069772,36155.57030169685,1.184802561008837,0.005531651093624532
Malthus_BF16,ellipsoidal_rotated,50,128,200,0.8,0.5,0.2,0.9,12354081.13,2755394.087069772,36452.02761838734,1.1928648800239898,0.005486663241172209
Malthus_BF16,ellipsoidal_rotated,50,128,200,0.8,0.5,0.2,1.0,12354081.13,2755394.087069772,36484.696141361586,1.1784546049893834,0.005481750463950448
Malthus_BF16,ellipsoidal_rotated,50,128,200,0.8,0.5,0.4,0.5,12354081.13,2755394.087069772,36355.39883931564,6.40975915704621,0.005501246207859367
Malthus_BF16,ellipsoidal_rotated,50,128,200,0.8,0.5,0.4,0.7,12354081.13,2755394.087069772,35926.45181117183,1.2074446459882893,0.005566928820335306
Malthus_BF16,ellipsoidal_rotated,50,128,200,0.8,0.5,0.4,0.8,12354081.13,2755394.087069772,36137.0313014016,1.23498882597778,0.005534488938283175
Malthus_BF16,ellipsoidal_rotated,50,128,200,0.8,0.5,0.4,0.9,12354081.13,2755394.087069772,36179.63194484264,1.2159920950070955,0.005527972211129963
Malthus_BF16,ellipsoidal_rotated,50,128,200,0.8,0.5,0.4,1.0,12354081.13,2755394.087069772,36022.73384491762,1.222811023995746,0.0055520494602387775
Malthus_BF16,ellipsoidal_rotated,50,128,200,0.8,0.5,0.3,0.5,12354081.13,2755394.087069772,35889.69770890313,1.1745825409889221,0.005572629828820936
Malthus_BF16,ellipsoidal_rotated,50,128,200,0.8,0.5,0.3,0.7,12354081.13,2755394.087069772,35955.69851049711,1.1669561959570274,0.005562400628696196
Malthus_BF16,ellipsoidal_rotated,50,128,200,0.8,0.5,0.3,0.8,12354081.13,2755394.087069772,35777.607049841805,1.2021944219595753,0.005590088787139394
Malthus_BF16,ellipsoidal_rotated,50,128,200,0.8,0.5,0.3,0.9,12354081.13,2755394.087069772,35770.98767913708,1.2143425340182148,0.005591123225167393
Malthus_BF16,ellipsoidal_rotated,50,128,200,0.8,0.5,0.3,1.0,12354081.13,2755394.087069772,36013.93270177761,1.1819864109857008,0.0055534062790684405
Malthus_BF16,ellipsoidal_rotated,50,128,200,0.8,0.5,0.6,0.5,12354081.13,2755394.087069772,36521.099732370974,1.1943943149526604,0.005476286351331509
Malthus_BF16,ellipsoidal_rotated,50,128,200,0.8,0.5,0.6,0.7,12354081.13,2755394.087069772,35656.13277934392,1.1822695729788393,0.0056091332517098635
Malthus_BF16,ellipsoidal_rotated,50,128,200,0.8,0.5,0.6,0.8,12354081.13,2755394.087069772,35905.214399785575,1.1651781279942952,0.005570221577654593
Malthus_BF16,ellipsoidal_rotated,50,128,200,0.8,0.5,0.6,0.9,12354081.13,2755394.087069772,36214.557751232955,1.1955395269906148,0.005522640960407443
Malthus_BF16,ellipsoidal_rotated,50,128,200,0.8,0.5,0.6,1.0,12354081.13,2755394.087069772,35519.67031669519,1.1857664510025643,0.005630682892515324
Malthus_BF16,ellipsoidal_rotated,50,128,200,0.8,0.5,0.7,0.5,12354081.13,2755394.087069772,35664.707005045704,1.1866477410076186,0.005607784748426639
Malthus_BF16,ellipsoidal_rotated,50,128,200,0.8,0.5,0.7,0.7,12354081.13,2755394.087069772,35657.63159678061,1.1521796130109578,0.005608897479833104
Malthus_BF16,ellipsoidal_rotated,50,128,200,0.8,0.5,0.7,0.8,12354081.13,2755394.087069772,35894.60888300827,1.154876017011702,0.005571867370163091
Malthus_BF16,ellipsoidal_rotated,50,128,200,0.8,0.5,0.7,0.9,12354081.13,2755394.087069772,35723.29365019857,1.1925941109657288,0.005598587911808863
Malthus_BF16,ellipsoidal_rotated,50,128,200,0.8,0.5,0.7,1.0,12354081.13,2755394.087069772,36250.742115498004,1.1732685969909653,0.005517128431820311
Malthus_BF16,ellipsoidal_rotated,50,128,200,0.8,0.8,0.5,0.5,12354081.13,2755394.087069772,35416.21957566462,1.0583144020056352,0.0056471301114652305
Malthus_BF16,ellipsoidal_rotated,50,128,200,0.8,0.8,0.5,0.7,12354081.13,2755394.087069772,35171.04439465309,1.0802256549941376,0.005686495907139033
Malthus_BF16,ellipsoidal_rotated,50,128,200,0.8,0.8,0.5,0.8,12354081.13,2755394.087069772,35593.06171478603,1.0661923119914718,0.00561907266092021
Malthus_BF16,ellipsoidal_rotated,50,128,200,0.8,0.8,0.5,0.9,12354081.13,2755394.087069772,35167.370090318895,1.0544132880168036,0.0056870900350622835
Malthus_BF16,ellipsoidal_rotated,50,128,200,0.8,0.8,0.5,1.0,12354081.13,2755394.087069772,35526.18521745033,1.0556454310426489,0.005629650320624933
Malthus_BF16,ellipsoidal_rotated,50,128,200,0.8,0.8,0.2,0.5,12354081.13,2755394.087069772,36724.95921068754,1.2010242590331472,0.005445887600653804
Malthus_BF16,ellipsoidal_rotated,50,128,200,0.8,0.8,0.2,0.7,12354081.13,2755394.087069772,35994.20609339712,1.227221276029013,0.005556449820869602
Malthus_BF16,ellipsoidal_rotated,50,128,200,0.8,0.8,0.2,0.8,12354081.13,2755394.087069772,36297.65580871761,1.201415938034188,0.005509997699409724
Malthus_BF16,ellipsoidal_rotated,50,128,200,0.8,0.8,0.2,0.9,12354081.13,2755394.087069772,36766.073751499105,1.175247510022018,0.005439797606668435
Malthus_BF16,ellipsoidal_rotated,50,128,200,0.8,0.8,0.2,1.0,12354081.13,2755394.087069772,36196.00430911403,1.194229131040629,0.005525471770088188
Malthus_BF16,ellipsoidal_rotated,50,128,200,0.8,0.8,0.4,0.5,12354081.13,2755394.087069772,36248.07730072831,1.2104273969889618,0.005517534029204399
Malthus_BF16,ellipsoidal_rotated,50,128,200,0.8,0.8,0.4,0.7,12354081.13,2755394.087069772,36145.96633719311,1.221163998998236,0.005533120850450359
Malthus_BF16,ellipsoidal_rotated,50,128,200,0.8,0.8,0.4,0.8,12354081.13,2755394.087069772,35892.93835169621,1.1883873039623722,0.0055721266963519155
Malthus_BF16,ellipsoidal_rotated,50,128,200,0.8,0.8,0.4,0.9,12354081.13,2755394.087069772,36380.48741163028,1.1852120170369744,0.0054974524595309045
Malthus_BF16,ellipsoidal_rotated,50,128,200,0.8,0.8,0.4,1.0,12354081.13,2755394.087069772,35981.91335330804,1.1966417669900693,0.005558348107733764
Malthus_BF16,ellipsoidal_rotated,50,128,200,0.8,0.8,0.3,0.5,12354081.13,2755394.087069772,36511.94777748241,1.2072117479983717,0.005477659017778933
Malthus_BF16,ellipsoidal_rotated,50,128,200,0.8,0.8,0.3,0.7,12354081.13,2755394.087069772,35792.91691315597,1.1923806859995238,0.005587697713635862
Malthus_BF16,ellipsoidal_rotated,50,128,200,0.8,0.8,0.3,0.8,12354081.13,2755394.087069772,36608.92521026429,1.1968736659619026,0.0054631486407015475
Malthus_BF16,ellipsoidal_rotated,50,128,200,0.8,0.8,0.3,0.9,12354081.13,2755394.087069772,36402.62746588307,1.1706581589533016,0.005494108912535012
Malthus_BF16,ellipsoidal_rotated,50,128,200,0.8,0.8,0.3,1.0,12354081.13,2755394.087069772,35943.224468766595,1.1987139229895547,0.005564331051427871
Malthus_BF16,ellipsoidal_rotated,50,128,200,0.8,0.8,0.6,0.5,12354081.13,2755394.087069772,35922.950857120406,1.1554034239961766,0.0055674713582266125
Malthus_BF16,ellipsoidal_rotated,50,128,200,0.8,0.8,0.6,0.7,12354081.13,2755394.087069772,36319.490949681676,1.1845729500055313,0.00550668510957621
Malthus_BF16,ellipsoidal_rotated,50,128,200,0.8,0.8,0.6,0.8,12354081.13,2755394.087069772,36420.48794942657,1.1958589880377986,0.00549141462019179
Malthus_BF16,ellipsoidal_rotated,50,128,200,0.8,0.8,0.6,0.9,12354081.13,2755394.087069772,36255.08790826812,1.2065045060007833,0.005516467109555378
Malthus_BF16,ellipsoidal_rotated,50,128,200,0.8,0.8,0.6,1.0,12354081.13,2755394.087069772,36699.09744140454,1.191533395962324,0.005449725305079482
Malthus_BF16,ellipsoidal_rotated,50,128,200,0.8,0.8,0.7,0.5,12354081.13,2755394.087069772,36504.57421580103,1.1518998210085556,0.005478765450534411
Malthus_BF16,ellipsoidal_rotated,50,128,200,0.8,0.8,0.7,0.7,12354081.13,2755394.087069772,36441.55277705848,1.1816311450093053,0.00548824033990968
Malthus_BF16,ellipsoidal_rotated,50,128,200,0.8,0.8,0.7,0.8,12354081.13,2755394.087069772,36503.5626397057,1.1909225180279464,0.005478917276486754
Malthus_BF16,ellipsoidal_rotated,50,128,200,0.8,0.8,0.7,0.9,12354081.13,2755394.087069772,36605.04744064814,1.1681498649995774,0.005463727381429635
Malthus_BF16,ellipsoidal_rotated,50,128,200,0.8,0.8,0.7,1.0,12354081.13,2755394.087069772,36529.31927428172,1.1460006950073875,0.005475054120179266
Malthus_BF16,ellipsoidal_rotated,50,128,200,0.8,1.0,0.5,0.5,12354081.13,2755394.087069772,35794.97399986899,1.0305300449836068,0.005587376596522518
Malthus_BF16,ellipsoidal_rotated,50,128,200,0.8,1.0,0.5,0.7,12354081.13,2755394.087069772,35815.47923353883,1.0654304820345715,0.005584177687414922
Malthus_BF16,ellipsoidal_rotated,50,128,200,0.8,1.0,0.5,0.8,12354081.13,2755394.087069772,35830.20827388764,1.0653258499805816,0.005581882150145248
Malthus_BF16,ellipsoidal_rotated,50,128,200,0.8,1.0,0.5,0.9,12354081.13,2755394.087069772,35758.36947258278,1.0534278620034456,0.0055930961883859705
Malthus_BF16,ellipsoidal_rotated,50,128,200,0.8,1.0,0.5,1.0,12354081.13,2755394.087069772,35750.48946972869,1.038267478987109,0.005594328999868594
Malthus_BF16,ellipsoidal_rotated,50,128,200,0.8,1.0,0.2,0.5,12354081.13,2755394.087069772,36471.01711604278,1.2255398679990321,0.005483806480187922
Malthus_BF16,ellipsoidal_rotated,50,128,200,0.8,1.0,0.2,0.7,12354081.13,2755394.087069772,36812.22613449801,1.1888015299919061,0.005432977600139566
Malthus_BF16,ellipsoidal_rotated,50,128,200,0.8,1.0,0.2,0.8,12354081.13,2755394.087069772,36279.12738114243,1.209901992988307,0.005512811758089811
Malthus_BF16,ellipsoidal_rotated,50,128,200,0.8,1.0,0.2,0.9,12354081.13,2755394.087069772,36674.199495019755,1.19249268702697,0.005453425098676234
Malthus_BF16,ellipsoidal_rotated,50,128,200,0.8,1.0,0.2,1.0,12354081.13,2755394.087069772,36233.01725224273,1.2127495490130968,0.005519827360985801
Malthus_BF16,ellipsoidal_rotated,50,128,200,0.8,1.0,0.4,0.5,12354081.13,2755394.087069772,36054.70264454062,1.262396369013004,0.005547126597375609
Malthus_BF16,ellipsoidal_rotated,50,128,200,0.8,1.0,0.4,0.7,12354081.13,2755394.087069772,36389.00221841819,1.2451787230093032,0.005496166088851169
Malthus_BF16,ellipsoidal_rotated,50,128,200,0.8,1.0,0.4,0.8,12354081.13,2755394.087069772,36168.17531985161,1.2213649959885515,0.005529723250656388
Malthus_BF16,ellipsoidal_rotated,50,128,200,0.8,1.0,0.4,0.9,12354081.13,2755394.087069772,36137.06368276119,1.232115317019634,0.005534483978990466
Malthus_BF16,ellipsoidal_rotated,50,128,200,0.8,1.0,0.4,1.0,12354081.13,2755394.087069772,36314.62999952951,1.1688568199751899,0.005507422215305269
Malthus_BF16,ellipsoidal_rotated,50,128,200,0.8,1.0,0.3,0.5,12354081.13,2755394.087069772,36412.97998124974,1.2308049030252732,0.005492546891327947
Malthus_BF16,ellipsoidal_rotated,50,128,200,0.8,1.0,0.3,0.7,12354081.13,2755394.087069772,36518.904356671155,1.203781254007481,0.00547661556454841
Malthus_BF16,ellipsoidal_rotated,50,128,200,0.8,1.0,0.3,0.8,12354081.13,2755394.087069772,36279.30243154164,1.1950847060070373,0.005512785158352926
Malthus_BF16,ellipsoidal_rotated,50,128,200,0.8,1.0,0.3,0.9,12354081.13,2755394.087069772,36599.753233509335,1.2240150190191343,0.0054645177174825225
Malthus_BF16,ellipsoidal_rotated,50,128,200,0.8,1.0,0.3,1.0,12354081.13,2755394.087069772,36586.36811777822,1.2150989109650254,0.00546651691023726
Malthus_BF16,ellipsoidal_rotated,50,128,200,0.8,1.0,0.6,0.5,12354081.13,2755394.087069772,36654.93720724936,1.18055066204397,0.005456290891161188
Malthus_BF16,ellipsoidal_rotated,50,128,200,0.8,1.0,0.6,0.7,12354081.13,2755394.087069772,36475.05937052723,1.2023650369956158,0.005483198751462624
Malthus_BF16,ellipsoidal_rotated,50,128,200,0.8,1.0,0.6,0.8,12354081.13,2755394.087069772,36132.26243446492,1.1588170979521237,0.005535219400189817
Malthus_BF16,ellipsoidal_rotated,50,128,200,0.8,1.0,0.6,0.9,12354081.13,2755394.087069772,36310.14227533891,1.1527642900473438,0.005508102900930681
Malthus_BF16,ellipsoidal_rotated,50,128,200,0.8,1.0,0.6,1.0,12354081.13,2755394.087069772,36232.061539512426,1.188158406992443,0.005519972960464656
Malthus_BF16,ellipsoidal_rotated,50,128,200,0.8,1.0,0.7,0.5,12354081.13,2755394.087069772,35677.14873420932,1.1728412230149843,0.005605829139822163
Malthus_BF16,ellipsoidal_rotated,50,128,200,0.8,1.0,0.7,0.7,12354081.13,2755394.087069772,36345.218303058144,1.1815018799970858,0.005502787143341265
Malthus_BF16,ellipsoidal_rotated,50,128,200,0.8,1.0,0.7,0.8,12354081.13,2755394.087069772,36301.62385936074,1.1915125799714588,0.005509395413682796
Malthus_BF16,ellipsoidal_rotated,50,128,200,0.8,1.0,0.7,0.9,12354081.13,2755394.087069772,36493.088015614,1.267179464979563,0.0054804898920701815
Malthus_BF16,ellipsoidal_rotated,50,128,200,0.8,1.0,0.7,1.0,12354081.13,2755394.087069772,36564.96357686121,1.1716143589583226,0.005469716921215877
Malthus_BF16,ellipsoidal_rotated,50,128,200,0.9,0.5,0.5,0.5,12354081.13,2755394.087069772,35685.46607238104,1.0523909429903142,0.00560452256933786
Malthus_BF16,ellipsoidal_rotated,50,128,200,0.9,0.5,0.5,0.7,12354081.13,2755394.087069772,35834.73163872703,1.070840717991814,0.0055811775574693455
Malthus_BF16,ellipsoidal_rotated,50,128,200,0.9,0.5,0.5,0.8,12354081.13,2755394.087069772,35556.79546370715,1.0653672000044025,0.005624803849495947
Malthus_BF16,ellipsoidal_rotated,50,128,200,0.9,0.5,0.5,0.9,12354081.13,2755394.087069772,35657.15764139019,1.0656527440296486,0.005608972033369355
Malthus_BF16,ellipsoidal_rotated,50,128,200,0.9,0.5,0.5,1.0,12354081.13,2755394.087069772,35163.95189743403,1.0549301819992252,0.005687642861739732
Malthus_BF16,ellipsoidal_rotated,50,128,200,0.9,0.5,0.2,0.5,12354081.13,2755394.087069772,36101.9444092036,1.1634772459510714,0.005539867818006314
Malthus_BF16,ellipsoidal_rotated,50,128,200,0.9,0.5,0.2,0.7,12354081.13,2755394.087069772,35780.77889311821,1.1699397990014404,0.005589593244949355
Malthus_BF16,ellipsoidal_rotated,50,128,200,0.9,0.5,0.2,0.8,12354081.13,2755394.087069772,36351.61256054417,1.173087495029904,0.005501819201745093
Malthus_BF16,ellipsoidal_rotated,50,128,200,0.9,0.5,0.2,0.9,12354081.13,2755394.087069772,36679.23497161762,1.198847329011187,0.005452676429995335
Malthus_BF16,ellipsoidal_rotated,50,128,200,0.9,0.5,0.2,1.0,12354081.13,2755394.087069772,36270.26272353206,1.1954407449811697,0.005514159120502881
Malthus_BF16,ellipsoidal_rotated,50,128,200,0.9,0.5,0.4,0.5,12354081.13,2755394.087069772,36229.86629394885,1.2204108120058663,0.005520307427505031
Malthus_BF16,ellipsoidal_rotated,50,128,200,0.9,0.5,0.4,0.7,12354081.13,2755394.087069772,36646.23844873665,1.2100892499438487,0.005457586057018488
Malthus_BF16,ellipsoidal_rotated,50,128,200,0.9,0.5,0.4,0.8,12354081.13,2755394.087069772,36468.76951819081,1.194396874983795,0.005484144451329485
Malthus_BF16,ellipsoidal_rotated,50,128,200,0.9,0.5,0.4,0.9,12354081.13,2755394.087069772,36448.029064349816,1.2352818990475498,0.00548726515902672
Malthus_BF16,ellipsoidal_rotated,50,128,200,0.9,0.5,0.4,1.0,12354081.13,2755394.087069772,36576.984587739054,1.1913095639902167,0.0054679193010088055
Malthus_BF16,ellipsoidal_rotated,50,128,200,0.9,0.5,0.3,0.5,12354081.13,2755394.087069772,36635.55678057573,1.1910006100079045,0.005459177301381715
Malthus_BF16,ellipsoidal_rotated,50,128,200,0.9,0.5,0.3,0.7,12354081.13,2755394.087069772,36356.351779614015,1.237908165960107,0.005501102014095522
Malthus_BF16,ellipsoidal_rotated,50,128,200,0.9,0.5,0.3,0.8,12354081.13,2755394.087069772,36339.27483901164,1.2177615229738876,0.005503687150776386
Malthus_BF16,ellipsoidal_rotated,50,128,200,0.9,0.5,0.3,0.9,12354081.13,2755394.087069772,36378.84740842141,1.1796700260019861,0.005497700291452929
Malthus_BF16,ellipsoidal_rotated,50,128,200,0.9,0.5,0.3,1.0,12354081.13,2755394.087069772,36046.89254387969,1.202009412983898,0.005548328465665691
Malthus_BF16,ellipsoidal_rotated,50,128,200,0.9,0.5,0.6,0.5,12354081.13,2755394.087069772,36023.050464561835,1.1706188570242375,0.005552000661264173
Malthus_BF16,ellipsoidal_rotated,50,128,200,0.9,0.5,0.6,0.7,12354081.13,2755394.087069772,35689.82870657291,1.174295903998427,0.005603837486705743
Malthus_BF16,ellipsoidal_rotated,50,128,200,0.9,0.5,0.6,0.8,12354081.13,2755394.087069772,36062.623351175826,1.161316275014542,0.005545908240019343
Malthus_BF16,ellipsoidal_rotated,50,128,200,0.9,0.5,0.6,0.9,12354081.13,2755394.087069772,36498.31567647832,1.164930431987159,0.0054797049204353245
Malthus_BF16,ellipsoidal_rotated,50,128,200,0.9,0.5,0.6,1.0,12354081.13,2755394.087069772,36168.68763640693,1.1661893450072967,0.0055296449240995575
Malthus_BF16,ellipsoidal_rotated,50,128,200,0.9,0.5,0.7,0.5,12354081.13,2755394.087069772,36374.940029497215,1.1506521489936858,0.005498290851828642
Malthus_BF16,ellipsoidal_rotated,50,128,200,0.9,0.5,0.7,0.7,12354081.13,2755394.087069772,35781.483441412776,1.1814802729641087,0.0055894831841578705
Malthus_BF16,ellipsoidal_rotated,50,128,200,0.9,0.5,0.7,0.8,12354081.13,2755394.087069772,36111.875195290755,1.1880387790151872,0.005538344351225533
Malthus_BF16,ellipsoidal_rotated,50,128,200,0.9,0.5,0.7,0.9,12354081.13,2755394.087069772,36646.771601830784,1.2070361130172387,0.005457506657694467
Malthus_BF16,ellipsoidal_rotated,50,128,200,0.9,0.5,0.7,1.0,12354081.13,2755394.087069772,36511.34698537549,1.1799146530102007,0.0054777491523418575
Malthus_BF16,ellipsoidal_rotated,50,128,200,0.9,0.8,0.5,0.5,12354081.13,2755394.087069772,35713.445494737396,1.035238387004938,0.005600131749524735
Malthus_BF16,ellipsoidal_rotated,50,128,200,0.9,0.8,0.5,0.7,12354081.13,2755394.087069772,35516.2270403823,1.076033149030991,0.005631228783749975
Malthus_BF16,ellipsoidal_rotated,50,128,200,0.9,0.8,0.5,0.8,12354081.13,2755394.087069772,35230.80481495755,1.0722284750081599,0.005676850161398761
Malthus_BF16,ellipsoidal_rotated,50,128,200,0.9,0.8,0.5,0.9,12354081.13,2755394.087069772,35240.342809022295,1.0562271350063384,0.005675313690444455
Malthus_BF16,ellipsoidal_rotated,50,128,200,0.9,0.8,0.5,1.0,12354081.13,2755394.087069772,35627.514506546155,1.041927105979994,0.005613638862268999
Malthus_BF16,ellipsoidal_rotated,50,128,200,0.9,0.8,0.2,0.5,12354081.13,2755394.087069772,35934.90528709168,1.1865041859564371,0.005565619232947938
Malthus_BF16,ellipsoidal_rotated,50,128,200,0.9,0.8,0.2,0.7,12354081.13,2755394.087069772,36133.47659147414,1.2059464959893376,0.005535033405758441
Malthus_BF16,ellipsoidal_rotated,50,128,200,0.9,0.8,0.2,0.8,12354081.13,2755394.087069772,36326.54069418597,1.2379448059946299,0.005505616449518129
Malthus_BF16,ellipsoidal_rotated,50,128,200,0.9,0.8,0.2,0.9,12354081.13,2755394.087069772,36466.4013492397,1.206504166009836,0.005484500597813167
Malthus_BF16,ellipsoidal_rotated,50,128,200,0.9,0.8,0.2,1.0,12354081.13,2755394.087069772,36089.09936947603,1.197329198999796,0.005541839599609375
Malthus_BF16,ellipsoidal_rotated,50,128,200,0.9,0.8,0.4,0.5,12354081.13,2755394.087069772,36357.02016746238,1.1939988020458259,0.005501000881777145
Malthus_BF16,ellipsoidal_rotated,50,128,200,0.9,0.8,0.4,0.7,12354081.13,2755394.087069772,36462.95735040279,1.2055561070446856,0.005485018619801849
Malthus_BF16,ellipsoidal_rotated,50,128,200,0.9,0.8,0.4,0.8,12354081.13,2755394.087069772,36866.42236985922,1.2277693320065737,0.005424990740721114
Malthus_BF16,ellipsoidal_rotated,50,128,200,0.9,0.8,0.4,0.9,12354081.13,2755394.087069772,36018.39980168202,1.2144183259806596,0.005552717530517839
Malthus_BF16,ellipsoidal_rotated,50,128,200,0.9,0.8,0.4,1.0,12354081.13,2755394.087069772,36087.349111002775,1.2073542220168747,0.005542108382214792
Malthus_BF16,ellipsoidal_rotated,50,128,200,0.9,0.8,0.3,0.5,12354081.13,2755394.087069772,36025.359996994724,1.1973308979650028,0.005551644730730914
Malthus_BF16,ellipsoidal_rotated,50,128,200,0.9,0.8,0.3,0.7,12354081.13,2755394.087069772,35699.42075992629,1.2146455849870108,0.005602331795380451
Malthus_BF16,ellipsoidal_rotated,50,128,200,0.9,0.8,0.3,0.8,12354081.13,2755394.087069772,36035.73615402316,1.1935736690065823,0.005550046185962856
Malthus_BF16,ellipsoidal_rotated,50,128,200,0.9,0.8,0.3,0.9,12354081.13,2755394.087069772,36079.176584807814,1.1998264879803173,0.0055433637608075514
Malthus_BF16,ellipsoidal_rotated,50,128,200,0.9,0.8,0.3,1.0,12354081.13,2755394.087069772,36449.32652902478,1.201572712045163,0.005487069832161069
Malthus_BF16,ellipsoidal_rotated,50,128,200,0.9,0.8,0.6,0.5,12354081.13,2755394.087069772,35994.96558844926,1.1543127429904416,0.005556332579581067
Malthus_BF16,ellipsoidal_rotated,50,128,200,0.9,0.8,0.6,0.7,12354081.13,2755394.087069772,36460.99452092124,1.1871265780064277,0.005485313898534514
Malthus_BF16,ellipsoidal_rotated,50,128,200,0.9,0.8,0.6,0.8,12354081.13,2755394.087069772,36793.89048053774,1.1345749640022404,0.005435685038683005
Malthus_BF16,ellipsoidal_rotated,50,128,200,0.9,0.8,0.6,0.9,12354081.13,2755394.087069772,36608.870220613324,1.1927834309753962,0.0054631568468175825
Malthus_BF16,ellipsoidal_rotated,50,128,200,0.9,0.8,0.6,1.0,12354081.13,2755394.087069772,36879.17811056929,1.1731252020108514,0.005423114349250682
Malthus_BF16,ellipsoidal_rotated,50,128,200,0.9,0.8,0.7,0.5,12354081.13,2755394.087069772,36290.8830865055,1.1916029949788935,0.005511025993037037
Malthus_BF16,ellipsoidal_rotated,50,128,200,0.9,0.8,0.7,0.7,12354081.13,2755394.087069772,36373.75800070255,1.1538766259909607,0.005498469528392888
Malthus_BF16,ellipsoidal_rotated,50,128,200,0.9,0.8,0.7,0.8,12354081.13,2755394.087069772,36704.7978687422,1.1474880279856734,0.005448878937168047
Malthus_BF16,ellipsoidal_rotated,50,128,200,0.9,0.8,0.7,0.9,12354081.13,2755394.087069772,36124.23986913422,1.1471067880047485,0.005536448676139116
Malthus_BF16,ellipsoidal_rotated,50,128,200,0.9,0.8,0.7,1.0,12354081.13,2755394.087069772,36448.05097482129,1.1666529679787345,0.0054872618603985755
Malthus_BF16,ellipsoidal_rotated,50,128,200,0.9,1.0,0.5,0.5,12354081.13,2755394.087069772,35285.4217973269,1.0537085440009832,0.005668063177727163
Malthus_BF16,ellipsoidal_rotated,50,128,200,0.9,1.0,0.5,0.7,12354081.13,2755394.087069772,35291.46291977168,1.0386116430163383,0.0056670929299434646
Malthus_BF16,ellipsoidal_rotated,50,128,200,0.9,1.0,0.5,0.8,12354081.13,2755394.087069772,35612.56220226768,1.0491915320162661,0.005615995806874707
Malthus_BF16,ellipsoidal_rotated,50,128,200,0.9,1.0,0.5,0.9,12354081.13,2755394.087069772,35327.65727554701,1.0508765720296651,0.005661286805407144
Malthus_BF16,ellipsoidal_rotated,50,128,200,0.9,1.0,0.5,1.0,12354081.13,2755394.087069772,35383.93075151539,1.0765183820039965,0.00565228327526711
Malthus_BF16,ellipsoidal_rotated,50,128,200,0.9,1.0,0.2,0.5,12354081.13,2755394.087069772,36068.73642761284,1.2006752080051228,0.005544968296890147
Malthus_BF16,ellipsoidal_rotated,50,128,200,0.9,1.0,0.2,0.7,12354081.13,2755394.087069772,36437.73772087265,1.2165118089760654,0.005488814962445758
Malthus_BF16,ellipsoidal_rotated,50,128,200,0.9,1.0,0.2,0.8,12354081.13,2755394.087069772,36290.89683185142,1.194588318001479,0.005511023905710317
Malthus_BF16,ellipsoidal_rotated,50,128,200,0.9,1.0,0.2,0.9,12354081.13,2755394.087069772,36244.46542297672,1.2004912190022878,0.005518083869246766
Malthus_BF16,ellipsoidal_rotated,50,128,200,0.9,1.0,0.2,1.0,12354081.13,2755394.087069772,36100.760730562666,1.2230208449764177,0.005540049460250884
Malthus_BF16,ellipsoidal_rotated,50,128,200,0.9,1.0,0.4,0.5,12354081.13,2755394.087069772,36199.70240196117,1.2044515940360725,0.005524907298386097
Malthus_BF16,ellipsoidal_rotated,50,128,200,0.9,1.0,0.4,0.7,12354081.13,2755394.087069772,36040.84014254382,1.1882945870165713,0.005549260206171311
