Algorithm,Task,Dim,Pop_Size,Generations,hyperparam_mutation_rate,hyperparam_sigma,hyperparam_elite_ratio,hyperparam_crossover_rate,Mean_Fitness,Fitness_Std,Mean_GPS,Compile_Time,Mean_Exec_Time
Standard_GA,sphere,50,128,200,0.8,0.5,0.5,0.5,485.3296862792969,39.35403296133339,40670.356968964195,0.9543579790042713,0.004917586539813783
Standard_GA,sphere,50,128,200,0.8,0.5,0.5,0.7,485.3296862792969,39.35403296133339,40989.31215057963,0.8396443339879625,0.004879320718173403
Standard_GA,sphere,50,128,200,0.8,0.5,0.5,0.8,485.3296862792969,39.35403296133339,40995.640291163494,0.8664419550041202,0.004878567539853975
Standard_GA,sphere,50,128,200,0.8,0.5,0.5,0.9,485.3296862792969,39.35403296133339,41028.20142828888,0.8867144050018396,0.0048746957711409775
Standard_GA,sphere,50,128,200,0.8,0.5,0.5,1.0,485.3296862792969,39.35403296133339,41062.37071868711,0.8499752340139821,0.004870639383443631
Standard_GA,sphere,50,128,200,0.8,0.5,0.2,0.5,485.3296862792969,39.35403296133339,40236.637617827444,1.0561913939891383,0.0049705942603759466
Standard_GA,sphere,50,128,200,0.8,0.5,0.2,0.7,485.3296862792969,39.35403296133339,40566.380341775315,1.0355324200063478,0.004930190919549204
Standard_GA,sphere,50,128,200,0.8,0.5,0.2,0.8,485.3296862792969,39.35403296133339,40977.76966367236,1.0299396790214814,0.004880695109604858
Standard_GA,sphere,50,128,200,0.8,0.5,0.2,0.9,485.3296862792969,39.35403296133339,41131.370569167106,1.047923660982633,0.0048624686518451195
Standard_GA,sphere,50,128,200,0.8,0.5,0.2,1.0,485.3296862792969,39.35403296133339,40472.519588047806,1.0441183169896249,0.004941624639031943
Standard_GA,sphere,50,128,200,0.8,0.5,0.4,0.5,485.3296862792969,39.35403296133339,40895.66554280936,1.0554936020052992,0.004890493829734623
Standard_GA,sphere,50,128,200,0.8,0.5,0.4,0.7,485.3296862792969,39.35403296133339,40626.19806965145,1.1000914420001209,0.004922931741166394
Standard_GA,sphere,50,128,200,0.8,0.5,0.4,0.8,485.3296862792969,39.35403296133339,41200.18767823625,1.0883793890243396,0.004854346819047351
Standard_GA,sphere,50,128,200,0.8,0.5,0.4,0.9,485.3296862792969,39.35403296133339,41520.40160701095,1.0335918409982696,0.004816909091896377
Standard_GA,sphere,50,128,200,0.8,0.5,0.4,1.0,485.3296862792969,39.35403296133339,41471.58175384117,1.156744121981319,0.004822579500032589
Standard_GA,sphere,50,128,200,0.8,0.5,0.3,0.5,485.3296862792969,39.35403296133339,41202.602942865524,1.0369787189993076,0.004854062261001673
Standard_GA,sphere,50,128,200,0.8,0.5,0.3,0.7,485.3296862792969,39.35403296133339,41676.84396887692,1.032046445994638,0.0047988278610864655
Standard_GA,sphere,50,128,200,0.8,0.5,0.3,0.8,485.3296862792969,39.35403296133339,40739.47201046487,1.019481823022943,0.0049092437906074335
Standard_GA,sphere,50,128,200,0.8,0.5,0.3,0.9,485.3296862792969,39.35403296133339,41161.9135447509,1.0043473400000948,0.004858860601380002
Standard_GA,sphere,50,128,200,0.8,0.5,0.3,1.0,485.3296862792969,39.35403296133339,40458.71812525707,1.0112219389993697,0.004943310348608065
Standard_GA,sphere,50,128,200,0.8,0.5,0.6,0.5,485.3296862792969,39.35403296133339,40371.36730486421,1.1213816920062527,0.004954006102634594
Standard_GA,sphere,50,128,200,0.8,0.5,0.6,0.7,485.3296862792969,39.35403296133339,40221.56589360302,1.016393686993979,0.0049724568289821035
Standard_GA,sphere,50,128,200,0.8,0.5,0.6,0.8,485.3296862792969,39.35403296133339,41176.703100422346,1.0248578500177246,0.00485711543034995
Standard_GA,sphere,50,128,200,0.8,0.5,0.6,0.9,485.3296862792969,39.35403296133339,41419.41742127549,1.0261769729841035,0.0048286531402845865
Standard_GA,sphere,50,128,200,0.8,0.5,0.6,1.0,485.3296862792969,39.35403296133339,41636.72663520709,1.0435355110093951,0.0048034515717881735
Standard_GA,sphere,50,128,200,0.8,0.5,0.7,0.5,485.3296862792969,39.35403296133339,41374.02182530275,1.0965997900057118,0.0048339511407539245
Standard_GA,sphere,50,128,200,0.8,0.5,0.7,0.7,485.3296862792969,39.35403296133339,41127.17249379908,1.1166952940111514,0.0048629649906069975
Standard_GA,sphere,50,128,200,0.8,0.5,0.7,0.8,485.3296862792969,39.35403296133339,41421.27751238197,1.0893973270140123,0.0048284363016136925
Standard_GA,sphere,50,128,200,0.8,0.5,0.7,0.9,485.3296862792969,39.35403296133339,40627.99488659636,1.131680692982627,0.004922714019194245
Standard_GA,sphere,50,128,200,0.8,0.5,0.7,1.0,485.3296862792969,39.35403296133339,40596.215262085396,1.1356689789972734,0.004926567629736383
Standard_GA,sphere,50,128,200,0.8,0.8,0.5,0.5,485.3296862792969,39.35403296133339,42099.09603264599,0.856529075972503,0.004750695830734912
Standard_GA,sphere,50,128,200,0.8,0.8,0.5,0.7,485.3296862792969,39.35403296133339,41815.409747618316,0.8606924010091461,0.0047829257493140175
Standard_GA,sphere,50,128,200,0.8,0.8,0.5,0.8,485.3296862792969,39.35403296133339,41567.22616939829,0.8248408040089998,0.004811482950171922
Standard_GA,sphere,50,128,200,0.8,0.8,0.5,0.9,485.3296862792969,39.35403296133339,41780.80005065788,0.9287678459950257,0.0047868877512519245
Standard_GA,sphere,50,128,200,0.8,0.8,0.5,1.0,485.3296862792969,39.35403296133339,41095.18950634761,0.8511958559975028,0.004866749670763965
Standard_GA,sphere,50,128,200,0.8,0.8,0.2,0.5,485.3296862792969,39.35403296133339,40680.897922589655,1.0330070910276845,0.0049163123287144115
Standard_GA,sphere,50,128,200,0.8,0.8,0.2,0.7,485.3296862792969,39.35403296133339,40509.12719945748,1.0101307430013549,0.004937158952234313
Standard_GA,sphere,50,128,200,0.8,0.8,0.2,0.8,485.3296862792969,39.35403296133339,40966.27923883781,1.0362141029909253,0.004882064071134664
Standard_GA,sphere,50,128,200,0.8,0.8,0.2,0.9,485.3296862792969,39.35403296133339,40468.333481818954,1.045184791990323,0.004942135808232706
Standard_GA,sphere,50,128,200,0.8,0.8,0.2,1.0,485.3296862792969,39.35403296133339,40141.88446361011,1.002130898006726,0.004982327129691839
Standard_GA,sphere,50,128,200,0.8,0.8,0.4,0.5,485.3296862792969,39.35403296133339,40046.977747008954,1.170372483000392,0.0049941346701234575
Standard_GA,sphere,50,128,200,0.8,0.8,0.4,0.7,485.3296862792969,39.35403296133339,39912.18018952241,1.0208292760071345,0.005011001630336977
Standard_GA,sphere,50,128,200,0.8,0.8,0.4,0.8,485.3296862792969,39.35403296133339,40146.215405823394,1.03819298101007,0.004981789640150964
Standard_GA,sphere,50,128,200,0.8,0.8,0.4,0.9,485.3296862792969,39.35403296133339,40675.84932725136,1.0492363670200575,0.004916922530392185
Standard_GA,sphere,50,128,200,0.8,0.8,0.4,1.0,485.3296862792969,39.35403296133339,40616.6848307998,1.062864613981219,0.004924084790109191
Standard_GA,sphere,50,128,200,0.8,0.8,0.3,0.5,485.3296862792969,39.35403296133339,41586.94424113328,1.0044803269847762,0.004809201629250311
Standard_GA,sphere,50,128,200,0.8,0.8,0.3,0.7,485.3296862792969,39.35403296133339,41946.496476820736,0.9899802939908113,0.004767978658492211
Standard_GA,sphere,50,128,200,0.8,0.8,0.3,0.8,485.3296862792969,39.35403296133339,41344.81834598622,1.023243834002642,0.004837365551502444
Standard_GA,sphere,50,128,200,0.8,0.8,0.3,0.9,485.3296862792969,39.35403296133339,41663.77537810704,1.0043477609870024,0.004800333099556155
Standard_GA,sphere,50,128,200,0.8,0.8,0.3,1.0,485.3296862792969,39.35403296133339,41429.57512890642,1.0006566890224349,0.004827469250594732
Standard_GA,sphere,50,128,200,0.8,0.8,0.6,0.5,485.3296862792969,39.35403296133339,41539.57287027137,1.0210849000141025,0.004814686001336668
Standard_GA,sphere,50,128,200,0.8,0.8,0.6,0.7,485.3296862792969,39.35403296133339,41142.96847125419,1.0249905799864791,0.004861097957473248
Standard_GA,sphere,50,128,200,0.8,0.8,0.6,0.8,485.3296862792969,39.35403296133339,40999.18304550179,1.044215683999937,0.00487814598105615
Standard_GA,sphere,50,128,200,0.8,0.8,0.6,0.9,485.3296862792969,39.35403296133339,41043.495753380426,1.0414299269905314,0.004872879279137123
Standard_GA,sphere,50,128,200,0.8,0.8,0.6,1.0,485.3296862792969,39.35403296133339,41000.299728315054,1.0542110060050618,0.004878013120032847
Standard_GA,sphere,50,128,200,0.8,0.8,0.7,0.5,485.3296862792969,39.35403296133339,40725.62060664363,1.2126814099901821,0.004910913499188609
Standard_GA,sphere,50,128,200,0.8,0.8,0.7,0.7,485.3296862792969,39.35403296133339,40854.239175000585,1.085850155010121,0.004895452810742427
Standard_GA,sphere,50,128,200,0.8,0.8,0.7,0.8,485.3296862792969,39.35403296133339,40823.33506180781,1.1079721119895112,0.004899158770276699
Standard_GA,sphere,50,128,200,0.8,0.8,0.7,0.9,485.3296862792969,39.35403296133339,40830.0190850344,1.1844688860001042,0.0048983567600953395
Standard_GA,sphere,50,128,200,0.8,0.8,0.7,1.0,485.3296862792969,39.35403296133339,40425.54344098741,1.1723555939970538,0.004947367010463495
Standard_GA,sphere,50,128,200,0.8,1.0,0.5,0.5,485.3296862792969,39.35403296133339,41329.16383366984,0.8556600910087582,0.004839197831461206
Standard_GA,sphere,50,128,200,0.8,1.0,0.5,0.7,485.3296862792969,39.35403296133339,41918.28105837507,0.8563967130030505,0.004771188010345213
Standard_GA,sphere,50,128,200,0.8,1.0,0.5,0.8,485.3296862792969,39.35403296133339,41848.20152351418,0.8461732019786723,0.0047791779029648755
Standard_GA,sphere,50,128,200,0.8,1.0,0.5,0.9,485.3296862792969,39.35403296133339,41783.087056719065,0.8461193640250713,0.004786625739943702
Standard_GA,sphere,50,128,200,0.8,1.0,0.5,1.0,485.3296862792969,39.35403296133339,41760.669423397114,0.8517339910031296,0.004789195258636028
Standard_GA,sphere,50,128,200,0.8,1.0,0.2,0.5,485.3296862792969,39.35403296133339,41302.089341887986,1.0204217330028769,0.004842370039550587
Standard_GA,sphere,50,128,200,0.8,1.0,0.2,0.7,485.3296862792969,39.35403296133339,41222.6862214743,1.027843132003909,0.004851697410631459
Standard_GA,sphere,50,128,200,0.8,1.0,0.2,0.8,485.3296862792969,39.35403296133339,40911.07815451543,1.0059318389976397,0.0048886514123296365
Standard_GA,sphere,50,128,200,0.8,1.0,0.2,0.9,485.3296862792969,39.35403296133339,40799.89682890953,1.0143282790086232,0.0049019731799489815
Standard_GA,sphere,50,128,200,0.8,1.0,0.2,1.0,485.3296862792969,39.35403296133339,40890.232286107996,0.9971516210061964,0.004891143650165759
Standard_GA,sphere,50,128,200,0.8,1.0,0.4,0.5,485.3296862792969,39.35403296133339,40777.5799085963,1.0656417889986187,0.004904655951831955
Standard_GA,sphere,50,128,200,0.8,1.0,0.4,0.7,485.3296862792969,39.35403296133339,40563.75210386222,1.0809239690133836,0.0049305103602819145
Standard_GA,sphere,50,128,200,0.8,1.0,0.4,0.8,485.3296862792969,39.35403296133339,40634.22062744506,1.0675498689815868,0.004921959789353423
Standard_GA,sphere,50,128,200,0.8,1.0,0.4,0.9,485.3296862792969,39.35403296133339,40906.22605562359,1.041469109011814,0.004889231280540116
Standard_GA,sphere,50,128,200,0.8,1.0,0.4,1.0,485.3296862792969,39.35403296133339,41439.1714925689,1.2020032900036313,0.004826351319206878
Standard_GA,sphere,50,128,200,0.8,1.0,0.3,0.5,485.3296862792969,39.35403296133339,41236.77883409488,1.0167318599997088,0.0048500393496942705
Standard_GA,sphere,50,128,200,0.8,1.0,0.3,0.7,485.3296862792969,39.35403296133339,41230.16937250296,1.0158299060130958,0.004850816842226777
Standard_GA,sphere,50,128,200,0.8,1.0,0.3,0.8,485.3296862792969,39.35403296133339,41252.95760445111,0.988881153985858,0.004848137239459902
Standard_GA,sphere,50,128,200,0.8,1.0,0.3,0.9,485.3296862792969,39.35403296133339,41124.51379933224,1.03215205098968,0.00486327938066097
Standard_GA,sphere,50,128,200,0.8,1.0,0.3,1.0,485.3296862792969,39.35403296133339,41423.502600031126,1.007030486012809,0.0048281769393361176
Standard_GA,sphere,50,128,200,0.8,1.0,0.6,0.5,485.3296862792969,39.35403296133339,41246.854879358485,0.9984337099886034,0.00484885455109179
Standard_GA,sphere,50,128,200,0.8,1.0,0.6,0.7,485.3296862792969,39.35403296133339,41232.712228147466,1.028175941988593,0.004850517688319087
Standard_GA,sphere,50,128,200,0.8,1.0,0.6,0.8,485.3296862792969,39.35403296133339,41370.915209957915,1.0428499339905102,0.0048343141307123005
Standard_GA,sphere,50,128,200,0.8,1.0,0.6,0.9,485.3296862792969,39.35403296133339,41374.71444256045,1.01839648099849,0.004833870219881646
Standard_GA,sphere,50,128,200,0.8,1.0,0.6,1.0,485.3296862792969,39.35403296133339,41825.44659790849,1.0331329600012396,0.004781777990865521
Standard_GA,sphere,50,128,200,0.8,1.0,0.7,0.5,485.3296862792969,39.35403296133339,41505.39400069051,1.2834381840075366,0.004818650799861644
Standard_GA,sphere,50,128,200,0.8,1.0,0.7,0.7,485.3296862792969,39.35403296133339,40995.06670952803,1.0817096759856213,0.004878635798231699
Standard_GA,sphere,50,128,200,0.8,1.0,0.7,0.8,485.3296862792969,39.35403296133339,41298.93663696691,1.0816160649992526,0.004842739699524827
Standard_GA,sphere,50,128,200,0.8,1.0,0.7,0.9,485.3296862792969,39.35403296133339,40480.44213117966,1.0723757910018321,0.004940657499537338
Standard_GA,sphere,50,128,200,0.8,1.0,0.7,1.0,485.3296862792969,39.35403296133339,40494.63851605955,1.0693643059930764,0.004938925431342795
Standard_GA,sphere,50,128,200,0.9,0.5,0.5,0.5,485.3296862792969,39.35403296133339,41164.81219300172,0.8602586550114211,0.004858518461405765
Standard_GA,sphere,50,128,200,0.9,0.5,0.5,0.7,485.3296862792969,39.35403296133339,41944.446385715724,0.8371721029980108,0.004768211699847598
Standard_GA,sphere,50,128,200,0.9,0.5,0.5,0.8,485.3296862792969,39.35403296133339,42222.45375715388,0.8459828399936669,0.004736816129880026
Standard_GA,sphere,50,128,200,0.9,0.5,0.5,0.9,485.3296862792969,39.35403296133339,42336.63939008224,0.8376804220024496,0.004724040520959534
Standard_GA,sphere,50,128,200,0.9,0.5,0.5,1.0,485.3296862792969,39.35403296133339,42533.50336202711,0.8529733559989836,0.004702175560232717
Standard_GA,sphere,50,128,200,0.9,0.5,0.2,0.5,485.3296862792969,39.35403296133339,41058.826311820034,0.9908462300081737,0.004871059841825627
Standard_GA,sphere,50,128,200,0.9,0.5,0.2,0.7,485.3296862792969,39.35403296133339,41217.69467947833,1.0187960629991721,0.004852284960506949
Standard_GA,sphere,50,128,200,0.9,0.5,0.2,0.8,485.3296862792969,39.35403296133339,41209.85855922724,1.0080311939818785,0.004853207630221732
Standard_GA,sphere,50,128,200,0.9,0.5,0.2,0.9,485.3296862792969,39.35403296133339,41045.23647875816,1.0459491169895045,0.0048726726206950845
Standard_GA,sphere,50,128,200,0.9,0.5,0.2,1.0,485.3296862792969,39.35403296133339,41172.23276025949,1.0186186210194137,0.004857642799324821
Standard_GA,sphere,50,128,200,0.9,0.5,0.4,0.5,485.3296862792969,39.35403296133339,41007.006185269,1.0671198400086723,0.00487721534940647
Standard_GA,sphere,50,128,200,0.9,0.5,0.4,0.7,485.3296862792969,39.35403296133339,40860.32342180586,1.0326458920026198,0.0048947238604887386
Standard_GA,sphere,50,128,200,0.9,0.5,0.4,0.8,485.3296862792969,39.35403296133339,40510.42175776944,1.0140789599972777,0.004937001179496292
Standard_GA,sphere,50,128,200,0.9,0.5,0.4,0.9,485.3296862792969,39.35403296133339,40769.28168531086,1.0822211450140458,0.004905654250760563
Standard_GA,sphere,50,128,200,0.9,0.5,0.4,1.0,485.3296862792969,39.35403296133339,40162.88667573828,1.0590611590014305,0.004979721741983667
Standard_GA,sphere,50,128,200,0.9,0.5,0.3,0.5,485.3296862792969,39.35403296133339,39829.80848958744,1.031155797012616,0.005021364841668401
Standard_GA,sphere,50,128,200,0.9,0.5,0.3,0.7,485.3296862792969,39.35403296133339,40424.44444647837,1.0208088119979948,0.004947501511487644
Standard_GA,sphere,50,128,200,0.9,0.5,0.3,0.8,485.3296862792969,39.35403296133339,40304.17641297024,1.037626203004038,0.004962264901550952
Standard_GA,sphere,50,128,200,0.9,0.5,0.3,0.9,485.3296862792969,39.35403296133339,39984.88507700969,1.022608819999732,0.005001890079583972
Standard_GA,sphere,50,128,200,0.9,0.5,0.3,1.0,485.3296862792969,39.35403296133339,40389.3933375986,1.002901642001234,0.004951795099477749
Standard_GA,sphere,50,128,200,0.9,0.5,0.6,0.5,485.3296862792969,39.35403296133339,40929.318670644985,1.0471536370168906,0.004886472741200123
Standard_GA,sphere,50,128,200,0.9,0.5,0.6,0.7,485.3296862792969,39.35403296133339,40897.77044701271,1.0289081590017304,0.00489024212845834
Standard_GA,sphere,50,128,200,0.9,0.5,0.6,0.8,485.3296862792969,39.35403296133339,40259.89371429689,1.0394379049830604,0.0049677230004454035
Standard_GA,sphere,50,128,200,0.9,0.5,0.6,0.9,485.3296862792969,39.35403296133339,40290.52084948319,1.0444485720072407,0.004963946749339812
Standard_GA,sphere,50,128,200,0.9,0.5,0.6,1.0,485.3296862792969,39.35403296133339,40304.98507691755,1.0393701430002693,0.004962165340548381
Standard_GA,sphere,50,128,200,0.9,0.5,0.7,0.5,485.3296862792969,39.35403296133339,39869.2513406474,1.0967930910119321,0.0050163971801521256
Standard_GA,sphere,50,128,200,0.9,0.5,0.7,0.7,485.3296862792969,39.35403296133339,40119.86040613297,1.0912122369918507,0.00498506221047137
Standard_GA,sphere,50,128,200,0.9,0.5,0.7,0.8,485.3296862792969,39.35403296133339,41000.69559784854,1.0980818230018485,0.0048779660218860954
Standard_GA,sphere,50,128,200,0.9,0.5,0.7,0.9,485.3296862792969,39.35403296133339,40886.7044036865,1.1075582900084555,0.004891565679281484
Standard_GA,sphere,50,128,200,0.9,0.5,0.7,1.0,485.3296862792969,39.35403296133339,41110.425388208445,1.1111022099794354,0.004864946010929998
Standard_GA,sphere,50,128,200,0.9,0.8,0.5,0.5,485.3296862792969,39.35403296133339,41279.153112310705,0.824821329995757,0.004845060640072916
Standard_GA,sphere,50,128,200,0.9,0.8,0.5,0.7,485.3296862792969,39.35403296133339,41517.41665682501,0.8524145040137228,0.004817255410016514
Standard_GA,sphere,50,128,200,0.9,0.8,0.5,0.8,485.3296862792969,39.35403296133339,41513.25596954535,0.8433956610097084,0.004817738221900072
Standard_GA,sphere,50,128,200,0.9,0.8,0.5,0.9,485.3296862792969,39.35403296133339,41535.81077039904,0.8696333940024488,0.004815122090803925
Standard_GA,sphere,50,128,200,0.9,0.8,0.5,1.0,485.3296862792969,39.35403296133339,41578.3245147853,0.8350342379999347,0.004810198639170267
Standard_GA,sphere,50,128,200,0.9,0.8,0.2,0.5,485.3296862792969,39.35403296133339,40665.29877454135,1.013650303997565,0.00491819821880199
Standard_GA,sphere,50,128,200,0.9,0.8,0.2,0.7,485.3296862792969,39.35403296133339,41597.33967984903,1.0046374629891943,0.004807999779295642
Standard_GA,sphere,50,128,200,0.9,0.8,0.2,0.8,485.3296862792969,39.35403296133339,40967.779560792806,1.00073800701648,0.004881885280192364
Standard_GA,sphere,50,128,200,0.9,0.8,0.2,0.9,485.3296862792969,39.35403296133339,40528.69644525169,1.0187983509968035,0.004934775049332529
Standard_GA,sphere,50,128,200,0.9,0.8,0.2,1.0,485.3296862792969,39.35403296133339,40418.265673837726,1.0339458649978042,0.004948257840005681
Standard_GA,sphere,50,128,200,0.9,0.8,0.4,0.5,485.3296862792969,39.35403296133339,40588.314483069735,1.0024282409867737,0.004927526618121192
Standard_GA,sphere,50,128,200,0.9,0.8,0.4,0.7,485.3296862792969,39.35403296133339,40306.261324700965,1.0658116199774668,0.004962008219736163
Standard_GA,sphere,50,128,200,0.9,0.8,0.4,0.8,485.3296862792969,39.35403296133339,40934.8148603883,1.0527660160150845,0.004885816649766639
Standard_GA,sphere,50,128,200,0.9,0.8,0.4,0.9,485.3296862792969,39.35403296133339,40755.57668694262,1.0726232640154194,0.004907303889631294
Standard_GA,sphere,50,128,200,0.9,0.8,0.4,1.0,485.3296862792969,39.35403296133339,40174.28051984281,1.1147207249887288,0.004978309441066813
Standard_GA,sphere,50,128,200,0.9,0.8,0.3,0.5,485.3296862792969,39.35403296133339,40288.77202627147,1.0205359660030808,0.004964162220421713
Standard_GA,sphere,50,128,200,0.9,0.8,0.3,0.7,485.3296862792969,39.35403296133339,40685.62792245308,1.0291373030049726,0.004915740771684796
Standard_GA,sphere,50,128,200,0.9,0.8,0.3,0.8,485.3296862792969,39.35403296133339,40343.38921141994,1.0366674629913177,0.00495744170009857
Standard_GA,sphere,50,128,200,0.9,0.8,0.3,0.9,485.3296862792969,39.35403296133339,41765.54580869701,1.0271300979948137,0.0047886360905249606
Standard_GA,sphere,50,128,200,0.9,0.8,0.3,1.0,485.3296862792969,39.35403296133339,40716.31081874518,1.0251327769947238,0.00491203637997387
Standard_GA,sphere,50,128,200,0.9,0.8,0.6,0.5,485.3296862792969,39.35403296133339,40467.837729011626,1.0421660570136737,0.00494219635205809
Standard_GA,sphere,50,128,200,0.9,0.8,0.6,0.7,485.3296862792969,39.35403296133339,40797.50079997194,0.9869037299940828,0.004902261071838439
Standard_GA,sphere,50,128,200,0.9,0.8,0.6,0.8,485.3296862792969,39.35403296133339,40650.30461507838,1.0234540670062415,0.004920012331858743
Standard_GA,sphere,50,128,200,0.9,0.8,0.6,0.9,485.3296862792969,39.35403296133339,40536.72422262894,1.0388222519832198,0.004933797780540772
Standard_GA,sphere,50,128,200,0.9,0.8,0.6,1.0,485.3296862792969,39.35403296133339,40698.99504316194,1.0147481670137495,0.004914126252697315
Standard_GA,sphere,50,128,200,0.9,0.8,0.7,0.5,485.3296862792969,39.35403296133339,41269.8911183498,1.1063920680026058,0.0048461479926481844
Standard_GA,sphere,50,128,200,0.9,0.8,0.7,0.7,485.3296862792969,39.35403296133339,40330.75632349895,1.0930012419994455,0.004958994530024938
Standard_GA,sphere,50,128,200,0.9,0.8,0.7,0.8,485.3296862792969,39.35403296133339,41234.48623432569,1.0888079580035992,0.0048503090074518695
Standard_GA,sphere,50,128,200,0.9,0.8,0.7,0.9,485.3296862792969,39.35403296133339,40815.10874757422,1.126217857003212,0.004900146199215669
Standard_GA,sphere,50,128,200,0.9,0.8,0.7,1.0,485.3296862792969,39.35403296133339,41021.95916111701,1.083521511987783,0.004875437548325863
Standard_GA,sphere,50,128,200,0.9,1.0,0.5,0.5,485.3296862792969,39.35403296133339,42013.80405737081,0.8537758569873404,0.0047603401902597394
Standard_GA,sphere,50,128,200,0.9,1.0,0.5,0.7,485.3296862792969,39.35403296133339,42164.17138135077,0.8503937770146877,0.0047433637006906795
Standard_GA,sphere,50,128,200,0.9,1.0,0.5,0.8,485.3296862792969,39.35403296133339,41718.4739818656,0.8613643040007446,0.004794039208791219
Standard_GA,sphere,50,128,200,0.9,1.0,0.5,0.9,485.3296862792969,39.35403296133339,41836.824532497674,0.8798468679888174,0.004780477539461572
Standard_GA,sphere,50,128,200,0.9,1.0,0.5,1.0,485.3296862792969,39.35403296133339,42042.40108977968,0.8609787570021581,0.004757102230505552
Standard_GA,sphere,50,128,200,0.9,1.0,0.2,0.5,485.3296862792969,39.35403296133339,41083.22942976983,1.0063127830217127,0.004868166470259894
Standard_GA,sphere,50,128,200,0.9,1.0,0.2,0.7,485.3296862792969,39.35403296133339,41193.663183196244,1.0203050120035186,0.004855115679092705
Standard_GA,sphere,50,128,200,0.9,1.0,0.2,0.8,485.3296862792969,39.35403296133339,40859.02011324381,1.0109542949940078,0.0048948799908976074
Standard_GA,sphere,50,128,200,0.9,1.0,0.2,0.9,485.3296862792969,39.35403296133339,41312.603438330654,0.9967559869983234,0.004841137651819736
Standard_GA,sphere,50,128,200,0.9,1.0,0.2,1.0,485.3296862792969,39.35403296133339,41285.42219922121,1.0416577529977076,0.004844324929872528
Standard_GA,sphere,50,128,200,0.9,1.0,0.4,0.5,485.3296862792969,39.35403296133339,40868.18133565252,1.0458706530043855,0.004893782729341183
Standard_GA,sphere,50,128,200,0.9,1.0,0.4,0.7,485.3296862792969,39.35403296133339,40960.56858455283,1.0486065419972874,0.004882744720380288
Standard_GA,sphere,50,128,200,0.9,1.0,0.4,0.8,485.3296862792969,39.35403296133339,40919.15101331766,1.298219523014268,0.004887686939910054
Standard_GA,sphere,50,128,200,0.9,1.0,0.4,0.9,485.3296862792969,39.35403296133339,40924.272906239115,1.0701659960031975,0.004887075219594408
Standard_GA,sphere,50,128,200,0.9,1.0,0.4,1.0,485.3296862792969,39.35403296133339,40880.682903030334,1.0160820730088744,0.0048922861801111136
Standard_GA,sphere,50,128,200,0.9,1.0,0.3,0.5,485.3296862792969,39.35403296133339,40094.926981757686,1.016867230006028,0.004988162220397499
Standard_GA,sphere,50,128,200,0.9,1.0,0.3,0.7,485.3296862792969,39.35403296133339,39937.82360213046,1.1220581519883126,0.005007784149493091
Standard_GA,sphere,50,128,200,0.9,1.0,0.3,0.8,485.3296862792969,39.35403296133339,40161.578634261794,1.0503603830002248,0.004979883928899653
Standard_GA,sphere,50,128,200,0.9,1.0,0.3,0.9,485.3296862792969,39.35403296133339,40496.32532337903,1.0311728320084512,0.004938719708588906
Standard_GA,sphere,50,128,200,0.9,1.0,0.3,1.0,485.3296862792969,39.35403296133339,41000.86675114064,1.0573119159962516,0.004877945659391116
Standard_GA,sphere,50,128,200,0.9,1.0,0.6,0.5,485.3296862792969,39.35403296133339,40604.28145061125,1.0639654049882665,0.004925588949117809
Standard_GA,sphere,50,128,200,0.9,1.0,0.6,0.7,485.3296862792969,39.35403296133339,41088.66876973731,1.0165903739980422,0.0048675220197765155
Standard_GA,sphere,50,128,200,0.9,1.0,0.6,0.8,485.3296862792969,39.35403296133339,41022.55798421471,1.0242400729912333,0.004875366379565094
Standard_GA,sphere,50,128,200,0.9,1.0,0.6,0.9,485.3296862792969,39.35403296133339,40834.11904453337,1.052509643981466,0.004897864939412102
Standard_GA,sphere,50,128,200,0.9,1.0,0.6,1.0,485.3296862792969,39.35403296133339,41279.70349921257,1.045288191002328,0.004844996040337719
Standard_GA,sphere,50,128,200,0.9,1.0,0.7,0.5,485.3296862792969,39.35403296133339,41327.12582900461,1.127714048983762,0.004839436471520457
Standard_GA,sphere,50,128,200,0.9,1.0,0.7,0.7,485.3296862792969,39.35403296133339,40360.18169786124,1.1180718149989843,0.004955379078746773
Standard_GA,sphere,50,128,200,0.9,1.0,0.7,0.8,485.3296862792969,39.35403296133339,40970.097329856995,1.0983380149991717,0.004881609101139475
Standard_GA,sphere,50,128,200,0.9,1.0,0.7,0.9,485.3296862792969,39.35403296133339,40608.77508235168,1.085869479982648,0.004925043899856973
Standard_GA,sphere,50,128,200,0.9,1.0,0.7,1.0,485.3296862792969,39.35403296133339,41625.65187642966,1.118036433996167,0.004804729559400585
Standard_GA,sphere,50,128,200,1.0,0.5,0.5,0.5,485.3296862792969,39.35403296133339,41920.90377473673,0.8503909680002835,0.004770889508363325
Standard_GA,sphere,50,128,200,1.0,0.5,0.5,0.7,485.3296862792969,39.35403296133339,41547.43824114036,0.8448192439973354,0.004813774530193768
Standard_GA,sphere,50,128,200,1.0,0.5,0.5,0.8,485.3296862792969,39.35403296133339,41660.0259598693,0.8592539299861528,0.00480076513136737
Standard_GA,sphere,50,128,200,1.0,0.5,0.5,0.9,485.3296862792969,39.35403296133339,41543.11294840906,0.8281266810081434,0.004814275719982106
Standard_GA,sphere,50,128,200,1.0,0.5,0.5,1.0,485.3296862792969,39.35403296133339,41599.834016270106,0.8509697590197902,0.004807711490429938
Standard_GA,sphere,50,128,200,1.0,0.5,0.2,0.5,485.3296862792969,39.35403296133339,40594.36169061537,1.0343007920018863,0.004926792580808978
Standard_GA,sphere,50,128,200,1.0,0.5,0.2,0.7,485.3296862792969,39.35403296133339,40098.043953338645,1.0326151799818035,0.004987774471810553
Standard_GA,sphere,50,128,200,1.0,0.5,0.2,0.8,485.3296862792969,39.35403296133339,40380.15931915031,1.0324165030033328,0.004952927461708896
Standard_GA,sphere,50,128,200,1.0,0.5,0.2,0.9,485.3296862792969,39.35403296133339,40952.23336015953,1.0004475899913814,0.0048837385312072
Standard_GA,sphere,50,128,200,1.0,0.5,0.2,1.0,485.3296862792969,39.35403296133339,40993.67604111595,0.9780652560002636,0.004878801300947089
Standard_GA,sphere,50,128,200,1.0,0.5,0.4,0.5,485.3296862792969,39.35403296133339,40612.76243239354,0.9999954499944579,0.0049245603603776545
Standard_GA,sphere,50,128,200,1.0,0.5,0.4,0.7,485.3296862792969,39.35403296133339,40803.390436813905,1.0338043269875925,0.004901553470408544
Standard_GA,sphere,50,128,200,1.0,0.5,0.4,0.8,485.3296862792969,39.35403296133339,40675.61713477756,1.0514695039892104,0.0049169505981262775
Standard_GA,sphere,50,128,200,1.0,0.5,0.4,0.9,485.3296862792969,39.35403296133339,40704.775490337466,1.0793897719995584,0.004913428402214776
Standard_GA,sphere,50,128,200,1.0,0.5,0.4,1.0,485.3296862792969,39.35403296133339,40820.49920353574,1.1136152739927638,0.004899499121820554
Standard_GA,sphere,50,128,200,1.0,0.5,0.3,0.5,485.3296862792969,39.35403296133339,40804.85720458999,1.0211234129965305,0.004901377279602457
Standard_GA,sphere,50,128,200,1.0,0.5,0.3,0.7,485.3296862792969,39.35403296133339,40212.02239082376,1.049146381992614,0.004973636940121651
Standard_GA,sphere,50,128,200,1.0,0.5,0.3,0.8,485.3296862792969,39.35403296133339,40103.003846416585,1.0097276180167682,0.004987157589639537
Standard_GA,sphere,50,128,200,1.0,0.5,0.3,0.9,485.3296862792969,39.35403296133339,40388.756177934134,1.38934754600632,0.004951873217360117
Standard_GA,sphere,50,128,200,1.0,0.5,0.3,1.0,485.3296862792969,39.35403296133339,40413.18407515245,1.0316531260032207,0.004948880039446522
Standard_GA,sphere,50,128,200,1.0,0.5,0.6,0.5,485.3296862792969,39.35403296133339,40190.06509818871,1.0212629699963145,0.004976354218670167
Standard_GA,sphere,50,128,200,1.0,0.5,0.6,0.7,485.3296862792969,39.35403296133339,40544.28667532234,1.0524831330112647,0.004932877512474078
Standard_GA,sphere,50,128,200,1.0,0.5,0.6,0.8,485.3296862792969,39.35403296133339,40428.170290940056,1.0283394689904526,0.004947045551671181
Standard_GA,sphere,50,128,200,1.0,0.5,0.6,0.9,485.3296862792969,39.35403296133339,40927.01113384953,1.0501325599907432,0.004886748249118682
Standard_GA,sphere,50,128,200,1.0,0.5,0.6,1.0,485.3296862792969,39.35403296133339,40604.50056939884,1.0105127840070054,0.004925562368589454
Standard_GA,sphere,50,128,200,1.0,0.5,0.7,0.5,485.3296862792969,39.35403296133339,41366.40772558807,1.1143937630113214,0.00483484090102138
Standard_GA,sphere,50,128,200,1.0,0.5,0.7,0.7,485.3296862792969,39.35403296133339,41781.149869158864,1.1013932859932538,0.004786847672367003
Standard_GA,sphere,50,128,200,1.0,0.5,0.7,0.8,485.3296862792969,39.35403296133339,41015.38801732421,1.1006259710120503,0.004876218650315423
Standard_GA,sphere,50,128,200,1.0,0.5,0.7,0.9,485.3296862792969,39.35403296133339,40482.300945998504,1.0979354710143525,0.004940430640708655
Standard_GA,sphere,50,128,200,1.0,0.5,0.7,1.0,485.3296862792969,39.35403296133339,41506.715604154415,1.0833402040007059,0.00481849737057928
Standard_GA,sphere,50,128,200,1.0,0.8,0.5,0.5,485.3296862792969,39.35403296133339,42008.60701023275,0.8568886079883669,0.004760929110343568
Standard_GA,sphere,50,128,200,1.0,0.8,0.5,0.7,485.3296862792969,39.35403296133339,42220.34773810196,0.8417756150010973,0.0047370524099096655
Standard_GA,sphere,50,128,200,1.0,0.8,0.5,0.8,485.3296862792969,39.35403296133339,41341.30568864573,0.8515927330008708,0.0048377765691839155
Standard_GA,sphere,50,128,200,1.0,0.8,0.5,0.9,485.3296862792969,39.35403296133339,40871.8768173537,0.8293966730125248,0.004893340251874179
Standard_GA,sphere,50,128,200,1.0,0.8,0.5,1.0,485.3296862792969,39.35403296133339,41716.67922333906,0.8392777949920855,0.004794245460652746
Standard_GA,sphere,50,128,200,1.0,0.8,0.2,0.5,485.3296862792969,39.35403296133339,40767.14677995176,0.9900459579948802,0.004905911151436158
Standard_GA,sphere,50,128,200,1.0,0.8,0.2,0.7,485.3296862792969,39.35403296133339,41068.159920857615,1.0103902370028663,0.004869952790322714
Standard_GA,sphere,50,128,200,1.0,0.8,0.2,0.8,485.3296862792969,39.35403296133339,41407.49303225365,1.3447556930186693,0.0048300436793942934
Standard_GA,sphere,50,128,200,1.0,0.8,0.2,0.9,485.3296862792969,39.35403296133339,41272.033436209684,1.016141431988217,0.00484589644242078
Standard_GA,sphere,50,128,200,1.0,0.8,0.2,1.0,485.3296862792969,39.35403296133339,41266.943435226465,1.0139647510077339,0.00484649415127933
Standard_GA,sphere,50,128,200,1.0,0.8,0.4,0.5,485.3296862792969,39.35403296133339,41676.447251863865,1.0361852920032106,0.004798873541003559
Standard_GA,sphere,50,128,200,1.0,0.8,0.4,0.7,485.3296862792969,39.35403296133339,41274.88954741489,0.999563126009889,0.004845561119436752
Standard_GA,sphere,50,128,200,1.0,0.8,0.4,0.8,485.3296862792969,39.35403296133339,40685.16073707864,1.0104608930123504,0.004915797218855005
Standard_GA,sphere,50,128,200,1.0,0.8,0.4,0.9,485.3296862792969,39.35403296133339,40600.737191461485,1.0460422390024178,0.004926018930564169
Standard_GA,sphere,50,128,200,1.0,0.8,0.4,1.0,485.3296862792969,39.35403296133339,40829.71356737883,1.0237971110036597,0.004898393413168378
Standard_GA,sphere,50,128,200,1.0,0.8,0.3,0.5,485.3296862792969,39.35403296133339,41777.08330826747,1.0159915430122055,0.004787313621782232
Standard_GA,sphere,50,128,200,1.0,0.8,0.3,0.7,485.3296862792969,39.35403296133339,41809.23143549161,1.038165117992321,0.004783632540784311
Standard_GA,sphere,50,128,200,1.0,0.8,0.3,0.8,485.3296862792969,39.35403296133339,41732.258221633696,1.0243864250078332,0.0047924557290389205
Standard_GA,sphere,50,128,200,1.0,0.8,0.3,0.9,485.3296862792969,39.35403296133339,41598.42334092134,1.0060416040068958,0.004807874528341927
Standard_GA,sphere,50,128,200,1.0,0.8,0.3,1.0,485.3296862792969,39.35403296133339,41888.274228691196,1.0448438889870886,0.004774605869606603
Standard_GA,sphere,50,128,200,1.0,0.8,0.6,0.5,485.3296862792969,39.35403296133339,41607.82826104186,1.0661648219975177,0.0048067877694847995
Standard_GA,sphere,50,128,200,1.0,0.8,0.6,0.7,485.3296862792969,39.35403296133339,41551.86915923494,1.0231747629877646,0.0048132612093468195
Standard_GA,sphere,50,128,200,1.0,0.8,0.6,0.8,485.3296862792969,39.35403296133339,40539.25609912424,1.0030245620000642,0.0049334896405343895
Standard_GA,sphere,50,128,200,1.0,0.8,0.6,0.9,485.3296862792969,39.35403296133339,41595.95441213784,1.0141842199955136,0.004808159899839666
Standard_GA,sphere,50,128,200,1.0,0.8,0.6,1.0,485.3296862792969,39.35403296133339,41342.76702501841,1.003810437017819,0.004837605569045991
Standard_GA,sphere,50,128,200,1.0,0.8,0.7,0.5,485.3296862792969,39.35403296133339,41468.25078379467,1.116396747995168,0.0048229668775456955
Standard_GA,sphere,50,128,200,1.0,0.8,0.7,0.7,485.3296862792969,39.35403296133339,41371.67481086558,1.0887044810224324,0.004834225370723288
Standard_GA,sphere,50,128,200,1.0,0.8,0.7,0.8,485.3296862792969,39.35403296133339,41597.93734219322,1.072882059001131,0.004807930699898861
Standard_GA,sphere,50,128,200,1.0,0.8,0.7,0.9,485.3296862792969,39.35403296133339,40845.1150895057,1.100635094975587,0.004896546369418502
Standard_GA,sphere,50,128,200,1.0,0.8,0.7,1.0,485.3296862792969,39.35403296133339,41202.316293024865,1.1014593130094,0.004854096031340305
Standard_GA,sphere,50,128,200,1.0,1.0,0.5,0.5,485.3296862792969,39.35403296133339,42221.02395356887,0.8462077430158388,0.004736976540880278
Standard_GA,sphere,50,128,200,1.0,1.0,0.5,0.7,485.3296862792969,39.35403296133339,41859.28687904482,0.8494529649906326,0.004777912260615267
Standard_GA,sphere,50,128,200,1.0,1.0,0.5,0.8,485.3296862792969,39.35403296133339,41580.02618791102,0.8574123250145931,0.004810001780570019
Standard_GA,sphere,50,128,200,1.0,1.0,0.5,0.9,485.3296862792969,39.35403296133339,42284.30718975076,0.847836834989721,0.004729887121065986
Standard_GA,sphere,50,128,200,1.0,1.0,0.5,1.0,485.3296862792969,39.35403296133339,41782.071903060285,0.8691721610084642,0.004786742037686054
Standard_GA,sphere,50,128,200,1.0,1.0,0.2,0.5,485.3296862792969,39.35403296133339,40809.61019387984,1.0154202680278104,0.004900806428922806
Standard_GA,sphere,50,128,200,1.0,1.0,0.2,0.7,485.3296862792969,39.35403296133339,40977.22511181042,1.0198900360264815,0.004880759969819337
Standard_GA,sphere,50,128,200,1.0,1.0,0.2,0.8,485.3296862792969,39.35403296133339,40933.88338166339,1.0351404380053282,0.004885927829891443
Standard_GA,sphere,50,128,200,1.0,1.0,0.2,0.9,485.3296862792969,39.35403296133339,41172.68163130418,1.0247117380204145,0.004857589840539731
Standard_GA,sphere,50,128,200,1.0,1.0,0.2,1.0,485.3296862792969,39.35403296133339,40963.65464734511,1.022646531026112,0.004882376870955341
Standard_GA,sphere,50,128,200,1.0,1.0,0.4,0.5,485.3296862792969,39.35403296133339,40090.75496848854,1.0485195649962407,0.004988681309623644
Standard_GA,sphere,50,128,200,1.0,1.0,0.4,0.7,485.3296862792969,39.35403296133339,40861.83593343178,1.052850958018098,0.004894542680995073
Standard_GA,sphere,50,128,200,1.0,1.0,0.4,0.8,485.3296862792969,39.35403296133339,40739.05941841073,1.0013156479981262,0.004909293509845156
Standard_GA,sphere,50,128,200,1.0,1.0,0.4,0.9,485.3296862792969,39.35403296133339,41016.90176805345,1.0475896180141717,0.0048760386908543295
Standard_GA,sphere,50,128,200,1.0,1.0,0.4,1.0,485.3296862792969,39.35403296133339,39861.17547583401,1.0359081460046582,0.005017413501045667
Standard_GA,sphere,50,128,200,1.0,1.0,0.3,0.5,485.3296862792969,39.35403296133339,40994.164158129286,1.0208917479903903,0.00487874320911942
Standard_GA,sphere,50,128,200,1.0,1.0,0.3,0.7,485.3296862792969,39.35403296133339,41553.41526660344,1.0218775199900847,0.004813082118926104
Standard_GA,sphere,50,128,200,1.0,1.0,0.3,0.8,485.3296862792969,39.35403296133339,41876.31573181329,1.0205625010130461,0.004775969339825679
Standard_GA,sphere,50,128,200,1.0,1.0,0.3,0.9,485.3296862792969,39.35403296133339,41720.8775594729,1.0093124539998826,0.004793763019843027
Standard_GA,sphere,50,128,200,1.0,1.0,0.3,1.0,485.3296862792969,39.35403296133339,40819.22136657061,1.4070210659992881,0.004899652499589137
Standard_GA,sphere,50,128,200,1.0,1.0,0.6,0.5,485.3296862792969,39.35403296133339,41092.9160063845,1.043849704990862,0.0048670189277618195
Standard_GA,sphere,50,128,200,1.0,1.0,0.6,0.7,485.3296862792969,39.35403296133339,40961.6513019211,1.0335556700010784,0.004882615657406859
Standard_GA,sphere,50,128,200,1.0,1.0,0.6,0.8,485.3296862792969,39.35403296133339,40883.07675096873,1.0487258920038585,0.004891999719548039
Standard_GA,sphere,50,128,200,1.0,1.0,0.6,0.9,485.3296862792969,39.35403296133339,40824.50700394912,1.0356356260017492,0.0048990181309636685
Standard_GA,sphere,50,128,200,1.0,1.0,0.6,1.0,485.3296862792969,39.35403296133339,40420.65337144859,1.0349778730014805,0.004947965540341101
Standard_GA,sphere,50,128,200,1.0,1.0,0.7,0.5,485.3296862792969,39.35403296133339,40567.67491465786,1.1508325509785209,0.004930033590062522
Standard_GA,sphere,50,128,200,1.0,1.0,0.7,0.7,485.3296862792969,39.35403296133339,40348.4673702067,1.1043040380172897,0.004956817768688779
Standard_GA,sphere,50,128,200,1.0,1.0,0.7,0.8,485.3296862792969,39.35403296133339,40031.47539030385,1.1015120210067835,0.004996068669715897
Standard_GA,sphere,50,128,200,1.0,1.0,0.7,0.9,485.3296862792969,39.35403296133339,39999.099936566156,1.1056287170213182,0.005000112510460894
Standard_GA,sphere,50,128,200,1.0,1.0,0.7,1.0,485.3296862792969,39.35403296133339,40606.403432282335,1.1106321800034493,0.004925331551057752
Standard_GA,rosenbrock,50,128,200,0.8,0.5,0.5,0.5,1141292.204375,185125.43610923222,40440.204982565,0.8753872380184475,0.004945573349250481
Standard_GA,rosenbrock,50,128,200,0.8,0.5,0.5,0.7,1141292.204375,185125.43610923222,41353.59665378455,0.85869895099313,0.004836338702880312
Standard_GA,rosenbrock,50,128,200,0.8,0.5,0.5,0.8,1141292.204375,185125.43610923222,40773.907034825024,0.8644530420133378,0.004905097758455668
Standard_GA,rosenbrock,50,128,200,0.8,0.5,0.5,0.9,1141292.204375,185125.43610923222,40490.07715519018,0.8654302310023922,0.004939481820038054
Standard_GA,rosenbrock,50,128,200,0.8,0.5,0.5,1.0,1141292.204375,185125.43610923222,41264.354688712905,0.8694857700029388,0.00484679819928715
Standard_GA,rosenbrock,50,128,200,0.8,0.5,0.2,0.5,1141292.204375,185125.43610923222,39849.41132605285,1.0492335399903823,0.005018894717504736
Standard_GA,rosenbrock,50,128,200,0.8,0.5,0.2,0.7,1141292.204375,185125.43610923222,41016.34615791041,1.0579317629744764,0.004876104741997551
Standard_GA,rosenbrock,50,128,200,0.8,0.5,0.2,0.8,1141292.204375,185125.43610923222,41146.31965617671,1.0416082240117248,0.004860702042642515
Standard_GA,rosenbrock,50,128,200,0.8,0.5,0.2,0.9,1141292.204375,185125.43610923222,40388.65071575453,1.0393457530008163,0.004951886147609912
Standard_GA,rosenbrock,50,128,200,0.8,0.5,0.2,1.0,1141292.204375,185125.43610923222,40429.03323299726,1.0482528209977318,0.004946939958899748
Standard_GA,rosenbrock,50,128,200,0.8,0.5,0.4,0.5,1141292.204375,185125.43610923222,40011.06578029987,1.0168264609819744,0.004998617160017602
Standard_GA,rosenbrock,50,128,200,0.8,0.5,0.4,0.7,1141292.204375,185125.43610923222,40046.915199506984,1.0541256940050516,0.004994142470241059
Standard_GA,rosenbrock,50,128,200,0.8,0.5,0.4,0.8,1141292.204375,185125.43610923222,40697.31918406554,1.093585228023585,0.004914328609593213
Standard_GA,rosenbrock,50,128,200,0.8,0.5,0.4,0.9,1141292.204375,185125.43610923222,40884.058654789216,1.0730473340081517,0.0048918822294217535
Standard_GA,rosenbrock,50,128,200,0.8,0.5,0.4,1.0,1141292.204375,185125.43610923222,40229.958884231055,1.0902589450124651,0.004971419448265806
Standard_GA,rosenbrock,50,128,200,0.8,0.5,0.3,0.5,1141292.204375,185125.43610923222,40442.6371322228,1.0454512009746395,0.004945275931095239
Standard_GA,rosenbrock,50,128,200,0.8,0.5,0.3,0.7,1141292.204375,185125.43610923222,40359.58641684718,1.037191665993305,0.004955452167778276
Standard_GA,rosenbrock,50,128,200,0.8,0.5,0.3,0.8,1141292.204375,185125.43610923222,41446.96047002884,1.0480919879919384,0.004825444320449606
Standard_GA,rosenbrock,50,128,200,0.8,0.5,0.3,0.9,1141292.204375,185125.43610923222,40829.61491113235,1.0302768340043258,0.004898405249114148
Standard_GA,rosenbrock,50,128,200,0.8,0.5,0.3,1.0,1141292.204375,185125.43610923222,40713.04287985887,1.0221877089934424,0.004912430657423101
Standard_GA,rosenbrock,50,128,200,0.8,0.5,0.6,0.5,1141292.204375,185125.43610923222,40357.02193761514,1.0704913289810065,0.004955767061037477
Standard_GA,rosenbrock,50,128,200,0.8,0.5,0.6,0.7,1141292.204375,185125.43610923222,40382.90399981679,1.0763215799815953,0.0049525908290524966
Standard_GA,rosenbrock,50,128,200,0.8,0.5,0.6,0.8,1141292.204375,185125.43610923222,41163.137889688536,1.0532475659856573,0.004858716080780141
Standard_GA,rosenbrock,50,128,200,0.8,0.5,0.6,0.9,1141292.204375,185125.43610923222,40940.912819587575,1.0444789270113688,0.0048850889300229025
Standard_GA,rosenbrock,50,128,200,0.8,0.5,0.6,1.0,1141292.204375,185125.43610923222,40666.3209120538,1.036937222990673,0.00491807460115524
Standard_GA,rosenbrock,50,128,200,0.8,0.5,0.7,0.5,1141292.204375,185125.43610923222,40692.807162575824,1.1174517449981067,0.004914873510715552
Standard_GA,rosenbrock,50,128,200,0.8,0.5,0.7,0.7,1141292.204375,185125.43610923222,41305.35741711162,1.110639999009436,0.004841986911778804
Standard_GA,rosenbrock,50,128,200,0.8,0.5,0.7,0.8,1141292.204375,185125.43610923222,41061.61067087306,1.1170575349824503,0.004870729538670276
Standard_GA,rosenbrock,50,128,200,0.8,0.5,0.7,0.9,1141292.204375,185125.43610923222,41200.597868442565,1.1099757439806126,0.004854298489517532
Standard_GA,rosenbrock,50,128,200,0.8,0.5,0.7,1.0,1141292.204375,185125.43610923222,40240.23153776864,1.142627541004913,0.0049701503285905346
Standard_GA,rosenbrock,50,128,200,0.8,0.8,0.5,0.5,1141292.204375,185125.43610923222,41203.3176678106,0.8837678740092088,0.0048539780610008165
Standard_GA,rosenbrock,50,128,200,0.8,0.8,0.5,0.7,1141292.204375,185125.43610923222,41338.79866715542,0.8469544720137492,0.004838069959660061
Standard_GA,rosenbrock,50,128,200,0.8,0.8,0.5,0.8,1141292.204375,185125.43610923222,41057.989765082086,0.8792132700036746,0.004871159088506829
Standard_GA,rosenbrock,50,128,200,0.8,0.8,0.5,0.9,1141292.204375,185125.43610923222,41877.10259265416,0.8683716709783766,0.004775879600492772
Standard_GA,rosenbrock,50,128,200,0.8,0.8,0.5,1.0,1141292.204375,185125.43610923222,41327.53760874386,0.8785483630199451,0.004839388252294157
Standard_GA,rosenbrock,50,128,200,0.8,0.8,0.2,0.5,1141292.204375,185125.43610923222,40392.29538150989,1.4812030520115513,0.004951439330470748
Standard_GA,rosenbrock,50,128,200,0.8,0.8,0.2,0.7,1141292.204375,185125.43610923222,40782.588838878124,1.029384587018285,0.004904053560458124
Standard_GA,rosenbrock,50,128,200,0.8,0.8,0.2,0.8,1141292.204375,185125.43610923222,40622.82517045224,1.0303373469796497,0.004923340490495321
Standard_GA,rosenbrock,50,128,200,0.8,0.8,0.2,0.9,1141292.204375,185125.43610923222,40379.60762846605,1.0186327699921094,0.004952995131607168
Standard_GA,rosenbrock,50,128,200,0.8,0.8,0.2,1.0,1141292.204375,185125.43610923222,40333.04976451852,1.0167280829919036,0.004958712548832409
Standard_GA,rosenbrock,50,128,200,0.8,0.8,0.4,0.5,1141292.204375,185125.43610923222,40733.66545576054,1.12725795400911,0.004909943599777762
Standard_GA,rosenbrock,50,128,200,0.8,0.8,0.4,0.7,1141292.204375,185125.43610923222,41412.955808619714,1.0736759249994066,0.004829406549106352
Standard_GA,rosenbrock,50,128,200,0.8,0.8,0.4,0.8,1141292.204375,185125.43610923222,41716.709068196826,1.0666177259990945,0.004794242030766327
Standard_GA,rosenbrock,50,128,200,0.8,0.8,0.4,0.9,1141292.204375,185125.43610923222,41722.07592100098,1.0687521990039386,0.004793625331076328
Standard_GA,rosenbrock,50,128,200,0.8,0.8,0.4,1.0,1141292.204375,185125.43610923222,41030.654437335164,1.0541590740031097,0.004874404338479508
Standard_GA,rosenbrock,50,128,200,0.8,0.8,0.3,0.5,1141292.204375,185125.43610923222,41029.48837540144,1.0614530669990927,0.00487454286951106
Standard_GA,rosenbrock,50,128,200,0.8,0.8,0.3,0.7,1141292.204375,185125.43610923222,40949.57578593508,1.036539899010677,0.0048840554794878695
Standard_GA,rosenbrock,50,128,200,0.8,0.8,0.3,0.8,1141292.204375,185125.43610923222,41895.54225865675,1.0517608779773582,0.00477377757197246
Standard_GA,rosenbrock,50,128,200,0.8,0.8,0.3,0.9,1141292.204375,185125.43610923222,41072.30615686961,1.0550976539961994,0.004869461170164869
Standard_GA,rosenbrock,50,128,200,0.8,0.8,0.3,1.0,1141292.204375,185125.43610923222,42025.56746699984,0.9948458870057948,0.004759007719694636
Standard_GA,rosenbrock,50,128,200,0.8,0.8,0.6,0.5,1141292.204375,185125.43610923222,41313.876887079365,1.0463232139882166,0.004840988429787103
Standard_GA,rosenbrock,50,128,200,0.8,0.8,0.6,0.7,1141292.204375,185125.43610923222,40661.40274102643,1.0511772749887314,0.004918669463368133
Standard_GA,rosenbrock,50,128,200,0.8,0.8,0.6,0.8,1141292.204375,185125.43610923222,40125.70202451566,1.0819880090130027,0.004984336470370181
Standard_GA,rosenbrock,50,128,200,0.8,0.8,0.6,0.9,1141292.204375,185125.43610923222,40367.688687170536,1.0334192349982914,0.004954457550193183
Standard_GA,rosenbrock,50,128,200,0.8,0.8,0.6,1.0,1141292.204375,185125.43610923222,41230.76385042188,1.0607245879946277,0.004850746901647654
Standard_GA,rosenbrock,50,128,200,0.8,0.8,0.7,0.5,1141292.204375,185125.43610923222,40466.078511915395,1.100718062982196,0.004942411208467092
Standard_GA,rosenbrock,50,128,200,0.8,0.8,0.7,0.7,1141292.204375,185125.43610923222,40325.249182030806,1.111953114013886,0.0049596717703389
Standard_GA,rosenbrock,50,128,200,0.8,0.8,0.7,0.8,1141292.204375,185125.43610923222,40608.194961577916,1.087742042989703,0.004925114258076064
Standard_GA,rosenbrock,50,128,200,0.8,0.8,0.7,0.9,1141292.204375,185125.43610923222,41288.93212863707,1.10417021100875,0.004843913118820637
Standard_GA,rosenbrock,50,128,200,0.8,0.8,0.7,1.0,1141292.204375,185125.43610923222,41482.493568309525,1.1065826539997943,0.004821310938568786
Standard_GA,rosenbrock,50,128,200,0.8,1.0,0.5,0.5,1141292.204375,185125.43610923222,40793.48725511468,0.8994483860151377,0.004902743390121031
Standard_GA,rosenbrock,50,128,200,0.8,1.0,0.5,0.7,1141292.204375,185125.43610923222,40699.27657156654,0.8832307560078334,0.004914092260296456
Standard_GA,rosenbrock,50,128,200,0.8,1.0,0.5,0.8,1141292.204375,185125.43610923222,41467.190121187195,1.3525991550122853,0.004823090241116006
Standard_GA,rosenbrock,50,128,200,0.8,1.0,0.5,0.9,1141292.204375,185125.43610923222,41258.210050363385,0.8491423550003674,0.004847520039184019
Standard_GA,rosenbrock,50,128,200,0.8,1.0,0.5,1.0,1141292.204375,185125.43610923222,40998.77248985094,0.870043244009139,0.004878194830089342
Standard_GA,rosenbrock,50,128,200,0.8,1.0,0.2,0.5,1141292.204375,185125.43610923222,39917.819434794466,1.0080324540031143,0.005010293719242327
Standard_GA,rosenbrock,50,128,200,0.8,1.0,0.2,0.7,1141292.204375,185125.43610923222,40869.14889578622,1.0436710730136838,0.004893666871066671
Standard_GA,rosenbrock,50,128,200,0.8,1.0,0.2,0.8,1141292.204375,185125.43610923222,40372.95682219121,1.0504355120065156,0.004953811059240251
Standard_GA,rosenbrock,50,128,200,0.8,1.0,0.2,0.9,1141292.204375,185125.43610923222,40677.53807756715,1.073862507008016,0.004916718401655089
Standard_GA,rosenbrock,50,128,200,0.8,1.0,0.2,1.0,1141292.204375,185125.43610923222,40720.25513925212,1.1015058199991472,0.004911560581240338
Standard_GA,rosenbrock,50,128,200,0.8,1.0,0.4,0.5,1141292.204375,185125.43610923222,40612.09938654833,1.0884279499878176,0.004924640760291368
Standard_GA,rosenbrock,50,128,200,0.8,1.0,0.4,0.7,1141292.204375,185125.43610923222,41007.98034472536,1.097439770004712,0.0048770994893857274
Standard_GA,rosenbrock,50,128,200,0.8,1.0,0.4,0.8,1141292.204375,185125.43610923222,41622.40194348811,1.078579679975519,0.004805104719125665
Standard_GA,rosenbrock,50,128,200,0.8,1.0,0.4,0.9,1141292.204375,185125.43610923222,41791.49525342655,1.0534173689957242,0.004785662699723616
Standard_GA,rosenbrock,50,128,200,0.8,1.0,0.4,1.0,1141292.204375,185125.43610923222,41323.77044317336,1.0855575450113975,0.0048398294215439815
Standard_GA,rosenbrock,50,128,200,0.8,1.0,0.3,0.5,1141292.204375,185125.43610923222,40232.868889987076,1.0366573249921203,0.004971059870149475
Standard_GA,rosenbrock,50,128,200,0.8,1.0,0.3,0.7,1141292.204375,185125.43610923222,41107.005572634385,1.0506390790105797,0.004865350740437861
Standard_GA,rosenbrock,50,128,200,0.8,1.0,0.3,0.8,1141292.204375,185125.43610923222,41023.46607449003,1.0306386809970718,0.0048752584590693
Standard_GA,rosenbrock,50,128,200,0.8,1.0,0.3,0.9,1141292.204375,185125.43610923222,40747.0444066679,1.0507334219873883,0.004908331460901536
Standard_GA,rosenbrock,50,128,200,0.8,1.0,0.3,1.0,1141292.204375,185125.43610923222,40694.72306363258,1.0555303769942839,0.0049146421192563135
Standard_GA,rosenbrock,50,128,200,0.8,1.0,0.6,0.5,1141292.204375,185125.43610923222,40276.38324364197,1.0868797390139662,0.004965689168020617
Standard_GA,rosenbrock,50,128,200,0.8,1.0,0.6,0.7,1141292.204375,185125.43610923222,40136.92622968997,1.0628188390110154,0.004982942611386534
Standard_GA,rosenbrock,50,128,200,0.8,1.0,0.6,0.8,1141292.204375,185125.43610923222,39963.0743522074,1.0560504650056828,0.0050046199708594944
Standard_GA,rosenbrock,50,128,200,0.8,1.0,0.6,0.9,1141292.204375,185125.43610923222,40035.425996288956,1.0380008649954107,0.004995575668872334
Standard_GA,rosenbrock,50,128,200,0.8,1.0,0.6,1.0,1141292.204375,185125.43610923222,39983.20290063329,1.0653578699857462,0.0050021005194867026
Standard_GA,rosenbrock,50,128,200,0.8,1.0,0.7,0.5,1141292.204375,185125.43610923222,39834.43057121433,1.178114654001547,0.005020782201027032
Standard_GA,rosenbrock,50,128,200,0.8,1.0,0.7,0.7,1141292.204375,185125.43610923222,40290.624727347305,1.1523062649939675,0.0049639339512214066
Standard_GA,rosenbrock,50,128,200,0.8,1.0,0.7,0.8,1141292.204375,185125.43610923222,39628.0893533226,1.1511971190047916,0.0050469251297181475
Standard_GA,rosenbrock,50,128,200,0.8,1.0,0.7,0.9,1141292.204375,185125.43610923222,39697.982439799845,1.1465787470224313,0.005038039409264457
Standard_GA,rosenbrock,50,128,200,0.8,1.0,0.7,1.0,1141292.204375,185125.43610923222,40076.29268326758,1.1710850699746516,0.0049904815692570995
Standard_GA,rosenbrock,50,128,200,0.9,0.5,0.5,0.5,1141292.204375,185125.43610923222,40779.36102735355,0.9072686319996137,0.0049044417313416485
Standard_GA,rosenbrock,50,128,200,0.9,0.5,0.5,0.7,1141292.204375,185125.43610923222,41581.33265928028,0.886827791982796,0.004809850651945453
Standard_GA,rosenbrock,50,128,200,0.9,0.5,0.5,0.8,1141292.204375,185125.43610923222,41243.16031690416,0.8865352789871395,0.00484928891150048
Standard_GA,rosenbrock,50,128,200,0.9,0.5,0.5,0.9,1141292.204375,185125.43610923222,41118.282327983754,0.8678773400024511,0.004864016410137993
Standard_GA,rosenbrock,50,128,200,0.9,0.5,0.5,1.0,1141292.204375,185125.43610923222,41192.8392474161,0.872669706994202,0.004855212790716905
Standard_GA,rosenbrock,50,128,200,0.9,0.5,0.2,0.5,1141292.204375,185125.43610923222,39971.09482692892,1.0660153870121576,0.005003615759487729
Standard_GA,rosenbrock,50,128,200,0.9,0.5,0.2,0.7,1141292.204375,185125.43610923222,40143.33152471761,1.0692031669896096,0.00498214752995409
Standard_GA,rosenbrock,50,128,200,0.9,0.5,0.2,0.8,1141292.204375,185125.43610923222,41063.070843086076,1.0651158370019402,0.004870556339155883
Standard_GA,rosenbrock,50,128,200,0.9,0.5,0.2,0.9,1141292.204375,185125.43610923222,40026.3498169829,1.083041701989714,0.004996708441176452
Standard_GA,rosenbrock,50,128,200,0.9,0.5,0.2,1.0,1141292.204375,185125.43610923222,40084.692635768966,1.049658007977996,0.0049894357883022164
Standard_GA,rosenbrock,50,128,200,0.9,0.5,0.4,0.5,1141292.204375,185125.43610923222,40104.79734833787,1.0804908279969823,0.004986934562039096
Standard_GA,rosenbrock,50,128,200,0.9,0.5,0.4,0.7,1141292.204375,185125.43610923222,39856.71328463078,1.0776069329876918,0.0050179752297117375
Standard_GA,rosenbrock,50,128,200,0.9,0.5,0.4,0.8,1141292.204375,185125.43610923222,40548.54575589061,1.0780511559860315,0.004932359379890841
Standard_GA,rosenbrock,50,128,200,0.9,0.5,0.4,0.9,1141292.204375,185125.43610923222,40652.98886610978,1.0836283149837982,0.004919687471410725
Standard_GA,rosenbrock,50,128,200,0.9,0.5,0.4,1.0,1141292.204375,185125.43610923222,40661.64350972263,1.076798047986813,0.004918640338582918
Standard_GA,rosenbrock,50,128,200,0.9,0.5,0.3,0.5,1141292.204375,185125.43610923222,40561.53740156828,1.033169945992995,0.004930779571295716
Standard_GA,rosenbrock,50,128,200,0.9,0.5,0.3,0.7,1141292.204375,185125.43610923222,41111.79320075766,1.0612511720100883,0.004864784151432104
Standard_GA,rosenbrock,50,128,200,0.9,0.5,0.3,0.8,1141292.204375,185125.43610923222,41329.82343871137,1.04987261997303,0.004839120600081515
Standard_GA,rosenbrock,50,128,200,0.9,0.5,0.3,0.9,1141292.204375,185125.43610923222,41051.529099052874,1.059897719998844,0.0048719257087213915
Standard_GA,rosenbrock,50,128,200,0.9,0.5,0.3,1.0,1141292.204375,185125.43610923222,40941.21948899871,1.0368713349744212,0.004885052338358946
Standard_GA,rosenbrock,50,128,200,0.9,0.5,0.6,0.5,1141292.204375,185125.43610923222,40491.88702734252,1.0598440860048868,0.004939261039253324
Standard_GA,rosenbrock,50,128,200,0.9,0.5,0.6,0.7,1141292.204375,185125.43610923222,41152.19411283831,1.061476959992433,0.004860008179675788
Standard_GA,rosenbrock,50,128,200,0.9,0.5,0.6,0.8,1141292.204375,185125.43610923222,40916.26107272535,1.0661567579954863,0.004888032160233706
Standard_GA,rosenbrock,50,128,200,0.9,0.5,0.6,0.9,1141292.204375,185125.43610923222,40251.58593702341,1.0246326329943258,0.004968748319952283
Standard_GA,rosenbrock,50,128,200,0.9,0.5,0.6,1.0,1141292.204375,185125.43610923222,40964.22671785401,1.0736998280044645,0.004882308687956538
Standard_GA,rosenbrock,50,128,200,0.9,0.5,0.7,0.5,1141292.204375,185125.43610923222,40051.95082748769,1.133061494998401,0.00499351456965087
Standard_GA,rosenbrock,50,128,200,0.9,0.5,0.7,0.7,1141292.204375,185125.43610923222,39992.68477477926,1.1509059989766683,0.005000914570409805
Standard_GA,rosenbrock,50,128,200,0.9,0.5,0.7,0.8,1141292.204375,185125.43610923222,40251.55263943743,1.1303347350039985,0.004968752430286259
Standard_GA,rosenbrock,50,128,200,0.9,0.5,0.7,0.9,1141292.204375,185125.43610923222,40442.290715676274,1.123091655987082,0.004945318290847354
Standard_GA,rosenbrock,50,128,200,0.9,0.5,0.7,1.0,1141292.204375,185125.43610923222,40592.51637856077,1.1367489180120174,0.004927016549918335
Standard_GA,rosenbrock,50,128,200,0.9,0.8,0.5,0.5,1141292.204375,185125.43610923222,40957.4591639709,0.8987813539861236,0.004883115410048049
Standard_GA,rosenbrock,50,128,200,0.9,0.8,0.5,0.7,1141292.204375,185125.43610923222,40857.775082499415,0.8941829719988164,0.004895029149192851
Standard_GA,rosenbrock,50,128,200,0.9,0.8,0.5,0.8,1141292.204375,185125.43610923222,40865.23905418485,0.8890072859940119,0.004894135079812258
Standard_GA,rosenbrock,50,128,200,0.9,0.8,0.5,0.9,1141292.204375,185125.43610923222,41105.20079334577,0.8840968290169258,0.004865564360225108
Standard_GA,rosenbrock,50,128,200,0.9,0.8,0.5,1.0,1141292.204375,185125.43610923222,41292.449949626774,0.8857547710067593,0.004843500452116132
Standard_GA,rosenbrock,50,128,200,0.9,0.8,0.2,0.5,1141292.204375,185125.43610923222,40722.72442468806,1.0510177680116612,0.004911262761161197
Standard_GA,rosenbrock,50,128,200,0.9,0.8,0.2,0.7,1141292.204375,185125.43610923222,40349.973879340636,1.055994874011958,0.004956632700632326
Standard_GA,rosenbrock,50,128,200,0.9,0.8,0.2,0.8,1141292.204375,185125.43610923222,41520.413247235265,1.0729044690087903,0.004816907741478645
Standard_GA,rosenbrock,50,128,200,0.9,0.8,0.2,0.9,1141292.204375,185125.43610923222,41782.98405700609,1.0992966269841418,0.004786637539509684
Standard_GA,rosenbrock,50,128,200,0.9,0.8,0.2,1.0,1141292.204375,185125.43610923222,41048.167326190465,1.0718942699895706,0.00487232471088646
Standard_GA,rosenbrock,50,128,200,0.9,0.8,0.4,0.5,1141292.204375,185125.43610923222,41203.57972509581,1.1204872670059558,0.0048539471894036975
Standard_GA,rosenbrock,50,128,200,0.9,0.8,0.4,0.7,1141292.204375,185125.43610923222,40797.391320132236,1.0996318079996854,0.004902274227060843
Standard_GA,rosenbrock,50,128,200,0.9,0.8,0.4,0.8,1141292.204375,185125.43610923222,40899.07965129291,1.0958996300178114,0.0048900855888496155
Standard_GA,rosenbrock,50,128,200,0.9,0.8,0.4,0.9,1141292.204375,185125.43610923222,41350.64624286608,1.0937988729856443,0.004836683780595195
Standard_GA,rosenbrock,50,128,200,0.9,0.8,0.4,1.0,1141292.204375,185125.43610923222,41521.55064402518,1.0251815909869038,0.004816775792278349
Standard_GA,rosenbrock,50,128,200,0.9,0.8,0.3,0.5,1141292.204375,185125.43610923222,40573.84211016175,1.0480804230028298,0.00492928422841942
Standard_GA,rosenbrock,50,128,200,0.9,0.8,0.3,0.7,1141292.204375,185125.43610923222,40219.74225845308,1.0473654679954052,0.004972682289080694
Standard_GA,rosenbrock,50,128,200,0.9,0.8,0.3,0.8,1141292.204375,185125.43610923222,40132.83576651682,1.0485154439811595,0.004983450488361995
Standard_GA,rosenbrock,50,128,200,0.9,0.8,0.3,0.9,1141292.204375,185125.43610923222,40565.49426147796,1.0474694870063104,0.004930298610706814
Standard_GA,rosenbrock,50,128,200,0.9,0.8,0.3,1.0,1141292.204375,185125.43610923222,41276.81973682819,1.0585484140028711,0.004845334530982654
Standard_GA,rosenbrock,50,128,200,0.9,0.8,0.6,0.5,1141292.204375,185125.43610923222,40165.56237381332,1.0481094410060905,0.004979390009248163
Standard_GA,rosenbrock,50,128,200,0.9,0.8,0.6,0.7,1141292.204375,185125.43610923222,40091.46225471675,1.078969080990646,0.004988593300222419
Standard_GA,rosenbrock,50,128,200,0.9,0.8,0.6,0.8,1141292.204375,185125.43610923222,40984.50351717231,1.0546075559977908,0.0048798931995406745
Standard_GA,rosenbrock,50,128,200,0.9,0.8,0.6,0.9,1141292.204375,185125.43610923222,41564.42477375725,1.091728058992885,0.004811807238729671
Standard_GA,rosenbrock,50,128,200,0.9,0.8,0.6,1.0,1141292.204375,185125.43610923222,41650.0130137796,1.082865357020637,0.004801919267920312
Standard_GA,rosenbrock,50,128,200,0.9,0.8,0.7,0.5,1141292.204375,185125.43610923222,40562.43449251602,1.1387844200071413,0.004930670520698186
Standard_GA,rosenbrock,50,128,200,0.9,0.8,0.7,0.7,1141292.204375,185125.43610923222,39817.91206184661,1.0946144799818285,0.005022865078644827
Standard_GA,rosenbrock,50,128,200,0.9,0.8,0.7,0.8,1141292.204375,185125.43610923222,40897.17834040962,1.151861291989917,0.0048903129290556535
Standard_GA,rosenbrock,50,128,200,0.9,0.8,0.7,0.9,1141292.204375,185125.43610923222,40585.2613857849,1.119023681996623,0.004927897299930919
Standard_GA,rosenbrock,50,128,200,0.9,0.8,0.7,1.0,1141292.204375,185125.43610923222,40532.49156072182,1.1363030359789263,0.004934312999248505
Standard_GA,rosenbrock,50,128,200,0.9,1.0,0.5,0.5,1141292.204375,185125.43610923222,40359.041756692925,0.9105615190055687,0.004955519043433014
Standard_GA,rosenbrock,50,128,200,0.9,1.0,0.5,0.7,1141292.204375,185125.43610923222,41182.95026427708,0.9120106269838288,0.004856378640106414
Standard_GA,rosenbrock,50,128,200,0.9,1.0,0.5,0.8,1141292.204375,185125.43610923222,41039.868093219,0.8885986510140356,0.004873310010298155
Standard_GA,rosenbrock,50,128,200,0.9,1.0,0.5,0.9,1141292.204375,185125.43610923222,41088.047919234275,0.8857592980202753,0.004867595569230616
Standard_GA,rosenbrock,50,128,200,0.9,1.0,0.5,1.0,1141292.204375,185125.43610923222,41094.306024299556,0.8951829829893541,0.004866854300489649
Standard_GA,rosenbrock,50,128,200,0.9,1.0,0.2,0.5,1141292.204375,185125.43610923222,40799.88769904515,1.0391576760157477,0.004901974276872351
Standard_GA,rosenbrock,50,128,200,0.9,1.0,0.2,0.7,1141292.204375,185125.43610923222,41434.26284216521,1.0628790510236286,0.0048269230892765335
Standard_GA,rosenbrock,50,128,200,0.9,1.0,0.2,0.8,1141292.204375,185125.43610923222,40808.88840015822,1.0463476230215747,0.0049008931103162465
Standard_GA,rosenbrock,50,128,200,0.9,1.0,0.2,0.9,1141292.204375,185125.43610923222,41721.94199401204,1.0214945799962152,0.004793640718562528
Standard_GA,rosenbrock,50,128,200,0.9,1.0,0.2,1.0,1141292.204375,185125.43610923222,41064.822752975466,1.048331544996472,0.004870348551194183
Standard_GA,rosenbrock,50,128,200,0.9,1.0,0.4,0.5,1141292.204375,185125.43610923222,40615.44940673981,1.0623108879954088,0.0049242345688981
Standard_GA,rosenbrock,50,128,200,0.9,1.0,0.4,0.7,1141292.204375,185125.43610923222,41413.495688269555,1.0661782700044569,0.0048293435914092695
Standard_GA,rosenbrock,50,128,200,0.9,1.0,0.4,0.8,1141292.204375,185125.43610923222,41154.849008401725,1.1189291880000383,0.004859694660990499
Standard_GA,rosenbrock,50,128,200,0.9,1.0,0.4,0.9,1141292.204375,185125.43610923222,40937.511752906874,1.0517703949881252,0.004885494780610316
Standard_GA,rosenbrock,50,128,200,0.9,1.0,0.4,1.0,1141292.204375,185125.43610923222,41137.87401026662,1.1254538540088106,0.004861699949542526
Standard_GA,rosenbrock,50,128,200,0.9,1.0,0.3,0.5,1141292.204375,185125.43610923222,40533.981945403146,1.0584046809817664,0.00493413157062605
Standard_GA,rosenbrock,50,128,200,0.9,1.0,0.3,0.7,1141292.204375,185125.43610923222,40299.52167765227,1.0869876960059628,0.0049628380604553966
Standard_GA,rosenbrock,50,128,200,0.9,1.0,0.3,0.8,1141292.204375,185125.43610923222,40418.0586184915,1.042608081974322,0.00494828318915097
Standard_GA,rosenbrock,50,128,200,0.9,1.0,0.3,0.9,1141292.204375,185125.43610923222,40191.81656356418,1.0417007349897176,0.004976137360790745
Standard_GA,rosenbrock,50,128,200,0.9,1.0,0.3,1.0,1141292.204375,185125.43610923222,40080.531476214936,1.0388824170222506,0.00498995379137341
Standard_GA,rosenbrock,50,128,200,0.9,1.0,0.6,0.5,1141292.204375,185125.43610923222,39850.80044312277,1.0733596700010821,0.005018719769141171
Standard_GA,rosenbrock,50,128,200,0.9,1.0,0.6,0.7,1141292.204375,185125.43610923222,40893.20416920945,1.0609433409990743,0.004890788189950399
Standard_GA,rosenbrock,50,128,200,0.9,1.0,0.6,0.8,1141292.204375,185125.43610923222,39727.89656269799,1.0496113460103516,0.005034245890274178
Standard_GA,rosenbrock,50,128,200,0.9,1.0,0.6,0.9,1141292.204375,185125.43610923222,39641.39397195596,1.0659953279828187,0.00504523125855485
Standard_GA,rosenbrock,50,128,200,0.9,1.0,0.6,1.0,1141292.204375,185125.43610923222,40614.92745956189,1.0599758829921484,0.004924297850811854
Standard_GA,rosenbrock,50,128,200,0.9,1.0,0.7,0.5,1141292.204375,185125.43610923222,40623.80311648377,1.2594717479951214,0.004923221969802398
Standard_GA,rosenbrock,50,128,200,0.9,1.0,0.7,0.7,1141292.204375,185125.43610923222,40897.01666770897,1.1413022469787393,0.004890332261275034
Standard_GA,rosenbrock,50,128,200,0.9,1.0,0.7,0.8,1141292.204375,185125.43610923222,40874.58634612565,1.1372723969980143,0.004893015878042206
Standard_GA,rosenbrock,50,128,200,0.9,1.0,0.7,0.9,1141292.204375,185125.43610923222,41002.90338316089,1.135951025004033,0.004877703369711526
Standard_GA,rosenbrock,50,128,200,0.9,1.0,0.7,1.0,1141292.204375,185125.43610923222,41281.28335775323,1.14509803900728,0.004844810619542841
Standard_GA,rosenbrock,50,128,200,1.0,0.5,0.5,0.5,1141292.204375,185125.43610923222,41410.38812823274,0.9091722379962448,0.004829705999873113
Standard_GA,rosenbrock,50,128,200,1.0,0.5,0.5,0.7,1141292.204375,185125.43610923222,41215.854861938205,0.8969418740016408,0.00485250155965332
Standard_GA,rosenbrock,50,128,200,1.0,0.5,0.5,0.8,1141292.204375,185125.43610923222,41766.0188156104,0.8846686600008979,0.004788581858447287
Standard_GA,rosenbrock,50,128,200,1.0,0.5,0.5,0.9,1141292.204375,185125.43610923222,41428.219209291325,0.8902234149863943,0.0048276272506336685
Standard_GA,rosenbrock,50,128,200,1.0,0.5,0.5,1.0,1141292.204375,185125.43610923222,40447.7066024315,0.8992581340135075,0.004944656120205764
Standard_GA,rosenbrock,50,128,200,1.0,0.5,0.2,0.5,1141292.204375,185125.43610923222,39849.51865184765,1.0181614789762534,0.00501888120023068
Standard_GA,rosenbrock,50,128,200,1.0,0.5,0.2,0.7,1141292.204375,185125.43610923222,40541.65450190223,1.0681241209967993,0.004933197780337651
Standard_GA,rosenbrock,50,128,200,1.0,0.5,0.2,0.8,1141292.204375,185125.43610923222,41582.02628932051,1.0488590899913106,0.004809770418796688
Standard_GA,rosenbrock,50,128,200,1.0,0.5,0.2,0.9,1141292.204375,185125.43610923222,40935.41002514862,1.0410369129967876,0.004885745614301413
Standard_GA,rosenbrock,50,128,200,1.0,0.5,0.2,1.0,1141292.204375,185125.43610923222,40569.80304268701,1.0511443879804574,0.004929774980410002
Standard_GA,rosenbrock,50,128,200,1.0,0.5,0.4,0.5,1141292.204375,185125.43610923222,40827.52802888963,1.0910916329885367,0.00489865562907653
Standard_GA,rosenbrock,50,128,200,1.0,0.5,0.4,0.7,1141292.204375,185125.43610923222,40805.97749449728,1.1068173260136973,0.004901242716878187
Standard_GA,rosenbrock,50,128,200,1.0,0.5,0.4,0.8,1141292.204375,185125.43610923222,41491.8126450947,1.0644511560094543,0.004820228070311714
Standard_GA,rosenbrock,50,128,200,1.0,0.5,0.4,0.9,1141292.204375,185125.43610923222,40371.06865520453,1.0863279610057361,0.004954042750468944
Standard_GA,rosenbrock,50,128,200,1.0,0.5,0.4,1.0,1141292.204375,185125.43610923222,40511.41728113265,1.0734045449935365,0.004936879858141765
Standard_GA,rosenbrock,50,128,200,1.0,0.5,0.3,0.5,1141292.204375,185125.43610923222,40925.26323893432,1.1004764550016262,0.004886956959380768
Standard_GA,rosenbrock,50,128,200,1.0,0.5,0.3,0.7,1141292.204375,185125.43610923222,40807.46073982125,1.0670667499944102,0.004901064569421579
Standard_GA,rosenbrock,50,128,200,1.0,0.5,0.3,0.8,1141292.204375,185125.43610923222,40851.687422344374,1.0903643100173213,0.004895758599450346
Standard_GA,rosenbrock,50,128,200,1.0,0.5,0.3,0.9,1141292.204375,185125.43610923222,40697.628411724036,1.0844899940129835,0.004914291269669775
Standard_GA,rosenbrock,50,128,200,1.0,0.5,0.3,1.0,1141292.204375,185125.43610923222,40038.62333768822,1.1941544830042403,0.0049951767400489185
Standard_GA,rosenbrock,50,128,200,1.0,0.5,0.6,0.5,1141292.204375,185125.43610923222,39799.036044972345,1.0603871640050784,0.005025247339508496
Standard_GA,rosenbrock,50,128,200,1.0,0.5,0.6,0.7,1141292.204375,185125.43610923222,39692.23175958733,1.0694189229980111,0.005038769329257775
Standard_GA,rosenbrock,50,128,200,1.0,0.5,0.6,0.8,1141292.204375,185125.43610923222,39893.541038938085,1.0650553310115356,0.005013342881866265
Standard_GA,rosenbrock,50,128,200,1.0,0.5,0.6,0.9,1141292.204375,185125.43610923222,40699.07972761103,1.0660086979914922,0.004914116027648561
Standard_GA,rosenbrock,50,128,200,1.0,0.5,0.6,1.0,1141292.204375,185125.43610923222,40287.448946443,1.0758196690003388,0.0049643252484383995
Standard_GA,rosenbrock,50,128,200,1.0,0.5,0.7,0.5,1141292.204375,185125.43610923222,39866.29855732856,1.1281434620032087,0.005016768730420154
Standard_GA,rosenbrock,50,128,200,1.0,0.5,0.7,0.7,1141292.204375,185125.43610923222,40009.03578815876,1.3061324330046773,0.004998870781564619
Standard_GA,rosenbrock,50,128,200,1.0,0.5,0.7,0.8,1141292.204375,185125.43610923222,40371.039881701414,1.1550209870038088,0.004954046281345654
Standard_GA,rosenbrock,50,128,200,1.0,0.5,0.7,0.9,1141292.204375,185125.43610923222,40140.870133860815,1.141748924012063,0.004982453029369936
Standard_GA,rosenbrock,50,128,200,1.0,0.5,0.7,1.0,1141292.204375,185125.43610923222,40247.26389796784,1.1307005260023288,0.004969281899684574
Standard_GA,rosenbrock,50,128,200,1.0,0.8,0.5,0.5,1141292.204375,185125.43610923222,41707.20173513477,0.9099310110032093,0.004795334898517467
Standard_GA,rosenbrock,50,128,200,1.0,0.8,0.5,0.7,1141292.204375,185125.43610923222,41620.614062568326,0.8789010439941194,0.004805311130185146
Standard_GA,rosenbrock,50,128,200,1.0,0.8,0.5,0.8,1141292.204375,185125.43610923222,41754.34497928629,0.8904216160008218,0.004789920668117702
Standard_GA,rosenbrock,50,128,200,1.0,0.8,0.5,0.9,1141292.204375,185125.43610923222,42109.70924739523,0.8937867000058759,0.0047494984784862025
Standard_GA,rosenbrock,50,128,200,1.0,0.8,0.5,1.0,1141292.204375,185125.43610923222,41975.4320930297,0.9036014179873746,0.004764691869204398
Standard_GA,rosenbrock,50,128,200,1.0,0.8,0.2,0.5,1141292.204375,185125.43610923222,41284.87906099305,1.0568338529847097,0.004844388661149423
Standard_GA,rosenbrock,50,128,200,1.0,0.8,0.2,0.7,1141292.204375,185125.43610923222,41736.95473247222,1.0629208470054436,0.0047919164510676635
Standard_GA,rosenbrock,50,128,200,1.0,0.8,0.2,0.8,1141292.204375,185125.43610923222,41418.78440844816,1.056301409000298,0.004828726937703322
Standard_GA,rosenbrock,50,128,200,1.0,0.8,0.2,0.9,1141292.204375,185125.43610923222,41848.68682273657,1.0647662080009468,0.004779122481122613
Standard_GA,rosenbrock,50,128,200,1.0,0.8,0.2,1.0,1141292.204375,185125.43610923222,41109.238254459946,1.067021641007159,0.004865086498612072
Standard_GA,rosenbrock,50,128,200,1.0,0.8,0.4,0.5,1141292.204375,185125.43610923222,40945.10498881999,1.1063978059974033,0.004884588769637048
Standard_GA,rosenbrock,50,128,200,1.0,0.8,0.4,0.7,1141292.204375,185125.43610923222,41037.33746856228,1.1147986090218183,0.004873610529757571
Standard_GA,rosenbrock,50,128,200,1.0,0.8,0.4,0.8,1141292.204375,185125.43610923222,41013.0617506516,1.0781087600043975,0.004876495230128057
Standard_GA,rosenbrock,50,128,200,1.0,0.8,0.4,0.9,1141292.204375,185125.43610923222,40781.56209716887,1.1270970839832444,0.004904177027929109
Standard_GA,rosenbrock,50,128,200,1.0,0.8,0.4,1.0,1141292.204375,185125.43610923222,42017.237843832285,1.1042236339999363,0.004759951159649063
Standard_GA,rosenbrock,50,128,200,1.0,0.8,0.3,0.5,1141292.204375,185125.43610923222,41202.617888866094,1.072658704011701,0.00485406050021993
Standard_GA,rosenbrock,50,128,200,1.0,0.8,0.3,0.7,1141292.204375,185125.43610923222,41309.18958383429,1.0565345000068191,0.00484153773082653
Standard_GA,rosenbrock,50,128,200,1.0,0.8,0.3,0.8,1141292.204375,185125.43610923222,41526.564081867575,1.0758339119784068,0.004816194270388223
Standard_GA,rosenbrock,50,128,200,1.0,0.8,0.3,0.9,1141292.204375,185125.43610923222,41666.165009677825,1.0629684019950218,0.004800057791580912
Standard_GA,rosenbrock,50,128,200,1.0,0.8,0.3,1.0,1141292.204375,185125.43610923222,41494.32966685681,1.0685265210049693,0.004819935678096954
Standard_GA,rosenbrock,50,128,200,1.0,0.8,0.6,0.5,1141292.204375,185125.43610923222,40961.55354769089,1.0776710429927334,0.004882627309707459
Standard_GA,rosenbrock,50,128,200,1.0,0.8,0.6,0.7,1141292.204375,185125.43610923222,40897.72895963483,1.0916736889921594,0.004890247089206241
Standard_GA,rosenbrock,50,128,200,1.0,0.8,0.6,0.8,1141292.204375,185125.43610923222,41452.3358903798,1.0677874459943268,0.004824818570632487
Standard_GA,rosenbrock,50,128,200,1.0,0.8,0.6,0.9,1141292.204375,185125.43610923222,40785.052955432584,1.0540253579965793,0.004903757271531504
Standard_GA,rosenbrock,50,128,200,1.0,0.8,0.6,1.0,1141292.204375,185125.43610923222,40578.91857805146,1.08143567701336,0.004928667569474783
Standard_GA,rosenbrock,50,128,200,1.0,0.8,0.7,0.5,1141292.204375,185125.43610923222,39694.47039086667,1.1624598690250423,0.005038485160039272
Standard_GA,rosenbrock,50,128,200,1.0,0.8,0.7,0.7,1141292.204375,185125.43610923222,40808.59298187265,1.1488993219973054,0.00490092858846765
Standard_GA,rosenbrock,50,128,200,1.0,0.8,0.7,0.8,1141292.204375,185125.43610923222,41228.44650652092,1.202176510996651,0.004851019549532793
Standard_GA,rosenbrock,50,128,200,1.0,0.8,0.7,0.9,1141292.204375,185125.43610923222,40756.54532085744,1.1681894100038335,0.004907187260978389
Standard_GA,rosenbrock,50,128,200,1.0,0.8,0.7,1.0,1141292.204375,185125.43610923222,40973.70368232672,1.1436613020196091,0.004881179440126289
Standard_GA,rosenbrock,50,128,200,1.0,1.0,0.5,0.5,1141292.204375,185125.43610923222,42216.62332265069,0.9149703639850486,0.004737470319960266
Standard_GA,rosenbrock,50,128,200,1.0,1.0,0.5,0.7,1141292.204375,185125.43610923222,42540.74495750061,0.9011824020126369,0.0047013751216582024
Standard_GA,rosenbrock,50,128,200,1.0,1.0,0.5,0.8,1141292.204375,185125.43610923222,42416.846167506665,0.9003861929813866,0.004715107747761067
Standard_GA,rosenbrock,50,128,200,1.0,1.0,0.5,0.9,1141292.204375,185125.43610923222,42343.17617909527,0.9082019640190993,0.00472331124037737
Standard_GA,rosenbrock,50,128,200,1.0,1.0,0.5,1.0,1141292.204375,185125.43610923222,41834.32021589115,0.9013960199954454,0.004780763711896725
Standard_GA,rosenbrock,50,128,200,1.0,1.0,0.2,0.5,1141292.204375,185125.43610923222,40497.694711697666,1.0647367489873432,0.004938552710809745
Standard_GA,rosenbrock,50,128,200,1.0,1.0,0.2,0.7,1141292.204375,185125.43610923222,40927.49948540633,1.0863688639947213,0.0048866899398854
Standard_GA,rosenbrock,50,128,200,1.0,1.0,0.2,0.8,1141292.204375,185125.43610923222,41018.89508179655,1.0623937229975127,0.00487580173969036
Standard_GA,rosenbrock,50,128,200,1.0,1.0,0.2,0.9,1141292.204375,185125.43610923222,40988.93168583071,1.0453364819986746,0.004879366008681245
Standard_GA,rosenbrock,50,128,200,1.0,1.0,0.2,1.0,1141292.204375,185125.43610923222,40961.65724478392,1.0708524970104918,0.0048826149490196254
Standard_GA,rosenbrock,50,128,200,1.0,1.0,0.4,0.5,1141292.204375,185125.43610923222,40996.03801016863,1.0728611829981674,0.004878520210913848
Standard_GA,rosenbrock,50,128,200,1.0,1.0,0.4,0.7,1141292.204375,185125.43610923222,40676.7280904586,1.0935572439921089,0.0049168163072317835
Standard_GA,rosenbrock,50,128,200,1.0,1.0,0.4,0.8,1141292.204375,185125.43610923222,40826.2160594094,1.0977916360134259,0.004898813049658201
Standard_GA,rosenbrock,50,128,200,1.0,1.0,0.4,0.9,1141292.204375,185125.43610923222,40885.450818213234,1.0627578790008556,0.004891715659177862
Standard_GA,rosenbrock,50,128,200,1.0,1.0,0.4,1.0,1141292.204375,185125.43610923222,40370.988484623624,1.0801801159977913,0.004954052588436753
Standard_GA,rosenbrock,50,128,200,1.0,1.0,0.3,0.5,1141292.204375,185125.43610923222,40513.07212753727,1.0359003499906976,0.004936678200319875
Standard_GA,rosenbrock,50,128,200,1.0,1.0,0.3,0.7,1141292.204375,185125.43610923222,40521.42122398959,1.0685729079996236,0.004935661039489787
Standard_GA,rosenbrock,50,128,200,1.0,1.0,0.3,0.8,1141292.204375,185125.43610923222,40491.22252326243,1.1594283599988557,0.004939342097786721
Standard_GA,rosenbrock,50,128,200,1.0,1.0,0.3,0.9,1141292.204375,185125.43610923222,39882.54018222491,1.0367545589979272,0.005014725719229318
Standard_GA,rosenbrock,50,128,200,1.0,1.0,0.3,1.0,1141292.204375,185125.43610923222,39937.55953995497,1.0666803579952102,0.005007817260338925
Standard_GA,rosenbrock,50,128,200,1.0,1.0,0.6,0.5,1141292.204375,185125.43610923222,39875.40737077423,1.0553631799994037,0.005015622740611434
Standard_GA,rosenbrock,50,128,200,1.0,1.0,0.6,0.7,1141292.204375,185125.43610923222,40998.434040299646,1.060562486993149,0.004878235100477468
Standard_GA,rosenbrock,50,128,200,1.0,1.0,0.6,0.8,1141292.204375,185125.43610923222,40169.32236458308,1.0436042740184348,0.004978923920716625
Standard_GA,rosenbrock,50,128,200,1.0,1.0,0.6,0.9,1141292.204375,185125.43610923222,40184.684231734296,1.0543809770024382,0.004977020569494926
Standard_GA,rosenbrock,50,128,200,1.0,1.0,0.6,1.0,1141292.204375,185125.43610923222,40020.54302262588,1.049489981989609,0.004997433440294117
Standard_GA,rosenbrock,50,128,200,1.0,1.0,0.7,0.5,1141292.204375,185125.43610923222,39678.409025546716,1.1406267709971871,0.005040524681098759
Standard_GA,rosenbrock,50,128,200,1.0,1.0,0.7,0.7,1141292.204375,185125.43610923222,39679.18806971652,1.106255393999163,0.005040425717597827
Standard_GA,rosenbrock,50,128,200,1.0,1.0,0.7,0.8,1141292.204375,185125.43610923222,40437.89926569634,1.114907630981179,0.004945855339465197
Standard_GA,rosenbrock,50,128,200,1.0,1.0,0.7,0.9,1141292.204375,185125.43610923222,40026.4812649981,1.2726230609987397,0.004996692031854763
Standard_GA,rosenbrock,50,128,200,1.0,1.0,0.7,1.0,1141292.204375,185125.43610923222,39606.337713906505,1.1326618460007012,0.005049696880450938
Standard_GA,schaffers_f7,50,128,200,0.8,0.5,0.5,0.5,66.01237483978271,2.7422447377563612,26899.969453345035,1.8148400229983963,0.007434952680778224
Standard_GA,schaffers_f7,50,128,200,0.8,0.5,0.5,0.7,66.01237483978271,2.7422447377563612,27177.414015196922,1.1339813240047079,0.007359051890962292
Standard_GA,schaffers_f7,50,128,200,0.8,0.5,0.5,0.8,66.01237483978271,2.7422447377563612,26937.57905051423,1.1410249840118922,0.007424572179443203
Standard_GA,schaffers_f7,50,128,200,0.8,0.5,0.5,0.9,66.01237483978271,2.7422447377563612,26785.06422286328,1.1285821720084641,0.0074668478796957065
Standard_GA,schaffers_f7,50,128,200,0.8,0.5,0.5,1.0,66.01237483978271,2.7422447377563612,27141.665092545405,1.1519260310160462,0.0073687446705298495
Standard_GA,schaffers_f7,50,128,200,0.8,0.5,0.2,0.5,66.01237483978271,2.7422447377563612,28272.179992128527,1.3496750629856251,0.00707409191847546
Standard_GA,schaffers_f7,50,128,200,0.8,0.5,0.2,0.7,66.01237483978271,2.7422447377563612,28250.073176550733,1.3126632809871808,0.007079627679195255
Standard_GA,schaffers_f7,50,128,200,0.8,0.5,0.2,0.8,66.01237483978271,2.7422447377563612,28604.72954037161,1.31883191500674,0.006991850760823581
Standard_GA,schaffers_f7,50,128,200,0.8,0.5,0.2,0.9,66.01237483978271,2.7422447377563612,28562.28289205797,1.3025084219989367,0.007002241408918053
Standard_GA,schaffers_f7,50,128,200,0.8,0.5,0.2,1.0,66.01237483978271,2.7422447377563612,28566.061906273957,1.3085189730045386,0.007001315079978667
Standard_GA,schaffers_f7,50,128,200,0.8,0.5,0.4,0.5,66.01237483978271,2.7422447377563612,28346.828957251375,1.3786347929853946,0.007055462898570113
Standard_GA,schaffers_f7,50,128,200,0.8,0.5,0.4,0.7,66.01237483978271,2.7422447377563612,28456.372221528134,1.370616953005083,0.007028302780236117
Standard_GA,schaffers_f7,50,128,200,0.8,0.5,0.4,0.8,66.01237483978271,2.7422447377563612,28097.925662607595,1.9738339809991885,0.007117963169293944
Standard_GA,schaffers_f7,50,128,200,0.8,0.5,0.4,0.9,66.01237483978271,2.7422447377563612,28425.317565540707,1.3323408900178038,0.0070359812001697716
Standard_GA,schaffers_f7,50,128,200,0.8,0.5,0.4,1.0,66.01237483978271,2.7422447377563612,28469.727259599033,1.3609605559904594,0.007025005830801092
Standard_GA,schaffers_f7,50,128,200,0.8,0.5,0.3,0.5,66.01237483978271,2.7422447377563612,28468.702309068813,1.3015312039933633,0.0070252587500726806
Standard_GA,schaffers_f7,50,128,200,0.8,0.5,0.3,0.7,66.01237483978271,2.7422447377563612,28259.22306045168,1.3275459830183536,0.007077335409121588
Standard_GA,schaffers_f7,50,128,200,0.8,0.5,0.3,0.8,66.01237483978271,2.7422447377563612,28248.422911548772,1.2713684089831077,0.007080041269073262
Standard_GA,schaffers_f7,50,128,200,0.8,0.5,0.3,0.9,66.01237483978271,2.7422447377563612,28355.787783787484,1.3453552119899541,0.007053233771002852
Standard_GA,schaffers_f7,50,128,200,0.8,0.5,0.3,1.0,66.01237483978271,2.7422447377563612,28496.325174643036,1.2642208310135175,0.007018448827147949
Standard_GA,schaffers_f7,50,128,200,0.8,0.5,0.6,0.5,66.01237483978271,2.7422447377563612,28357.801520485522,1.3128811360220425,0.007052732908632607
Standard_GA,schaffers_f7,50,128,200,0.8,0.5,0.6,0.7,66.01237483978271,2.7422447377563612,28525.146636586887,1.3267415340233129,0.007011357471637894
Standard_GA,schaffers_f7,50,128,200,0.8,0.5,0.6,0.8,66.01237483978271,2.7422447377563612,28754.945219466925,1.3300065800140146,0.006955325370072387
Standard_GA,schaffers_f7,50,128,200,0.8,0.5,0.6,0.9,66.01237483978271,2.7422447377563612,28537.876102456354,1.3308743060042616,0.007008230019710027
Standard_GA,schaffers_f7,50,128,200,0.8,0.5,0.6,1.0,66.01237483978271,2.7422447377563612,28743.957603875286,1.3275585419905838,0.006957984100736212
Standard_GA,schaffers_f7,50,128,200,0.8,0.5,0.7,0.5,66.01237483978271,2.7422447377563612,28698.356152616743,1.349667242000578,0.006969040280091576
Standard_GA,schaffers_f7,50,128,200,0.8,0.5,0.7,0.7,66.01237483978271,2.7422447377563612,28730.777582339157,1.359598577982979,0.006961176022014115
Standard_GA,schaffers_f7,50,128,200,0.8,0.5,0.7,0.8,66.01237483978271,2.7422447377563612,28466.860729324344,1.3872847960155923,0.007025713228504173
Standard_GA,schaffers_f7,50,128,200,0.8,0.5,0.7,0.9,66.01237483978271,2.7422447377563612,28749.915401777987,1.3652059689920861,0.006956542209081817
Standard_GA,schaffers_f7,50,128,200,0.8,0.5,0.7,1.0,66.01237483978271,2.7422447377563612,28370.98139122398,1.3690654860110953,0.007049456528911833
Standard_GA,schaffers_f7,50,128,200,0.8,0.8,0.5,0.5,66.01237483978271,2.7422447377563612,27184.74971152563,1.1347467849845998,0.007357066080148797
Standard_GA,schaffers_f7,50,128,200,0.8,0.8,0.5,0.7,66.01237483978271,2.7422447377563612,27059.50630211943,1.1297248790215235,0.007391117848455906
Standard_GA,schaffers_f7,50,128,200,0.8,0.8,0.5,0.8,66.01237483978271,2.7422447377563612,26951.209417572576,1.146218009002041,0.00742081725911703
Standard_GA,schaffers_f7,50,128,200,0.8,0.8,0.5,0.9,66.01237483978271,2.7422447377563612,26992.201472979366,1.143841095996322,0.007409547539136838
Standard_GA,schaffers_f7,50,128,200,0.8,0.8,0.5,1.0,66.01237483978271,2.7422447377563612,26669.112902171368,1.1658104329835624,0.0074993120593717325
Standard_GA,schaffers_f7,50,128,200,0.8,0.8,0.2,0.5,66.01237483978271,2.7422447377563612,28008.00008020848,1.3136311059934087,0.007140816889004782
Standard_GA,schaffers_f7,50,128,200,0.8,0.8,0.2,0.7,66.01237483978271,2.7422447377563612,28602.27355374991,1.318923601997085,0.00699245112889912
Standard_GA,schaffers_f7,50,128,200,0.8,0.8,0.2,0.8,66.01237483978271,2.7422447377563612,28400.91818024221,1.2990005740139168,0.0070420258503872905
Standard_GA,schaffers_f7,50,128,200,0.8,0.8,0.2,0.9,66.01237483978271,2.7422447377563612,28058.159143120083,1.2937302740174346,0.007128051379986573
Standard_GA,schaffers_f7,50,128,200,0.8,0.8,0.2,1.0,66.01237483978271,2.7422447377563612,28389.47503978958,1.3019067859859206,0.007044864328054246
Standard_GA,schaffers_f7,50,128,200,0.8,0.8,0.4,0.5,66.01237483978271,2.7422447377563612,28211.583417832855,1.3396700599987525,0.007089286589762196
Standard_GA,schaffers_f7,50,128,200,0.8,0.8,0.4,0.7,66.01237483978271,2.7422447377563612,28585.709952779012,1.3292053439945448,0.006996502809633967
Standard_GA,schaffers_f7,50,128,200,0.8,0.8,0.4,0.8,66.01237483978271,2.7422447377563612,28476.79863161065,1.3415879090025555,0.007023261378053576
Standard_GA,schaffers_f7,50,128,200,0.8,0.8,0.4,0.9,66.01237483978271,2.7422447377563612,28491.806783777298,1.3486405570001807,0.007019561852212064
Standard_GA,schaffers_f7,50,128,200,0.8,0.8,0.4,1.0,66.01237483978271,2.7422447377563612,28604.62858040597,1.3638107440201566,0.0069918754385435026
Standard_GA,schaffers_f7,50,128,200,0.8,0.8,0.3,0.5,66.01237483978271,2.7422447377563612,28204.68642194254,1.318295404984383,0.007091020159132313
Standard_GA,schaffers_f7,50,128,200,0.8,0.8,0.3,0.7,66.01237483978271,2.7422447377563612,28525.4384739627,2.086490084999241,0.0070112857400090435
Standard_GA,schaffers_f7,50,128,200,0.8,0.8,0.3,0.8,66.01237483978271,2.7422447377563612,28042.224091163454,1.314068015984958,0.007132101909955963
Standard_GA,schaffers_f7,50,128,200,0.8,0.8,0.3,0.9,66.01237483978271,2.7422447377563612,28390.505818417267,1.3128349400067236,0.007044608549040277
Standard_GA,schaffers_f7,50,128,200,0.8,0.8,0.3,1.0,66.01237483978271,2.7422447377563612,28379.210138997154,1.3320284500077832,0.007047412490355782
Standard_GA,schaffers_f7,50,128,200,0.8,0.8,0.6,0.5,66.01237483978271,2.7422447377563612,28154.893733058565,1.323816882999381,0.007103560819523409
Standard_GA,schaffers_f7,50,128,200,0.8,0.8,0.6,0.7,66.01237483978271,2.7422447377563612,28338.31209741973,1.3425391830096487,0.007057583363202866
Standard_GA,schaffers_f7,50,128,200,0.8,0.8,0.6,0.8,66.01237483978271,2.7422447377563612,28304.816807036274,1.3366801289957948,0.0070659351503127256
Standard_GA,schaffers_f7,50,128,200,0.8,0.8,0.6,0.9,66.01237483978271,2.7422447377563612,28437.22800314426,1.3454589659813792,0.007033034302003216
Standard_GA,schaffers_f7,50,128,200,0.8,0.8,0.6,1.0,66.01237483978271,2.7422447377563612,28306.810146144508,1.2976338129956275,0.007065437573764939
Standard_GA,schaffers_f7,50,128,200,0.8,0.8,0.7,0.5,66.01237483978271,2.7422447377563612,28446.5803443207,1.3780884910083842,0.007030722061463166
Standard_GA,schaffers_f7,50,128,200,0.8,0.8,0.7,0.7,66.01237483978271,2.7422447377563612,28425.34807974893,1.4026460429886356,0.007035973647143692
Standard_GA,schaffers_f7,50,128,200,0.8,0.8,0.7,0.8,66.01237483978271,2.7422447377563612,28546.289649514518,1.389180544007104,0.007006164459744469
Standard_GA,schaffers_f7,50,128,200,0.8,0.8,0.7,0.9,66.01237483978271,2.7422447377563612,28430.1940726875,1.40241526500904,0.007034774349012878
Standard_GA,schaffers_f7,50,128,200,0.8,0.8,0.7,1.0,66.01237483978271,2.7422447377563612,28384.732942383594,1.4012655730184633,0.0070460412788088435
Standard_GA,schaffers_f7,50,128,200,0.8,1.0,0.5,0.5,66.01237483978271,2.7422447377563612,26842.457198127027,1.1543482550187036,0.00745088270137785
Standard_GA,schaffers_f7,50,128,200,0.8,1.0,0.5,0.7,66.01237483978271,2.7422447377563612,26744.129182656437,1.1389972750039306,0.007478276769979857
Standard_GA,schaffers_f7,50,128,200,0.8,1.0,0.5,0.8,66.01237483978271,2.7422447377563612,27030.642231072205,1.142185440985486,0.007399010289518628
Standard_GA,schaffers_f7,50,128,200,0.8,1.0,0.5,0.9,66.01237483978271,2.7422447377563612,26656.819068269608,1.1585435619927011,0.007502770660212263
Standard_GA,schaffers_f7,50,128,200,0.8,1.0,0.5,1.0,66.01237483978271,2.7422447377563612,26534.280949728043,1.182430179003859,0.007537419249420054
Standard_GA,schaffers_f7,50,128,200,0.8,1.0,0.2,0.5,66.01237483978271,2.7422447377563612,28310.94944544364,1.2980169630027376,0.007064404547272716
Standard_GA,schaffers_f7,50,128,200,0.8,1.0,0.2,0.7,66.01237483978271,2.7422447377563612,28298.298011017476,1.3144072480208706,0.007067562859156169
Standard_GA,schaffers_f7,50,128,200,0.8,1.0,0.2,0.8,66.01237483978271,2.7422447377563612,28212.166452903202,1.3312868799839634,0.007089140081952792
Standard_GA,schaffers_f7,50,128,200,0.8,1.0,0.2,0.9,66.01237483978271,2.7422447377563612,28018.38240393075,1.3222904129943345,0.007138170830730814
Standard_GA,schaffers_f7,50,128,200,0.8,1.0,0.2,1.0,66.01237483978271,2.7422447377563612,28089.205023929964,1.3093782950018067,0.007120173028379213
Standard_GA,schaffers_f7,50,128,200,0.8,1.0,0.4,0.5,66.01237483978271,2.7422447377563612,28124.729512053043,1.3297858180012554,0.007111179501807782
Standard_GA,schaffers_f7,50,128,200,0.8,1.0,0.4,0.7,66.01237483978271,2.7422447377563612,28390.21628503905,1.3698230330192018,0.007044680392427835
Standard_GA,schaffers_f7,50,128,200,0.8,1.0,0.4,0.8,66.01237483978271,2.7422447377563612,28311.92510780819,1.3702209120092448,0.007064161099551711
Standard_GA,schaffers_f7,50,128,200,0.8,1.0,0.4,0.9,66.01237483978271,2.7422447377563612,28050.456780592034,1.3211047140066512,0.007130008668464143
Standard_GA,schaffers_f7,50,128,200,0.8,1.0,0.4,1.0,66.01237483978271,2.7422447377563612,28177.121166185534,1.3435842459730338,0.007097957197984215
Standard_GA,schaffers_f7,50,128,200,0.8,1.0,0.3,0.5,66.01237483978271,2.7422447377563612,28215.381414358446,1.2757078889990225,0.007088332319981418
Standard_GA,schaffers_f7,50,128,200,0.8,1.0,0.3,0.7,66.01237483978271,2.7422447377563612,28324.2887122956,1.3107867880025879,0.007061077580146957
Standard_GA,schaffers_f7,50,128,200,0.8,1.0,0.3,0.8,66.01237483978271,2.7422447377563612,28270.185952880256,1.2955802450014744,0.00707459088996984
Standard_GA,schaffers_f7,50,128,200,0.8,1.0,0.3,0.9,66.01237483978271,2.7422447377563612,28338.831941471217,1.3222197559953202,0.00705745389976073
Standard_GA,schaffers_f7,50,128,200,0.8,1.0,0.3,1.0,66.01237483978271,2.7422447377563612,28118.966167181716,1.3612450829823501,0.007112637029786128
Standard_GA,schaffers_f7,50,128,200,0.8,1.0,0.6,0.5,66.01237483978271,2.7422447377563612,28284.107610152598,1.3467394239851274,0.007071108721429482
Standard_GA,schaffers_f7,50,128,200,0.8,1.0,0.6,0.7,66.01237483978271,2.7422447377563612,28093.455582841863,1.3363792689924594,0.007119095741363708
Standard_GA,schaffers_f7,50,128,200,0.8,1.0,0.6,0.8,66.01237483978271,2.7422447377563612,28003.376086485,1.3200886310078204,0.007141996000136715
Standard_GA,schaffers_f7,50,128,200,0.8,1.0,0.6,0.9,66.01237483978271,2.7422447377563612,27894.003568224372,1.3366373789904173,0.007169999799807556
Standard_GA,schaffers_f7,50,128,200,0.8,1.0,0.6,1.0,66.01237483978271,2.7422447377563612,28367.031981701584,1.2993130949907936,0.007050437991856597
Standard_GA,schaffers_f7,50,128,200,0.8,1.0,0.7,0.5,66.01237483978271,2.7422447377563612,27922.870256187685,1.38034098900971,0.007162587447674014
Standard_GA,schaffers_f7,50,128,200,0.8,1.0,0.7,0.7,66.01237483978271,2.7422447377563612,28089.225455293927,1.4023635629855562,0.007120167849352583
Standard_GA,schaffers_f7,50,128,200,0.8,1.0,0.7,0.8,66.01237483978271,2.7422447377563612,28293.798664147675,1.385618494998198,0.007068686759739648
Standard_GA,schaffers_f7,50,128,200,0.8,1.0,0.7,0.9,66.01237483978271,2.7422447377563612,28379.655282140444,1.3665617920050863,0.007047301949642133
Standard_GA,schaffers_f7,50,128,200,0.8,1.0,0.7,1.0,66.01237483978271,2.7422447377563612,28343.453671842337,1.3932144299906213,0.007056303099670913
Standard_GA,schaffers_f7,50,128,200,0.9,0.5,0.5,0.5,66.01237483978271,2.7422447377563612,26631.138916005202,1.1475314649869688,0.007510005510121118
Standard_GA,schaffers_f7,50,128,200,0.9,0.5,0.5,0.7,66.01237483978271,2.7422447377563612,26769.609564427694,1.1172744570067152,0.007471158647967968
Standard_GA,schaffers_f7,50,128,200,0.9,0.5,0.5,0.8,66.01237483978271,2.7422447377563612,26842.671165384905,1.1254052569856867,0.007450823309191037
Standard_GA,schaffers_f7,50,128,200,0.9,0.5,0.5,0.9,66.01237483978271,2.7422447377563612,26801.201334043497,1.1323985060153063,0.007462352060538251
Standard_GA,schaffers_f7,50,128,200,0.9,0.5,0.5,1.0,66.01237483978271,2.7422447377563612,26800.169997003468,1.1241918919840828,0.007462639230361674
Standard_GA,schaffers_f7,50,128,200,0.9,0.5,0.2,0.5,66.01237483978271,2.7422447377563612,28359.949562919774,1.3143904320022557,0.007052198719757144
Standard_GA,schaffers_f7,50,128,200,0.9,0.5,0.2,0.7,66.01237483978271,2.7422447377563612,28801.675331842755,1.3182317950122524,0.006944040500966367
Standard_GA,schaffers_f7,50,128,200,0.9,0.5,0.2,0.8,66.01237483978271,2.7422447377563612,28391.162050017792,1.3130107629986014,0.007044445720384829
Standard_GA,schaffers_f7,50,128,200,0.9,0.5,0.2,0.9,66.01237483978271,2.7422447377563612,28470.56894104835,1.2931001379911322,0.0070247981490683745
Standard_GA,schaffers_f7,50,128,200,0.9,0.5,0.2,1.0,66.01237483978271,2.7422447377563612,28458.607272720703,1.3091821830021217,0.007027750799024944
Standard_GA,schaffers_f7,50,128,200,0.9,0.5,0.4,0.5,66.01237483978271,2.7422447377563612,28169.88127750397,1.295850458991481,0.007099781430733856
Standard_GA,schaffers_f7,50,128,200,0.9,0.5,0.4,0.7,66.01237483978271,2.7422447377563612,28132.17104793554,1.3123207120224833,0.0071092984490678645
Standard_GA,schaffers_f7,50,128,200,0.9,0.5,0.4,0.8,66.01237483978271,2.7422447377563612,28437.232330158975,1.3459191629954148,0.00703303323185537
Standard_GA,schaffers_f7,50,128,200,0.9,0.5,0.4,0.9,66.01237483978271,2.7422447377563612,28206.446739775307,1.3524099760106765,0.007090577620256226
Standard_GA,schaffers_f7,50,128,200,0.9,0.5,0.4,1.0,66.01237483978271,2.7422447377563612,28095.56685424627,1.3262909920013044,0.007118560769304168
Standard_GA,schaffers_f7,50,128,200,0.9,0.5,0.3,0.5,66.01237483978271,2.7422447377563612,28249.058623568115,1.3320348779961932,0.007079881941026542
Standard_GA,schaffers_f7,50,128,200,0.9,0.5,0.3,0.7,66.01237483978271,2.7422447377563612,28224.049350042606,1.3084366460097954,0.0070861554102157245
Standard_GA,schaffers_f7,50,128,200,0.9,0.5,0.3,0.8,66.01237483978271,2.7422447377563612,27925.222869394853,1.3082368799950927,0.007161984021950047
Standard_GA,schaffers_f7,50,128,200,0.9,0.5,0.3,0.9,66.01237483978271,2.7422447377563612,28347.971754528204,1.293715137988329,0.007055178470327519
Standard_GA,schaffers_f7,50,128,200,0.9,0.5,0.3,1.0,66.01237483978271,2.7422447377563612,28346.2335391394,1.2815229929983616,0.007055611099931411
Standard_GA,schaffers_f7,50,128,200,0.9,0.5,0.6,0.5,66.01237483978271,2.7422447377563612,28250.683195066853,1.2941777470114175,0.007079474808415398
Standard_GA,schaffers_f7,50,128,200,0.9,0.5,0.6,0.7,66.01237483978271,2.7422447377563612,28190.802672243502,1.267583298991667,0.007094512431067414
Standard_GA,schaffers_f7,50,128,200,0.9,0.5,0.6,0.8,66.01237483978271,2.7422447377563612,28516.89237814717,1.3154313410050236,0.007013386919861659
Standard_GA,schaffers_f7,50,128,200,0.9,0.5,0.6,0.9,66.01237483978271,2.7422447377563612,28661.059971502073,1.3171223280078266,0.006978108981275
Standard_GA,schaffers_f7,50,128,200,0.9,0.5,0.6,1.0,66.01237483978271,2.7422447377563612,28484.838365956406,1.307164069992723,0.00702127908996772
Standard_GA,schaffers_f7,50,128,200,0.9,0.5,0.7,0.5,66.01237483978271,2.7422447377563612,28160.51389810907,1.3547865670116153,0.007102143118681852
Standard_GA,schaffers_f7,50,128,200,0.9,0.5,0.7,0.7,66.01237483978271,2.7422447377563612,28224.893138075404,1.4129663209896535,0.007085943568381481
Standard_GA,schaffers_f7,50,128,200,0.9,0.5,0.7,0.8,66.01237483978271,2.7422447377563612,28357.46128486007,1.3805538390006404,0.0070528175280196595
Standard_GA,schaffers_f7,50,128,200,0.9,0.5,0.7,0.9,66.01237483978271,2.7422447377563612,28290.84078087991,1.348307609994663,0.00706942580989562
Standard_GA,schaffers_f7,50,128,200,0.9,0.5,0.7,1.0,66.01237483978271,2.7422447377563612,28293.879957223795,1.3635400109924376,0.007068666450213641
Standard_GA,schaffers_f7,50,128,200,0.9,0.8,0.5,0.5,66.01237483978271,2.7422447377563612,26824.9095253662,1.1327833269897383,0.007455756740237121
Standard_GA,schaffers_f7,50,128,200,0.9,0.8,0.5,0.7,66.01237483978271,2.7422447377563612,26931.18530940172,1.1453919949999545,0.007426334849442356
Standard_GA,schaffers_f7,50,128,200,0.9,0.8,0.5,0.8,66.01237483978271,2.7422447377563612,26931.255802025047,1.164887771999929,0.007426315410993993
Standard_GA,schaffers_f7,50,128,200,0.9,0.8,0.5,0.9,66.01237483978271,2.7422447377563612,26828.562587676235,1.1296019100118428,0.007454741540714167
Standard_GA,schaffers_f7,50,128,200,0.9,0.8,0.5,1.0,66.01237483978271,2.7422447377563612,26961.16316668652,1.125092702015536,0.0074180775793502105
Standard_GA,schaffers_f7,50,128,200,0.9,0.8,0.2,0.5,66.01237483978271,2.7422447377563612,28334.62152669551,1.3109439679828938,0.007058502610016148
Standard_GA,schaffers_f7,50,128,200,0.9,0.8,0.2,0.7,66.01237483978271,2.7422447377563612,28484.71393846779,1.2913911440118682,0.007021309760457371
Standard_GA,schaffers_f7,50,128,200,0.9,0.8,0.2,0.8,66.01237483978271,2.7422447377563612,28672.790446546755,1.2956906820181757,0.006975254130666144
Standard_GA,schaffers_f7,50,128,200,0.9,0.8,0.2,0.9,66.01237483978271,2.7422447377563612,28634.963711471097,1.3052834349800833,0.006984468428709078
Standard_GA,schaffers_f7,50,128,200,0.9,0.8,0.2,1.0,66.01237483978271,2.7422447377563612,28091.70015840638,1.2998789940029383,0.0071195406070910395
Standard_GA,schaffers_f7,50,128,200,0.9,0.8,0.4,0.5,66.01237483978271,2.7422447377563612,28300.155622505292,1.353392344986787,0.007067098947009072
Standard_GA,schaffers_f7,50,128,200,0.9,0.8,0.4,0.7,66.01237483978271,2.7422447377563612,28390.384516100854,1.3068239350104704,0.007044638648221735
Standard_GA,schaffers_f7,50,128,200,0.9,0.8,0.4,0.8,66.01237483978271,2.7422447377563612,28185.24592976382,1.3320155059918761,0.007095911119540688
Standard_GA,schaffers_f7,50,128,200,0.9,0.8,0.4,0.9,66.01237483978271,2.7422447377563612,28128.628950041177,1.3387347779935226,0.007110193687549326
Standard_GA,schaffers_f7,50,128,200,0.9,0.8,0.4,1.0,66.01237483978271,2.7422447377563612,28035.5065086043,1.3597085109795444,0.007133810831583105
Standard_GA,schaffers_f7,50,128,200,0.9,0.8,0.3,0.5,66.01237483978271,2.7422447377563612,28429.0380810561,1.3208407140045892,0.007035060399502981
Standard_GA,schaffers_f7,50,128,200,0.9,0.8,0.3,0.7,66.01237483978271,2.7422447377563612,28294.499911073213,1.280536550009856,0.007068511570396368
Standard_GA,schaffers_f7,50,128,200,0.9,0.8,0.3,0.8,66.01237483978271,2.7422447377563612,28129.587100463315,1.2936145029962063,0.007109951500024181
Standard_GA,schaffers_f7,50,128,200,0.9,0.8,0.3,0.9,66.01237483978271,2.7422447377563612,28327.575050035794,1.2956592249975074,0.007060258410638199
Standard_GA,schaffers_f7,50,128,200,0.9,0.8,0.3,1.0,66.01237483978271,2.7422447377563612,28013.27923391243,1.2733496259897947,0.007139471189002506
Standard_GA,schaffers_f7,50,128,200,0.9,0.8,0.6,0.5,66.01237483978271,2.7422447377563612,27981.157302849424,1.3030140350165311,0.00714766719029285
Standard_GA,schaffers_f7,50,128,200,0.9,0.8,0.6,0.7,66.01237483978271,2.7422447377563612,28177.978974632017,1.3191563169821166,0.007097741118341219
Standard_GA,schaffers_f7,50,128,200,0.9,0.8,0.6,0.8,66.01237483978271,2.7422447377563612,28220.710051897742,1.2690108880051412,0.007086993900302332
Standard_GA,schaffers_f7,50,128,200,0.9,0.8,0.6,0.9,66.01237483978271,2.7422447377563612,28070.951383551237,1.2991883429931477,0.007124803048791364
Standard_GA,schaffers_f7,50,128,200,0.9,0.8,0.6,1.0,66.01237483978271,2.7422447377563612,28205.654899964557,1.2844596169888973,0.007090776679688133
Standard_GA,schaffers_f7,50,128,200,0.9,0.8,0.7,0.5,66.01237483978271,2.7422447377563612,28370.372362412465,1.3412645540083759,0.007049607860099058
Standard_GA,schaffers_f7,50,128,200,0.9,0.8,0.7,0.7,66.01237483978271,2.7422447377563612,28088.996291608233,1.3529103260079864,0.007120225939142983
Standard_GA,schaffers_f7,50,128,200,0.9,0.8,0.7,0.8,66.01237483978271,2.7422447377563612,28200.276672000848,1.3861676820088178,0.007092129000229761
Standard_GA,schaffers_f7,50,128,200,0.9,0.8,0.7,0.9,66.01237483978271,2.7422447377563612,28004.33074868637,1.3640291159972548,0.007141752530878875
Standard_GA,schaffers_f7,50,128,200,0.9,0.8,0.7,1.0,66.01237483978271,2.7422447377563612,28308.322050085906,1.383305807976285,0.007065060219611041
Standard_GA,schaffers_f7,50,128,200,0.9,1.0,0.5,0.5,66.01237483978271,2.7422447377563612,26947.710048959332,1.159548293973785,0.00742178090964444
Standard_GA,schaffers_f7,50,128,200,0.9,1.0,0.5,0.7,66.01237483978271,2.7422447377563612,26881.59238092155,1.132910685002571,0.007440035440085921
Standard_GA,schaffers_f7,50,128,200,0.9,1.0,0.5,0.8,66.01237483978271,2.7422447377563612,26675.634943678793,1.1402661229949445,0.007497478520090226
Standard_GA,schaffers_f7,50,128,200,0.9,1.0,0.5,0.9,66.01237483978271,2.7422447377563612,27018.660807233857,1.1300408910028636,0.007402291380276438
Standard_GA,schaffers_f7,50,128,200,0.9,1.0,0.5,1.0,66.01237483978271,2.7422447377563612,26693.140104317466,1.1243724149826448,0.007492561730032321
Standard_GA,schaffers_f7,50,128,200,0.9,1.0,0.2,0.5,66.01237483978271,2.7422447377563612,28204.01085393245,1.3217452129756566,0.007091190009668935
Standard_GA,schaffers_f7,50,128,200,0.9,1.0,0.2,0.7,66.01237483978271,2.7422447377563612,28183.20836781921,1.2941956539871171,0.007096424132760149
Standard_GA,schaffers_f7,50,128,200,0.9,1.0,0.2,0.8,66.01237483978271,2.7422447377563612,28367.19778583069,1.2848531269992236,0.0070503967825789006
Standard_GA,schaffers_f7,50,128,200,0.9,1.0,0.2,0.9,66.01237483978271,2.7422447377563612,28535.384660357257,1.322442664008122,0.0070088419126113875
Standard_GA,schaffers_f7,50,128,200,0.9,1.0,0.2,1.0,66.01237483978271,2.7422447377563612,28307.222619788263,1.316569240996614,0.007065334621001966
Standard_GA,schaffers_f7,50,128,200,0.9,1.0,0.4,0.5,66.01237483978271,2.7422447377563612,28099.471918927196,1.369308616995113,0.007117571482376661
Standard_GA,schaffers_f7,50,128,200,0.9,1.0,0.4,0.7,66.01237483978271,2.7422447377563612,28379.705455159983,1.3641515970230103,0.007047289490583353
Standard_GA,schaffers_f7,50,128,200,0.9,1.0,0.4,0.8,66.01237483978271,2.7422447377563612,28095.410759879127,1.3109405700233765,0.0071186003190814515
Standard_GA,schaffers_f7,50,128,200,0.9,1.0,0.4,0.9,66.01237483978271,2.7422447377563612,28420.679679758767,1.3433825740066823,0.007037129380914848
Standard_GA,schaffers_f7,50,128,200,0.9,1.0,0.4,1.0,66.01237483978271,2.7422447377563612,28289.361813197866,1.3350131239858456,0.00706979539943859
Standard_GA,schaffers_f7,50,128,200,0.9,1.0,0.3,0.5,66.01237483978271,2.7422447377563612,28325.97914726632,1.3125004199973773,0.00706065618986031
Standard_GA,schaffers_f7,50,128,200,0.9,1.0,0.3,0.7,66.01237483978271,2.7422447377563612,28687.413377258443,1.2726453930081334,0.006971698611159809
Standard_GA,schaffers_f7,50,128,200,0.9,1.0,0.3,0.8,66.01237483978271,2.7422447377563612,28649.950800855906,1.3131511620013043,0.006980814780108631
Standard_GA,schaffers_f7,50,128,200,0.9,1.0,0.3,0.9,66.01237483978271,2.7422447377563612,28622.344780340907,1.285113942984026,0.006987547719618305
Standard_GA,schaffers_f7,50,128,200,0.9,1.0,0.3,1.0,66.01237483978271,2.7422447377563612,28564.593922014134,1.2812758660002146,0.007001674889761489
Standard_GA,schaffers_f7,50,128,200,0.9,1.0,0.6,0.5,66.01237483978271,2.7422447377563612,28430.894373683488,1.2941519970190711,0.0070346010706271046
Standard_GA,schaffers_f7,50,128,200,0.9,1.0,0.6,0.7,66.01237483978271,2.7422447377563612,28671.74497924582,1.3194832500012126,0.00697550847165985
Standard_GA,schaffers_f7,50,128,200,0.9,1.0,0.6,0.8,66.01237483978271,2.7422447377563612,28727.465993326656,1.3169171629997436,0.0069619784789392725
Standard_GA,schaffers_f7,50,128,200,0.9,1.0,0.6,0.9,66.01237483978271,2.7422447377563612,28540.4169314963,1.3663153530214913,0.007007606107508764
Standard_GA,schaffers_f7,50,128,200,0.9,1.0,0.6,1.0,66.01237483978271,2.7422447377563612,28448.14479710845,1.2994255280063953,0.007030335419985931
Standard_GA,schaffers_f7,50,128,200,0.9,1.0,0.7,0.5,66.01237483978271,2.7422447377563612,28282.576358020797,1.382340328011196,0.007071491559618153
Standard_GA,schaffers_f7,50,128,200,0.9,1.0,0.7,0.7,66.01237483978271,2.7422447377563612,27975.378953282627,1.3718971610069275,0.007149143549904693
Standard_GA,schaffers_f7,50,128,200,0.9,1.0,0.7,0.8,66.01237483978271,2.7422447377563612,28262.0674151709,1.369069280975964,0.007076623130997177
Standard_GA,schaffers_f7,50,128,200,0.9,1.0,0.7,0.9,66.01237483978271,2.7422447377563612,28167.283705431284,1.3610050689894706,0.007100436168839224
Standard_GA,schaffers_f7,50,128,200,0.9,1.0,0.7,1.0,66.01237483978271,2.7422447377563612,28115.626505390872,1.3872555920097511,0.007113481890992261
Standard_GA,schaffers_f7,50,128,200,1.0,0.5,0.5,0.5,66.01237483978271,2.7422447377563612,26734.938934396192,1.1279400770145003,0.007480847459228244
Standard_GA,schaffers_f7,50,128,200,1.0,0.5,0.5,0.7,66.01237483978271,2.7422447377563612,26925.542945656467,1.1423881340015214,0.007427891069964971
Standard_GA,schaffers_f7,50,128,200,1.0,0.5,0.5,0.8,66.01237483978271,2.7422447377563612,26982.01620787244,1.1262510860105976,0.007412344520853367
Standard_GA,schaffers_f7,50,128,200,1.0,0.5,0.5,0.9,66.01237483978271,2.7422447377563612,27076.03817744338,1.1587099250173196,0.0073866050376091156
Standard_GA,schaffers_f7,50,128,200,1.0,0.5,0.5,1.0,66.01237483978271,2.7422447377563612,27002.96494392274,1.1526688869926147,0.007406594069034327
Standard_GA,schaffers_f7,50,128,200,1.0,0.5,0.2,0.5,66.01237483978271,2.7422447377563612,28183.446153348268,1.327792303985916,0.007096364259778057
Standard_GA,schaffers_f7,50,128,200,1.0,0.5,0.2,0.7,66.01237483978271,2.7422447377563612,28130.817270626936,1.316262734006159,0.007109640579437837
Standard_GA,schaffers_f7,50,128,200,1.0,0.5,0.2,0.8,66.01237483978271,2.7422447377563612,28353.73623592367,1.3400612540135626,0.0070537441110354844
Standard_GA,schaffers_f7,50,128,200,1.0,0.5,0.2,0.9,66.01237483978271,2.7422447377563612,28595.39808977637,1.2966986460087355,0.006994132390536834
Standard_GA,schaffers_f7,50,128,200,1.0,0.5,0.2,1.0,66.01237483978271,2.7422447377563612,28114.49086423447,1.3354515309911221,0.007113769229035825
Standard_GA,schaffers_f7,50,128,200,1.0,0.5,0.4,0.5,66.01237483978271,2.7422447377563612,28132.897421467147,1.3622603580006398,0.007109114891500212
Standard_GA,schaffers_f7,50,128,200,1.0,0.5,0.4,0.7,66.01237483978271,2.7422447377563612,28176.81283449614,1.356007533002412,0.007098034869122785
Standard_GA,schaffers_f7,50,128,200,1.0,0.5,0.4,0.8,66.01237483978271,2.7422447377563612,28176.820964515256,1.3461808589927386,0.007098032821086235
Standard_GA,schaffers_f7,50,128,200,1.0,0.5,0.4,0.9,66.01237483978271,2.7422447377563612,28401.05981922432,1.350400093011558,0.007041990731086117
Standard_GA,schaffers_f7,50,128,200,1.0,0.5,0.4,1.0,66.01237483978271,2.7422447377563612,28522.141987673418,1.3337755069951527,0.007012096079124603
Standard_GA,schaffers_f7,50,128,200,1.0,0.5,0.3,0.5,66.01237483978271,2.7422447377563612,28555.367032979404,1.3123439170012716,0.00700393729028292
Standard_GA,schaffers_f7,50,128,200,1.0,0.5,0.3,0.7,66.01237483978271,2.7422447377563612,28638.774854815467,1.3200813790026587,0.0069835389612126165
Standard_GA,schaffers_f7,50,128,200,1.0,0.5,0.3,0.8,66.01237483978271,2.7422447377563612,28396.274111874918,1.3226939799787942,0.007043177538434975
Standard_GA,schaffers_f7,50,128,200,1.0,0.5,0.3,0.9,66.01237483978271,2.7422447377563612,28331.273277808894,1.3125966099905781,0.007059336798556614
Standard_GA,schaffers_f7,50,128,200,1.0,0.5,0.3,1.0,66.01237483978271,2.7422447377563612,28429.331868151636,1.33147039700998,0.007034987699589692
Standard_GA,schaffers_f7,50,128,200,1.0,0.5,0.6,0.5,66.01237483978271,2.7422447377563612,28069.990513606666,1.2972343759902287,0.0071250469394726675
Standard_GA,schaffers_f7,50,128,200,1.0,0.5,0.6,0.7,66.01237483978271,2.7422447377563612,28318.154348087355,1.3412949530174956,0.007062607172119897
Standard_GA,schaffers_f7,50,128,200,1.0,0.5,0.6,0.8,66.01237483978271,2.7422447377563612,28331.44087294623,1.3013367069943342,0.007059295038925484
Standard_GA,schaffers_f7,50,128,200,1.0,0.5,0.6,0.9,66.01237483978271,2.7422447377563612,28217.969007622905,1.311200969008496,0.007087682318524457
Standard_GA,schaffers_f7,50,128,200,1.0,0.5,0.6,1.0,66.01237483978271,2.7422447377563612,28239.2820811349,1.3098594300099649,0.007082333021971862
Standard_GA,schaffers_f7,50,128,200,1.0,0.5,0.7,0.5,66.01237483978271,2.7422447377563612,28234.593784566954,1.4094099640205968,0.007083509028889239
Standard_GA,schaffers_f7,50,128,200,1.0,0.5,0.7,0.7,66.01237483978271,2.7422447377563612,28169.334941905883,1.418000484991353,0.0070999191288137805
Standard_GA,schaffers_f7,50,128,200,1.0,0.5,0.7,0.8,66.01237483978271,2.7422447377563612,28153.44495173368,1.4169200889882632,0.0071039263700367885
Standard_GA,schaffers_f7,50,128,200,1.0,0.5,0.7,0.9,66.01237483978271,2.7422447377563612,28186.963500681202,1.392227577016456,0.007095478730625473
Standard_GA,schaffers_f7,50,128,200,1.0,0.5,0.7,1.0,66.01237483978271,2.7422447377563612,27976.846369657997,1.390684005978983,0.007148768569459207
Standard_GA,schaffers_f7,50,128,200,1.0,0.8,0.5,0.5,66.01237483978271,2.7422447377563612,26864.017584845704,1.1537648279918358,0.007444902809802443
Standard_GA,schaffers_f7,50,128,200,1.0,0.8,0.5,0.7,66.01237483978271,2.7422447377563612,26797.14199096678,1.1557460360054392,0.0074634824888198635
Standard_GA,schaffers_f7,50,128,200,1.0,0.8,0.5,0.8,66.01237483978271,2.7422447377563612,26870.38614637263,1.1342546279774979,0.007443138290254865
Standard_GA,schaffers_f7,50,128,200,1.0,0.8,0.5,0.9,66.01237483978271,2.7422447377563612,26924.136041983547,1.1234288990090135,0.007428279209707398
Standard_GA,schaffers_f7,50,128,200,1.0,0.8,0.5,1.0,66.01237483978271,2.7422447377563612,26822.22976236369,1.1464292379969265,0.007456501632113941
Standard_GA,schaffers_f7,50,128,200,1.0,0.8,0.2,0.5,66.01237483978271,2.7422447377563612,28169.104305261706,1.3264132020121906,0.00709997725993162
Standard_GA,schaffers_f7,50,128,200,1.0,0.8,0.2,0.7,66.01237483978271,2.7422447377563612,27981.502779741786,1.3117293649993371,0.0071475789407850245
Standard_GA,schaffers_f7,50,128,200,1.0,0.8,0.2,0.8,66.01237483978271,2.7422447377563612,28220.88295325571,1.3160832549910992,0.007086950480297674
Standard_GA,schaffers_f7,50,128,200,1.0,0.8,0.2,0.9,66.01237483978271,2.7422447377563612,28249.168389432147,1.2956076760019641,0.00707985443121288
Standard_GA,schaffers_f7,50,128,200,1.0,0.8,0.2,1.0,66.01237483978271,2.7422447377563612,28205.116750779827,1.3040809750091285,0.007090911970590241
Standard_GA,schaffers_f7,50,128,200,1.0,0.8,0.4,0.5,66.01237483978271,2.7422447377563612,28316.414179652205,1.3663093649956863,0.007063041200453881
Standard_GA,schaffers_f7,50,128,200,1.0,0.8,0.4,0.7,66.01237483978271,2.7422447377563612,28041.701045462578,1.3220516930159647,0.007132234940945637
Standard_GA,schaffers_f7,50,128,200,1.0,0.8,0.4,0.8,66.01237483978271,2.7422447377563612,28135.489931296615,1.3794513969914988,0.007108459830924403
Standard_GA,schaffers_f7,50,128,200,1.0,0.8,0.4,0.9,66.01237483978271,2.7422447377563612,28502.177645727315,1.3477104750054423,0.007017007699760143
Standard_GA,schaffers_f7,50,128,200,1.0,0.8,0.4,1.0,66.01237483978271,2.7422447377563612,28287.08981613405,1.3831598550023045,0.007070363239909057
Standard_GA,schaffers_f7,50,128,200,1.0,0.8,0.3,0.5,66.01237483978271,2.7422447377563612,28127.0705253728,1.2965041260176804,0.007110587639035657
Standard_GA,schaffers_f7,50,128,200,1.0,0.8,0.3,0.7,66.01237483978271,2.7422447377563612,28469.037237041863,1.3010006479744334,0.007025176100432873
Standard_GA,schaffers_f7,50,128,200,1.0,0.8,0.3,0.8,66.01237483978271,2.7422447377563612,28534.08108582737,1.296939466992626,0.007009162110334728
Standard_GA,schaffers_f7,50,128,200,1.0,0.8,0.3,0.9,66.01237483978271,2.7422447377563612,28585.85699874336,1.3055998090130743,0.006996466819546185
Standard_GA,schaffers_f7,50,128,200,1.0,0.8,0.3,1.0,66.01237483978271,2.7422447377563612,28622.367269059123,1.3125865920155775,0.006987542229471728
Standard_GA,schaffers_f7,50,128,200,1.0,0.8,0.6,0.5,66.01237483978271,2.7422447377563612,28588.97383101018,1.3084553590160795,0.006995704049477354
Standard_GA,schaffers_f7,50,128,200,1.0,0.8,0.6,0.7,66.01237483978271,2.7422447377563612,28307.088562757323,1.2941784659924451,0.007065368081093766
Standard_GA,schaffers_f7,50,128,200,1.0,0.8,0.6,0.8,66.01237483978271,2.7422447377563612,28146.395049756953,1.3128283109981567,0.007105705709254835
Standard_GA,schaffers_f7,50,128,200,1.0,0.8,0.6,0.9,66.01237483978271,2.7422447377563612,28219.38820475014,1.2888573049858678,0.0070873258679057475
Standard_GA,schaffers_f7,50,128,200,1.0,0.8,0.6,1.0,66.01237483978271,2.7422447377563612,28285.33457470336,1.3158641190093476,0.007070801990048494
Standard_GA,schaffers_f7,50,128,200,1.0,0.8,0.7,0.5,66.01237483978271,2.7422447377563612,28479.704234474437,1.3653508319985121,0.007022544839419425
Standard_GA,schaffers_f7,50,128,200,1.0,0.8,0.7,0.7,66.01237483978271,2.7422447377563612,28333.39911649408,1.3928127990220673,0.007058807140565477
Standard_GA,schaffers_f7,50,128,200,1.0,0.8,0.7,0.8,66.01237483978271,2.7422447377563612,28469.92227916437,1.376670325989835,0.007024957709363662
Standard_GA,schaffers_f7,50,128,200,1.0,0.8,0.7,0.9,66.01237483978271,2.7422447377563612,28242.401373327502,1.3890889390022494,0.007081550798611716
Standard_GA,schaffers_f7,50,128,200,1.0,0.8,0.7,1.0,66.01237483978271,2.7422447377563612,28380.659901456325,1.380545975989662,0.007047052489069756
Standard_GA,schaffers_f7,50,128,200,1.0,1.0,0.5,0.5,66.01237483978271,2.7422447377563612,27067.852770173555,1.1401741959853098,0.007388838771148585
Standard_GA,schaffers_f7,50,128,200,1.0,1.0,0.5,0.7,66.01237483978271,2.7422447377563612,27112.710921355778,1.1473817160003819,0.007376613890810404
Standard_GA,schaffers_f7,50,128,200,1.0,1.0,0.5,0.8,66.01237483978271,2.7422447377563612,26930.45709544437,1.1510195570008364,0.007426535661506932
Standard_GA,schaffers_f7,50,128,200,1.0,1.0,0.5,0.9,66.01237483978271,2.7422447377563612,27111.11460479286,1.1396643590123858,0.007377048229682259
Standard_GA,schaffers_f7,50,128,200,1.0,1.0,0.5,1.0,66.01237483978271,2.7422447377563612,26809.32159710057,1.1228239179763477,0.007460091792163439
Standard_GA,schaffers_f7,50,128,200,1.0,1.0,0.2,0.5,66.01237483978271,2.7422447377563612,28191.594522617084,1.3161140299926046,0.007094313159177546
Standard_GA,schaffers_f7,50,128,200,1.0,1.0,0.2,0.7,66.01237483978271,2.7422447377563612,28436.395177943967,1.3008624310023151,0.007033240280579775
Standard_GA,schaffers_f7,50,128,200,1.0,1.0,0.2,0.8,66.01237483978271,2.7422447377563612,28489.640504875133,1.2861265519750305,0.007020095601619687
Standard_GA,schaffers_f7,50,128,200,1.0,1.0,0.2,0.9,66.01237483978271,2.7422447377563612,28326.453550150614,1.2949093279894441,0.00706053794012405
Standard_GA,schaffers_f7,50,128,200,1.0,1.0,0.2,1.0,66.01237483978271,2.7422447377563612,28137.52011054023,1.3007698589935899,0.007107946941105183
Standard_GA,schaffers_f7,50,128,200,1.0,1.0,0.4,0.5,66.01237483978271,2.7422447377563612,28304.45336881877,1.3472003060160205,0.007066025879175868
Standard_GA,schaffers_f7,50,128,200,1.0,1.0,0.4,0.7,66.01237483978271,2.7422447377563612,28497.524263144755,1.3545264019921888,0.0070181535123265346
Standard_GA,schaffers_f7,50,128,200,1.0,1.0,0.4,0.8,66.01237483978271,2.7422447377563612,28107.433984777403,1.3815122749947477,0.007115555269410834
Standard_GA,schaffers_f7,50,128,200,1.0,1.0,0.4,0.9,66.01237483978271,2.7422447377563612,28406.25814972999,1.3794373019773047,0.007040702050435357
Standard_GA,schaffers_f7,50,128,200,1.0,1.0,0.4,1.0,66.01237483978271,2.7422447377563612,28306.829587031185,1.378071031998843,0.0070654327212832865
Standard_GA,schaffers_f7,50,128,200,1.0,1.0,0.3,0.5,66.01237483978271,2.7422447377563612,28159.199053600663,1.3144548120035324,0.0071024747408228
Standard_GA,schaffers_f7,50,128,200,1.0,1.0,0.3,0.7,66.01237483978271,2.7422447377563612,28243.36537980009,1.3357064469892066,0.007081309090135619
Standard_GA,schaffers_f7,50,128,200,1.0,1.0,0.3,0.8,66.01237483978271,2.7422447377563612,28268.847106616413,1.310303106001811,0.007074925951019395
Standard_GA,schaffers_f7,50,128,200,1.0,1.0,0.3,0.9,66.01237483978271,2.7422447377563612,28062.177306063397,1.269080750993453,0.0071270307296072135
Standard_GA,schaffers_f7,50,128,200,1.0,1.0,0.3,1.0,66.01237483978271,2.7422447377563612,28221.478641834037,2.2913008669856936,0.007086800891556777
Standard_GA,schaffers_f7,50,128,200,1.0,1.0,0.6,0.5,66.01237483978271,2.7422447377563612,28436.499856047772,1.3298510150052607,0.007033214390394278
Standard_GA,schaffers_f7,50,128,200,1.0,1.0,0.6,0.7,66.01237483978271,2.7422447377563612,28639.71403281847,1.3324395779927727,0.006983309951028787
Standard_GA,schaffers_f7,50,128,200,1.0,1.0,0.6,0.8,66.01237483978271,2.7422447377563612,28118.58894361807,1.3501454590004869,0.007112732449022587
Standard_GA,schaffers_f7,50,128,200,1.0,1.0,0.6,0.9,66.01237483978271,2.7422447377563612,28536.919651311244,1.3113873479887843,0.0070084649094496855
Standard_GA,schaffers_f7,50,128,200,1.0,1.0,0.6,1.0,66.01237483978271,2.7422447377563612,28180.911903080636,1.2715472650015727,0.0070970024209236725
Standard_GA,schaffers_f7,50,128,200,1.0,1.0,0.7,0.5,66.01237483978271,2.7422447377563612,28561.56430622506,1.3665331189986318,0.007002417579642497
Standard_GA,schaffers_f7,50,128,200,1.0,1.0,0.7,0.7,66.01237483978271,2.7422447377563612,28460.463297610255,1.3521354700205848,0.007027292490238324
Standard_GA,schaffers_f7,50,128,200,1.0,1.0,0.7,0.8,66.01237483978271,2.7422447377563612,28475.162019185263,1.3689549280097708,0.007023665040615015
Standard_GA,schaffers_f7,50,128,200,1.0,1.0,0.7,0.9,66.01237483978271,2.7422447377563612,28138.170569094327,1.3877632200019434,0.007107782629609574
Standard_GA,schaffers_f7,50,128,200,1.0,1.0,0.7,1.0,66.01237483978271,2.7422447377563612,28288.20760377163,1.4708181590249296,0.007070083859725855
Standard_GA,rastrigin,50,128,200,0.8,0.5,0.5,0.5,3140.6457641601564,412.4882110958359,31659.486357274956,1.130284174985718,0.006317221882345621
Standard_GA,rastrigin,50,128,200,0.8,0.5,0.5,0.7,3140.6457641601564,412.4882110958359,32123.161382366285,1.041552911978215,0.006226037270098459
Standard_GA,rastrigin,50,128,200,0.8,0.5,0.5,0.8,3140.6457641601564,412.4882110958359,31936.7409899975,1.057991858018795,0.006262379748222884
Standard_GA,rastrigin,50,128,200,0.8,0.5,0.5,0.9,3140.6457641601564,412.4882110958359,32407.61642692905,1.059626923990436,0.0061713887675432485
Standard_GA,rastrigin,50,128,200,0.8,0.5,0.5,1.0,3140.6457641601564,412.4882110958359,32173.56304192818,1.0688527479942422,0.00621628383960342
Standard_GA,rastrigin,50,128,200,0.8,0.5,0.2,0.5,3140.6457641601564,412.4882110958359,31741.520513022442,1.192769432993373,0.006300895381427835
Standard_GA,rastrigin,50,128,200,0.8,0.5,0.2,0.7,3140.6457641601564,412.4882110958359,31529.311560366412,1.2189861650113016,0.006343303741887212
Standard_GA,rastrigin,50,128,200,0.8,0.5,0.2,0.8,3140.6457641601564,412.4882110958359,31459.764019494745,1.2410169040085748,0.006357326770666987
Standard_GA,rastrigin,50,128,200,0.8,0.5,0.2,0.9,3140.6457641601564,412.4882110958359,31112.736195905567,1.186772456014296,0.0064282356505282225
Standard_GA,rastrigin,50,128,200,0.8,0.5,0.2,1.0,3140.6457641601564,412.4882110958359,31277.385552702362,1.2104761369992048,0.006394396349496674
Standard_GA,rastrigin,50,128,200,0.8,0.5,0.4,0.5,3140.6457641601564,412.4882110958359,31705.77652910436,1.2558624730154406,0.0063079987905803134
Standard_GA,rastrigin,50,128,200,0.8,0.5,0.4,0.7,3140.6457641601564,412.4882110958359,31451.1185446646,1.2672737420070916,0.006359074311330914
Standard_GA,rastrigin,50,128,200,0.8,0.5,0.4,0.8,3140.6457641601564,412.4882110958359,31512.780100972668,1.2642145229910966,0.0063466314098332074
Standard_GA,rastrigin,50,128,200,0.8,0.5,0.4,0.9,3140.6457641601564,412.4882110958359,31630.036765011777,1.2566840880026575,0.006323103620961774
Standard_GA,rastrigin,50,128,200,0.8,0.5,0.4,1.0,3140.6457641601564,412.4882110958359,31862.741933405687,1.2590023020165972,0.006276923700352199
Standard_GA,rastrigin,50,128,200,0.8,0.5,0.3,0.5,3140.6457641601564,412.4882110958359,31485.45790805658,1.199166909995256,0.006352138837683014
Standard_GA,rastrigin,50,128,200,0.8,0.5,0.3,0.7,3140.6457641601564,412.4882110958359,31046.29372146054,1.2126197800098453,0.006441992780019064
Standard_GA,rastrigin,50,128,200,0.8,0.5,0.3,0.8,3140.6457641601564,412.4882110958359,31314.622908733967,1.2178714229958132,0.006386792540433816
Standard_GA,rastrigin,50,128,200,0.8,0.5,0.3,0.9,3140.6457641601564,412.4882110958359,31304.752106501193,1.2286559339845553,0.006388806380564347
Standard_GA,rastrigin,50,128,200,0.8,0.5,0.3,1.0,3140.6457641601564,412.4882110958359,31720.831865541288,1.2435234940203372,0.006305004889145494
Standard_GA,rastrigin,50,128,200,0.8,0.5,0.6,0.5,3140.6457641601564,412.4882110958359,31463.956869998146,1.245019215013599,0.006356479600653984
Standard_GA,rastrigin,50,128,200,0.8,0.5,0.6,0.7,3140.6457641601564,412.4882110958359,31021.64463112349,1.2489087730064057,0.006447111440356821
Standard_GA,rastrigin,50,128,200,0.8,0.5,0.6,0.8,3140.6457641601564,412.4882110958359,31722.591324755907,1.2340110380027909,0.006304655188869219
Standard_GA,rastrigin,50,128,200,0.8,0.5,0.6,0.9,3140.6457641601564,412.4882110958359,31211.632657563652,1.224677252001129,0.006407867290836294
Standard_GA,rastrigin,50,128,200,0.8,0.5,0.6,1.0,3140.6457641601564,412.4882110958359,31480.59819488902,1.218983266997384,0.006353119428094942
Standard_GA,rastrigin,50,128,200,0.8,0.5,0.7,0.5,3140.6457641601564,412.4882110958359,31631.53133102011,1.335579314007191,0.0063228048590826804
Standard_GA,rastrigin,50,128,200,0.8,0.5,0.7,0.7,3140.6457641601564,412.4882110958359,31916.56983610575,1.3021158410119824,0.006266337549022865
Standard_GA,rastrigin,50,128,200,0.8,0.5,0.7,0.8,3140.6457641601564,412.4882110958359,31517.734779487204,1.330427086999407,0.006345633701130282
Standard_GA,rastrigin,50,128,200,0.8,0.5,0.7,0.9,3140.6457641601564,412.4882110958359,31552.383306860145,1.2910521250159945,0.006338665388757363
Standard_GA,rastrigin,50,128,200,0.8,0.5,0.7,1.0,3140.6457641601564,412.4882110958359,31750.18284671959,1.3094231190043502,0.006299176321772393
Standard_GA,rastrigin,50,128,200,0.8,0.8,0.5,0.5,3140.6457641601564,412.4882110958359,31738.347134479263,1.0630722269997932,0.0063015253804042
Standard_GA,rastrigin,50,128,200,0.8,0.8,0.5,0.7,3140.6457641601564,412.4882110958359,31718.66915937899,1.0463523960206658,0.006305434789683204
Standard_GA,rastrigin,50,128,200,0.8,0.8,0.5,0.8,3140.6457641601564,412.4882110958359,31866.59916923944,1.0593821369984653,0.006276163921284023
Standard_GA,rastrigin,50,128,200,0.8,0.8,0.5,0.9,3140.6457641601564,412.4882110958359,32368.282644508072,1.041300823999336,0.006178888209688011
Standard_GA,rastrigin,50,128,200,0.8,0.8,0.5,1.0,3140.6457641601564,412.4882110958359,32276.41406990612,1.0388348160195164,0.0061964752207859415
Standard_GA,rastrigin,50,128,200,0.8,0.8,0.2,0.5,3140.6457641601564,412.4882110958359,31711.87654448239,1.245627562981099,0.006306785400083754
Standard_GA,rastrigin,50,128,200,0.8,0.8,0.2,0.7,3140.6457641601564,412.4882110958359,31522.56259365956,1.2453154250106309,0.0063446618404123
Standard_GA,rastrigin,50,128,200,0.8,0.8,0.2,0.8,3140.6457641601564,412.4882110958359,31506.408717697333,1.217627784004435,0.006347914857324213
Standard_GA,rastrigin,50,128,200,0.8,0.8,0.2,0.9,3140.6457641601564,412.4882110958359,31546.313332058337,1.2020147899747826,0.006339885041234084
Standard_GA,rastrigin,50,128,200,0.8,0.8,0.2,1.0,3140.6457641601564,412.4882110958359,31782.45338331451,1.2207891620055307,0.006292780408984982
Standard_GA,rastrigin,50,128,200,0.8,0.8,0.4,0.5,3140.6457641601564,412.4882110958359,31459.211974166465,1.2449297700077295,0.006357438328850548
Standard_GA,rastrigin,50,128,200,0.8,0.8,0.4,0.7,3140.6457641601564,412.4882110958359,31421.600531430406,1.2459176229895093,0.006365048139414285
Standard_GA,rastrigin,50,128,200,0.8,0.8,0.4,0.8,3140.6457641601564,412.4882110958359,31163.762125400295,2.2323059420159552,0.006417710390524007
Standard_GA,rastrigin,50,128,200,0.8,0.8,0.4,0.9,3140.6457641601564,412.4882110958359,31587.493566808844,1.239524425007403,0.006331619809498079
Standard_GA,rastrigin,50,128,200,0.8,0.8,0.4,1.0,3140.6457641601564,412.4882110958359,31761.792946132024,1.2527318070060574,0.006296873741957825
Standard_GA,rastrigin,50,128,200,0.8,0.8,0.3,0.5,3140.6457641601564,412.4882110958359,31611.78518116827,1.2521246400137898,0.006326754368783441
Standard_GA,rastrigin,50,128,200,0.8,0.8,0.3,0.7,3140.6457641601564,412.4882110958359,31012.659004067355,1.2447278659965377,0.006448979430424515
Standard_GA,rastrigin,50,128,200,0.8,0.8,0.3,0.8,3140.6457641601564,412.4882110958359,31606.063551427647,1.2162440130196046,0.0063278996979352084
Standard_GA,rastrigin,50,128,200,0.8,0.8,0.3,0.9,3140.6457641601564,412.4882110958359,31849.75112178828,1.2168471769837197,0.006279483919206541
Standard_GA,rastrigin,50,128,200,0.8,0.8,0.3,1.0,3140.6457641601564,412.4882110958359,31857.387018018817,1.231565499008866,0.006277978789876215
Standard_GA,rastrigin,50,128,200,0.8,0.8,0.6,0.5,3140.6457641601564,412.4882110958359,31386.222332563902,1.249613780004438,0.006372222750505898
Standard_GA,rastrigin,50,128,200,0.8,0.8,0.6,0.7,3140.6457641601564,412.4882110958359,31311.780538974243,1.2060934389883187,0.006387372310273349
Standard_GA,rastrigin,50,128,200,0.8,0.8,0.6,0.8,3140.6457641601564,412.4882110958359,31388.615859622863,1.2622628939861897,0.006371736839064397
Standard_GA,rastrigin,50,128,200,0.8,0.8,0.6,0.9,3140.6457641601564,412.4882110958359,31313.12074349639,1.226414937991649,0.006387098930135835
Standard_GA,rastrigin,50,128,200,0.8,0.8,0.6,1.0,3140.6457641601564,412.4882110958359,31342.394641349692,1.2548510219785385,0.006381133359100204
Standard_GA,rastrigin,50,128,200,0.8,0.8,0.7,0.5,3140.6457641601564,412.4882110958359,31445.30907273708,1.3000815949926618,0.006360249140416272
Standard_GA,rastrigin,50,128,200,0.8,0.8,0.7,0.7,3140.6457641601564,412.4882110958359,31843.9560087295,1.3292597839899827,0.006280626689258498
Standard_GA,rastrigin,50,128,200,0.8,0.8,0.7,0.8,3140.6457641601564,412.4882110958359,31595.20936037156,1.3058379309950396,0.006330073579156306
Standard_GA,rastrigin,50,128,200,0.8,0.8,0.7,0.9,3140.6457641601564,412.4882110958359,31404.32709091573,1.2986219560261816,0.00636854913085699
Standard_GA,rastrigin,50,128,200,0.8,0.8,0.7,1.0,3140.6457641601564,412.4882110958359,31837.235828538094,1.3167098239937332,0.006281952399294823
Standard_GA,rastrigin,50,128,200,0.8,1.0,0.5,0.5,3140.6457641601564,412.4882110958359,32234.815201308993,1.04654554699664,0.006204471741220914
Standard_GA,rastrigin,50,128,200,0.8,1.0,0.5,0.7,3140.6457641601564,412.4882110958359,31858.653657827163,1.06194543800666,0.006277729189314414
Standard_GA,rastrigin,50,128,200,0.8,1.0,0.5,0.8,3140.6457641601564,412.4882110958359,31824.729866036476,1.0377278290106915,0.00628442097833613
Standard_GA,rastrigin,50,128,200,0.8,1.0,0.5,0.9,3140.6457641601564,412.4882110958359,31913.68323812936,1.0413234430016018,0.006266904340300243
Standard_GA,rastrigin,50,128,200,0.8,1.0,0.5,1.0,3140.6457641601564,412.4882110958359,32226.50708410283,1.0352242899825796,0.006206071277847514
Standard_GA,rastrigin,50,128,200,0.8,1.0,0.2,0.5,3140.6457641601564,412.4882110958359,31869.851129593015,1.227142162999371,0.00627552350924816
Standard_GA,rastrigin,50,128,200,0.8,1.0,0.2,0.7,3140.6457641601564,412.4882110958359,31731.786191156418,1.2191488689859398,0.006302828299521934
Standard_GA,rastrigin,50,128,200,0.8,1.0,0.2,0.8,3140.6457641601564,412.4882110958359,32036.95142216318,1.2111642780073453,0.006242791249533184
Standard_GA,rastrigin,50,128,200,0.8,1.0,0.2,0.9,3140.6457641601564,412.4882110958359,31466.568514646613,1.2224909810174722,0.006355952029116452
Standard_GA,rastrigin,50,128,200,0.8,1.0,0.2,1.0,3140.6457641601564,412.4882110958359,31401.55997204936,1.2321873769978993,0.006369110330124386
Standard_GA,rastrigin,50,128,200,0.8,1.0,0.4,0.5,3140.6457641601564,412.4882110958359,31650.72373666403,1.2417865789902862,0.00631897082872456
Standard_GA,rastrigin,50,128,200,0.8,1.0,0.4,0.7,3140.6457641601564,412.4882110958359,31902.899518410097,1.2379004230024293,0.006269022659980692
Standard_GA,rastrigin,50,128,200,0.8,1.0,0.4,0.8,3140.6457641601564,412.4882110958359,31505.24362885854,1.2647028829960618,0.0063481496082386
Standard_GA,rastrigin,50,128,200,0.8,1.0,0.4,0.9,3140.6457641601564,412.4882110958359,31509.831209989537,1.2234820279991254,0.006347225368081126
Standard_GA,rastrigin,50,128,200,0.8,1.0,0.4,1.0,3140.6457641601564,412.4882110958359,31547.641647233617,1.2955741790065076,0.00633961810002802
Standard_GA,rastrigin,50,128,200,0.8,1.0,0.3,0.5,3140.6457641601564,412.4882110958359,31344.400228260438,1.2432477450056467,0.00638072505913442
Standard_GA,rastrigin,50,128,200,0.8,1.0,0.3,0.7,3140.6457641601564,412.4882110958359,31397.789548008062,1.250613003008766,0.0063698751688934865
Standard_GA,rastrigin,50,128,200,0.8,1.0,0.3,0.8,3140.6457641601564,412.4882110958359,31448.248292080752,1.2541114419873338,0.006359654698171653
Standard_GA,rastrigin,50,128,200,0.8,1.0,0.3,0.9,3140.6457641601564,412.4882110958359,31500.821646377095,1.2324685959902126,0.006349040740751662
Standard_GA,rastrigin,50,128,200,0.8,1.0,0.3,1.0,3140.6457641601564,412.4882110958359,31440.786084749318,1.21906671099714,0.006361164108966477
Standard_GA,rastrigin,50,128,200,0.8,1.0,0.6,0.5,3140.6457641601564,412.4882110958359,31351.6039385179,1.2301846079935785,0.006379258949309587
Standard_GA,rastrigin,50,128,200,0.8,1.0,0.6,0.7,3140.6457641601564,412.4882110958359,31679.559175953615,1.23291914301808,0.006313219160947483
Standard_GA,rastrigin,50,128,200,0.8,1.0,0.6,0.8,3140.6457641601564,412.4882110958359,31835.423845891997,1.2375785089971032,0.006282309950329364
Standard_GA,rastrigin,50,128,200,0.8,1.0,0.6,0.9,3140.6457641601564,412.4882110958359,31553.319499033507,1.236947525991127,0.006338477319513913
Standard_GA,rastrigin,50,128,200,0.8,1.0,0.6,1.0,3140.6457641601564,412.4882110958359,31451.400924230475,1.2376926160068251,0.006359017217764631
Standard_GA,rastrigin,50,128,200,0.8,1.0,0.7,0.5,3140.6457641601564,412.4882110958359,31319.149586063224,1.3127737299946602,0.006385869432706386
Standard_GA,rastrigin,50,128,200,0.8,1.0,0.7,0.7,3140.6457641601564,412.4882110958359,31549.254635170142,1.30893319498864,0.0063392939805635255
Standard_GA,rastrigin,50,128,200,0.8,1.0,0.7,0.8,3140.6457641601564,412.4882110958359,31299.17697526585,1.2867796570062637,0.006389944379625376
Standard_GA,rastrigin,50,128,200,0.8,1.0,0.7,0.9,3140.6457641601564,412.4882110958359,31195.064369613876,1.2892376349773258,0.0064112706301966685
Standard_GA,rastrigin,50,128,200,0.8,1.0,0.7,1.0,3140.6457641601564,412.4882110958359,31243.381144102037,2.398795720015187,0.006401355828857049
Standard_GA,rastrigin,50,128,200,0.9,0.5,0.5,0.5,3140.6457641601564,412.4882110958359,32010.65154752407,1.0566214270074852,0.0062479203118709845
Standard_GA,rastrigin,50,128,200,0.9,0.5,0.5,0.7,3140.6457641601564,412.4882110958359,31723.87926770023,1.0535387050185818,0.0063043992291204635
Standard_GA,rastrigin,50,128,200,0.9,0.5,0.5,0.8,3140.6457641601564,412.4882110958359,31944.592744825528,1.0555711509950925,0.006260840499598999
Standard_GA,rastrigin,50,128,200,0.9,0.5,0.5,0.9,3140.6457641601564,412.4882110958359,31755.963659401063,1.058088694990147,0.0062980296282330525
Standard_GA,rastrigin,50,128,200,0.9,0.5,0.5,1.0,3140.6457641601564,412.4882110958359,32134.965835641015,1.051135567977326,0.006223750198550988
Standard_GA,rastrigin,50,128,200,0.9,0.5,0.2,0.5,3140.6457641601564,412.4882110958359,31789.44422001547,1.210045811982127,0.006291396559681743
Standard_GA,rastrigin,50,128,200,0.9,0.5,0.2,0.7,3140.6457641601564,412.4882110958359,31201.099937773062,1.218568607000634,0.006410030428378377
Standard_GA,rastrigin,50,128,200,0.9,0.5,0.2,0.8,3140.6457641601564,412.4882110958359,31448.31460068847,1.2450190350064076,0.0063596412888728086
Standard_GA,rastrigin,50,128,200,0.9,0.5,0.2,0.9,3140.6457641601564,412.4882110958359,31161.220756831426,1.2198089179873932,0.006418233790027443
Standard_GA,rastrigin,50,128,200,0.9,0.5,0.2,1.0,3140.6457641601564,412.4882110958359,31328.202254864544,1.2241065370035358,0.006384024157305248
Standard_GA,rastrigin,50,128,200,0.9,0.5,0.4,0.5,3140.6457641601564,412.4882110958359,31017.18962240203,1.2446545070270076,0.006448037441004999
Standard_GA,rastrigin,50,128,200,0.9,0.5,0.4,0.7,3140.6457641601564,412.4882110958359,31177.050084697537,1.2862449339882005,0.006414975100487936
Standard_GA,rastrigin,50,128,200,0.9,0.5,0.4,0.8,3140.6457641601564,412.4882110958359,31460.043871135418,1.2867374019988347,0.0063572702193050645
Standard_GA,rastrigin,50,128,200,0.9,0.5,0.4,0.9,3140.6457641601564,412.4882110958359,31391.033834799324,1.304644385993015,0.0063712460396345705
Standard_GA,rastrigin,50,128,200,0.9,0.5,0.4,1.0,3140.6457641601564,412.4882110958359,31377.701119359717,1.2644574659934733,0.006373953249130863
Standard_GA,rastrigin,50,128,200,0.9,0.5,0.3,0.5,3140.6457641601564,412.4882110958359,31282.009848689937,1.2219495759927668,0.0063934510911349204
Standard_GA,rastrigin,50,128,200,0.9,0.5,0.3,0.7,3140.6457641601564,412.4882110958359,31263.669448512628,1.2282235549937468,0.006397201720974408
Standard_GA,rastrigin,50,128,200,0.9,0.5,0.3,0.8,3140.6457641601564,412.4882110958359,31388.06360021417,1.2126459849823732,0.0063718489470193165
Standard_GA,rastrigin,50,128,200,0.9,0.5,0.3,0.9,3140.6457641601564,412.4882110958359,31594.445950249155,1.2358680680044927,0.006330226531426888
Standard_GA,rastrigin,50,128,200,0.9,0.5,0.3,1.0,3140.6457641601564,412.4882110958359,31784.333442548686,1.2469668150006328,0.006292408187873661
Standard_GA,rastrigin,50,128,200,0.9,0.5,0.6,0.5,3140.6457641601564,412.4882110958359,31366.073436742205,1.235742802004097,0.006376316130335909
Standard_GA,rastrigin,50,128,200,0.9,0.5,0.6,0.7,3140.6457641601564,412.4882110958359,31333.60967498563,1.2293339940079022,0.0063829224297660405
Standard_GA,rastrigin,50,128,200,0.9,0.5,0.6,0.8,3140.6457641601564,412.4882110958359,31117.26590825189,1.2397160970140249,0.006427299898059573
Standard_GA,rastrigin,50,128,200,0.9,0.5,0.6,0.9,3140.6457641601564,412.4882110958359,31376.656038214398,1.2589841970184352,0.006374165550223552
Standard_GA,rastrigin,50,128,200,0.9,0.5,0.6,1.0,3140.6457641601564,412.4882110958359,31278.316552966477,1.2143976630177349,0.00639420602004975
Standard_GA,rastrigin,50,128,200,0.9,0.5,0.7,0.5,3140.6457641601564,412.4882110958359,31313.798285083227,1.3029261540214065,0.006386960731470026
Standard_GA,rastrigin,50,128,200,0.9,0.5,0.7,0.7,3140.6457641601564,412.4882110958359,31307.835068964214,1.3082197569892742,0.006388177258486394
Standard_GA,rastrigin,50,128,200,0.9,0.5,0.7,0.8,3140.6457641601564,412.4882110958359,31273.017083297265,1.2964577359962277,0.006395289570791647
Standard_GA,rastrigin,50,128,200,0.9,0.5,0.7,0.9,3140.6457641601564,412.4882110958359,31144.894822530598,1.3040013569989242,0.006421598182932939
Standard_GA,rastrigin,50,128,200,0.9,0.5,0.7,1.0,3140.6457641601564,412.4882110958359,31174.181036306156,1.2897564379964024,0.006415565488860011
Standard_GA,rastrigin,50,128,200,0.9,0.8,0.5,0.5,3140.6457641601564,412.4882110958359,31910.959589811522,1.0461459240177646,0.006267439229995944
Standard_GA,rastrigin,50,128,200,0.9,0.8,0.5,0.7,3140.6457641601564,412.4882110958359,31456.892318377875,1.084788700012723,0.0063579071313142775
Standard_GA,rastrigin,50,128,200,0.9,0.8,0.5,0.8,3140.6457641601564,412.4882110958359,31466.883079953,1.0833746619755402,0.006355888490506913
Standard_GA,rastrigin,50,128,200,0.9,0.8,0.5,0.9,3140.6457641601564,412.4882110958359,31782.83364113222,1.0437211389944423,0.006292705120577011
Standard_GA,rastrigin,50,128,200,0.9,0.8,0.5,1.0,3140.6457641601564,412.4882110958359,31654.279097986157,1.0576925829809625,0.006318261091364547
Standard_GA,rastrigin,50,128,200,0.9,0.8,0.2,0.5,3140.6457641601564,412.4882110958359,31914.460930930523,1.2197546730167232,0.006266751628136263
Standard_GA,rastrigin,50,128,200,0.9,0.8,0.2,0.7,3140.6457641601564,412.4882110958359,31389.404310988954,1.2211073389917146,0.006371576791279949
Standard_GA,rastrigin,50,128,200,0.9,0.8,0.2,0.8,3140.6457641601564,412.4882110958359,31112.23754929561,1.2428204670140985,0.006428338678088039
Standard_GA,rastrigin,50,128,200,0.9,0.8,0.2,0.9,3140.6457641601564,412.4882110958359,31680.54870713631,1.2246013180119917,0.006313021969690453
Standard_GA,rastrigin,50,128,200,0.9,0.8,0.2,1.0,3140.6457641601564,412.4882110958359,31768.180519726353,1.217072071012808,0.006295607640349771
Standard_GA,rastrigin,50,128,200,0.9,0.8,0.4,0.5,3140.6457641601564,412.4882110958359,31672.229323737236,1.2758870429825038,0.0063146802189294245
Standard_GA,rastrigin,50,128,200,0.9,0.8,0.4,0.7,3140.6457641601564,412.4882110958359,31509.09997563252,1.273435740993591,0.006347372668678872
Standard_GA,rastrigin,50,128,200,0.9,0.8,0.4,0.8,3140.6457641601564,412.4882110958359,31598.97348661816,1.3025325289927423,0.006329319529468194
Standard_GA,rastrigin,50,128,200,0.9,0.8,0.4,0.9,3140.6457641601564,412.4882110958359,31654.980565274163,1.251295875001233,0.006318121080112178
Standard_GA,rastrigin,50,128,200,0.9,0.8,0.4,1.0,3140.6457641601564,412.4882110958359,31343.806338734412,1.2780228939955123,0.006380845958483405
Standard_GA,rastrigin,50,128,200,0.9,0.8,0.3,0.5,3140.6457641601564,412.4882110958359,31287.30017187428,1.2053158659837209,0.00639237003197195
Standard_GA,rastrigin,50,128,200,0.9,0.8,0.3,0.7,3140.6457641601564,412.4882110958359,31354.341624846824,1.2365314420021605,0.006378701947978698
Standard_GA,rastrigin,50,128,200,0.9,0.8,0.3,0.8,3140.6457641601564,412.4882110958359,31072.3069964153,1.2299271919764578,0.006436599639127963
Standard_GA,rastrigin,50,128,200,0.9,0.8,0.3,0.9,3140.6457641601564,412.4882110958359,31037.353001215357,1.2151136379980016,0.006443848481285386
Standard_GA,rastrigin,50,128,200,0.9,0.8,0.3,1.0,3140.6457641601564,412.4882110958359,31515.19126926592,1.2412668929900974,0.006346145840943791
Standard_GA,rastrigin,50,128,200,0.9,0.8,0.6,0.5,3140.6457641601564,412.4882110958359,31633.673966085444,1.2397265780018643,0.0063223765982547775
Standard_GA,rastrigin,50,128,200,0.9,0.8,0.6,0.7,3140.6457641601564,412.4882110958359,31758.55998777192,1.2293357099988498,0.0062975147512042895
Standard_GA,rastrigin,50,128,200,0.9,0.8,0.6,0.8,3140.6457641601564,412.4882110958359,31570.23159558262,1.2439754359947983,0.006335081812576391
Standard_GA,rastrigin,50,128,200,0.9,0.8,0.6,0.9,3140.6457641601564,412.4882110958359,31505.134489340096,1.2390837619896047,0.006348171599383932
Standard_GA,rastrigin,50,128,200,0.9,0.8,0.6,1.0,3140.6457641601564,412.4882110958359,31550.906162459836,1.2338512139976956,0.006338962151203304
Standard_GA,rastrigin,50,128,200,0.9,0.8,0.7,0.5,3140.6457641601564,412.4882110958359,31409.74683538071,1.2962477740074974,0.0063674502391950225
Standard_GA,rastrigin,50,128,200,0.9,0.8,0.7,0.7,3140.6457641601564,412.4882110958359,31187.02302628918,1.2858435760135762,0.006412923728930764
Standard_GA,rastrigin,50,128,200,0.9,0.8,0.7,0.8,3140.6457641601564,412.4882110958359,31499.292983726347,1.3602389369916636,0.006349348860094323
Standard_GA,rastrigin,50,128,200,0.9,0.8,0.7,0.9,3140.6457641601564,412.4882110958359,31893.645152918387,1.3110449709929526,0.006270841700315941
Standard_GA,rastrigin,50,128,200,0.9,0.8,0.7,1.0,3140.6457641601564,412.4882110958359,31823.836735248628,1.3031547379796393,0.0062845973495859655
Standard_GA,rastrigin,50,128,200,0.9,1.0,0.5,0.5,3140.6457641601564,412.4882110958359,31696.820480264043,1.0617571379989386,0.006309781137970276
Standard_GA,rastrigin,50,128,200,0.9,1.0,0.5,0.7,3140.6457641601564,412.4882110958359,31658.26482260823,1.0597049250209238,0.0063174656324554235
Standard_GA,rastrigin,50,128,200,0.9,1.0,0.5,0.8,3140.6457641601564,412.4882110958359,32012.674661992613,1.0727495619794354,0.006247525460203178
Standard_GA,rastrigin,50,128,200,0.9,1.0,0.5,0.9,3140.6457641601564,412.4882110958359,31825.764878512706,1.0865636189992074,0.00628421660134336
Standard_GA,rastrigin,50,128,200,0.9,1.0,0.5,1.0,3140.6457641601564,412.4882110958359,31561.792786628805,1.0253798750054557,0.006336775649979245
Standard_GA,rastrigin,50,128,200,0.9,1.0,0.2,0.5,3140.6457641601564,412.4882110958359,31540.190299726026,1.2319347969896626,0.006341115830291528
Standard_GA,rastrigin,50,128,200,0.9,1.0,0.2,0.7,3140.6457641601564,412.4882110958359,31238.671983667256,1.2319044379983097,0.006402320819033775
Standard_GA,rastrigin,50,128,200,0.9,1.0,0.2,0.8,3140.6457641601564,412.4882110958359,31049.445136838563,1.23330135300057,0.0064413389391847885
Standard_GA,rastrigin,50,128,200,0.9,1.0,0.2,0.9,3140.6457641601564,412.4882110958359,31233.298538129977,1.234284573001787,0.006403422288422007
Standard_GA,rastrigin,50,128,200,0.9,1.0,0.2,1.0,3140.6457641601564,412.4882110958359,31743.769623508782,1.2448810959758703,0.006300448950205464
Standard_GA,rastrigin,50,128,200,0.9,1.0,0.4,0.5,3140.6457641601564,412.4882110958359,31347.666992237566,1.2812077880080324,0.006380060118972324
Standard_GA,rastrigin,50,128,200,0.9,1.0,0.4,0.7,3140.6457641601564,412.4882110958359,31606.30829046875,1.231871777010383,0.006327850698726252
Standard_GA,rastrigin,50,128,200,0.9,1.0,0.4,0.8,3140.6457641601564,412.4882110958359,31424.87546545414,1.2431699819862843,0.006364384807820898
Standard_GA,rastrigin,50,128,200,0.9,1.0,0.4,0.9,3140.6457641601564,412.4882110958359,31149.897810094175,1.268602337979246,0.006420566809538286
Standard_GA,rastrigin,50,128,200,0.9,1.0,0.4,1.0,3140.6457641601564,412.4882110958359,31790.912792801755,1.259935100999428,0.006291105930285994
Standard_GA,rastrigin,50,128,200,0.9,1.0,0.3,0.5,3140.6457641601564,412.4882110958359,31010.17025961013,1.2337936530238949,0.006449496998102404
Standard_GA,rastrigin,50,128,200,0.9,1.0,0.3,0.7,3140.6457641601564,412.4882110958359,31137.590095471274,1.2569086499861442,0.0064231046586064626
Standard_GA,rastrigin,50,128,200,0.9,1.0,0.3,0.8,3140.6457641601564,412.4882110958359,31053.444799984154,1.2440471969894134,0.006440509298990946
Standard_GA,rastrigin,50,128,200,0.9,1.0,0.3,0.9,3140.6457641601564,412.4882110958359,31244.981275769518,1.2258247160061728,0.0064010279998183255
Standard_GA,rastrigin,50,128,200,0.9,1.0,0.3,1.0,3140.6457641601564,412.4882110958359,31126.76771708192,1.2160691999888513,0.006425337889813818
Standard_GA,rastrigin,50,128,200,0.9,1.0,0.6,0.5,3140.6457641601564,412.4882110958359,31263.939113033157,1.2649699700123165,0.0063971465424401686
Standard_GA,rastrigin,50,128,200,0.9,1.0,0.6,0.7,3140.6457641601564,412.4882110958359,31418.728247234798,1.1900950410054065,0.006365630028885789
Standard_GA,rastrigin,50,128,200,0.9,1.0,0.6,0.8,3140.6457641601564,412.4882110958359,31016.45009372525,1.1972173399990425,0.006448191182280425
Standard_GA,rastrigin,50,128,200,0.9,1.0,0.6,0.9,3140.6457641601564,412.4882110958359,31242.907030819042,1.2212821760040242,0.006401452969876118
Standard_GA,rastrigin,50,128,200,0.9,1.0,0.6,1.0,3140.6457641601564,412.4882110958359,31496.89208199463,1.2242783760011662,0.006349832849518861
Standard_GA,rastrigin,50,128,200,0.9,1.0,0.7,0.5,3140.6457641601564,412.4882110958359,31105.672160236445,1.2992308330140077,0.006429695489932783
Standard_GA,rastrigin,50,128,200,0.9,1.0,0.7,0.7,3140.6457641601564,412.4882110958359,31291.009210822805,1.272515789984027,0.0063916123207309284
Standard_GA,rastrigin,50,128,200,0.9,1.0,0.7,0.8,3140.6457641601564,412.4882110958359,31427.79138764587,1.294200787000591,0.006363794309727382
Standard_GA,rastrigin,50,128,200,0.9,1.0,0.7,0.9,3140.6457641601564,412.4882110958359,31510.338669055116,1.2723592879774515,0.006347123149025719
Standard_GA,rastrigin,50,128,200,0.9,1.0,0.7,1.0,3140.6457641601564,412.4882110958359,31178.662442796616,1.2906219169963151,0.00641464335960336
Standard_GA,rastrigin,50,128,200,1.0,0.5,0.5,0.5,3140.6457641601564,412.4882110958359,32082.42365168145,1.061636600003112,0.006233942989201751
Standard_GA,rastrigin,50,128,200,1.0,0.5,0.5,0.7,3140.6457641601564,412.4882110958359,31636.268648823505,1.0640956980059855,0.006321858061710373
Standard_GA,rastrigin,50,128,200,1.0,0.5,0.5,0.8,3140.6457641601564,412.4882110958359,31500.787961035025,1.0397858299838845,0.006349047530093231
Standard_GA,rastrigin,50,128,200,1.0,0.5,0.5,0.9,3140.6457641601564,412.4882110958359,31985.04051764298,1.0478372249926906,0.006252923140418715
Standard_GA,rastrigin,50,128,200,1.0,0.5,0.5,1.0,3140.6457641601564,412.4882110958359,31769.461919982,1.0907431269879453,0.006295353711175266
Standard_GA,rastrigin,50,128,200,1.0,0.5,0.2,0.5,3140.6457641601564,412.4882110958359,31558.441651332432,1.2200223690015264,0.006337448541016783
Standard_GA,rastrigin,50,128,200,1.0,0.5,0.2,0.7,3140.6457641601564,412.4882110958359,31661.286096816344,1.2283130750001874,0.006316862789099105
Standard_GA,rastrigin,50,128,200,1.0,0.5,0.2,0.8,3140.6457641601564,412.4882110958359,31627.340516889686,1.2024060179828666,0.00632364266901277
Standard_GA,rastrigin,50,128,200,1.0,0.5,0.2,0.9,3140.6457641601564,412.4882110958359,31371.7432455466,1.2274559870129451,0.006375163740012795
Standard_GA,rastrigin,50,128,200,1.0,0.5,0.2,1.0,3140.6457641601564,412.4882110958359,31548.048162825176,1.2041048899991438,0.00633953641023254
Standard_GA,rastrigin,50,128,200,1.0,0.5,0.4,0.5,3140.6457641601564,412.4882110958359,31701.278709230133,1.2536298029881436,0.006308893777895719
Standard_GA,rastrigin,50,128,200,1.0,0.5,0.4,0.7,3140.6457641601564,412.4882110958359,31340.774138295837,1.2863547470187768,0.006381463301368058
Standard_GA,rastrigin,50,128,200,1.0,0.5,0.4,0.8,3140.6457641601564,412.4882110958359,31731.972874271658,1.2640006789879408,0.006302791219204664
Standard_GA,rastrigin,50,128,200,1.0,0.5,0.4,0.9,3140.6457641601564,412.4882110958359,31524.55255383454,1.231982072989922,0.006344261339108925
Standard_GA,rastrigin,50,128,200,1.0,0.5,0.4,1.0,3140.6457641601564,412.4882110958359,31512.981881021642,1.2668579779856373,0.006346590771863702
Standard_GA,rastrigin,50,128,200,1.0,0.5,0.3,0.5,3140.6457641601564,412.4882110958359,31186.734153270372,1.2121389500098303,0.006412983129848726
Standard_GA,rastrigin,50,128,200,1.0,0.5,0.3,0.7,3140.6457641601564,412.4882110958359,31172.34811277494,1.2217122750007547,0.006415942721941974
Standard_GA,rastrigin,50,128,200,1.0,0.5,0.3,0.8,3140.6457641601564,412.4882110958359,31494.180530785292,1.2256834140280262,0.006350379550422076
Standard_GA,rastrigin,50,128,200,1.0,0.5,0.3,0.9,3140.6457641601564,412.4882110958359,31362.207260855863,1.2598081930191256,0.00637710217066342
Standard_GA,rastrigin,50,128,200,1.0,0.5,0.3,1.0,3140.6457641601564,412.4882110958359,31427.176638509754,1.236975235020509,0.006363918792339973
Standard_GA,rastrigin,50,128,200,1.0,0.5,0.6,0.5,3140.6457641601564,412.4882110958359,31748.45672519665,1.2337249389966018,0.006299518799642101
Standard_GA,rastrigin,50,128,200,1.0,0.5,0.6,0.7,3140.6457641601564,412.4882110958359,31760.3021613486,1.2123443690070417,0.006297169308527373
Standard_GA,rastrigin,50,128,200,1.0,0.5,0.6,0.8,3140.6457641601564,412.4882110958359,31574.74507669994,1.2505023689882364,0.006334176238451619
Standard_GA,rastrigin,50,128,200,1.0,0.5,0.6,0.9,3140.6457641601564,412.4882110958359,31400.303642599447,1.2277506919926964,0.0063693651588982905
Standard_GA,rastrigin,50,128,200,1.0,0.5,0.6,1.0,3140.6457641601564,412.4882110958359,31461.64721805726,1.216641165985493,0.006356946240412071
Standard_GA,rastrigin,50,128,200,1.0,0.5,0.7,0.5,3140.6457641601564,412.4882110958359,31313.97544208704,1.2950392350030597,0.006386924597609323
Standard_GA,rastrigin,50,128,200,1.0,0.5,0.7,0.7,3140.6457641601564,412.4882110958359,31806.707423911703,1.3003769220085815,0.006287981881760061
Standard_GA,rastrigin,50,128,200,1.0,0.5,0.7,0.8,3140.6457641601564,412.4882110958359,31308.279969668467,1.2819629079895094,0.0063880864804377775
Standard_GA,rastrigin,50,128,200,1.0,0.5,0.7,0.9,3140.6457641601564,412.4882110958359,31327.038329541956,1.2814324149803724,0.006384261349448934
Standard_GA,rastrigin,50,128,200,1.0,0.5,0.7,1.0,3140.6457641601564,412.4882110958359,31183.71098158624,2.51515035200282,0.006413604850240518
Standard_GA,rastrigin,50,128,200,1.0,0.8,0.5,0.5,3140.6457641601564,412.4882110958359,31757.744559412557,1.0209624360140879,0.006297676449466962
Standard_GA,rastrigin,50,128,200,1.0,0.8,0.5,0.7,3140.6457641601564,412.4882110958359,31993.272920305062,1.0250681250181515,0.0062513141590170565
Standard_GA,rastrigin,50,128,200,1.0,0.8,0.5,0.8,3140.6457641601564,412.4882110958359,31921.330170916215,1.0292918859922793,0.006265403068391606
Standard_GA,rastrigin,50,128,200,1.0,0.8,0.5,0.9,3140.6457641601564,412.4882110958359,31889.20974556873,1.0441620369965676,0.006271713899332098
Standard_GA,rastrigin,50,128,200,1.0,0.8,0.5,1.0,3140.6457641601564,412.4882110958359,31562.78632386199,1.0728201690071728,0.006336576180183328
Standard_GA,rastrigin,50,128,200,1.0,0.8,0.2,0.5,3140.6457641601564,412.4882110958359,31114.598835876524,1.216263527981937,0.006427850831532851
Standard_GA,rastrigin,50,128,200,1.0,0.8,0.2,0.7,3140.6457641601564,412.4882110958359,31175.488299518736,1.233644705003826,0.0064152964687673375
Standard_GA,rastrigin,50,128,200,1.0,0.8,0.2,0.8,3140.6457641601564,412.4882110958359,31125.723253345695,1.2405438959831372,0.006425553500303067
Standard_GA,rastrigin,50,128,200,1.0,0.8,0.2,0.9,3140.6457641601564,412.4882110958359,31197.54591116797,1.2111924059863668,0.006410760659491643
Standard_GA,rastrigin,50,128,200,1.0,0.8,0.2,1.0,3140.6457641601564,412.4882110958359,31418.66832489272,1.2041112330043688,0.0063656421695486645
Standard_GA,rastrigin,50,128,200,1.0,0.8,0.4,0.5,3140.6457641601564,412.4882110958359,31107.457515624817,1.2130581810197327,0.0064293264693696985
Standard_GA,rastrigin,50,128,200,1.0,0.8,0.4,0.7,3140.6457641601564,412.4882110958359,31383.06956025428,1.2783878989866935,0.006372862909920514
Standard_GA,rastrigin,50,128,200,1.0,0.8,0.4,0.8,3140.6457641601564,412.4882110958359,31660.215118941487,1.2442854919936508,0.006317076471168548
Standard_GA,rastrigin,50,128,200,1.0,0.8,0.4,0.9,3140.6457641601564,412.4882110958359,31316.177788491215,1.2602148659934755,0.006386475429753773
Standard_GA,rastrigin,50,128,200,1.0,0.8,0.4,1.0,3140.6457641601564,412.4882110958359,31448.871711111813,1.2564668729901314,0.0063595286291092635
Standard_GA,rastrigin,50,128,200,1.0,0.8,0.3,0.5,3140.6457641601564,412.4882110958359,31782.700411906455,1.2204176319937687,0.006292731498833745
Standard_GA,rastrigin,50,128,200,1.0,0.8,0.3,0.7,3140.6457641601564,412.4882110958359,31171.258963105098,1.2075634539942257,0.006416166900307872
Standard_GA,rastrigin,50,128,200,1.0,0.8,0.3,0.8,3140.6457641601564,412.4882110958359,31442.16420019084,1.2210776430147234,0.0063608852980541995
Standard_GA,rastrigin,50,128,200,1.0,0.8,0.3,0.9,3140.6457641601564,412.4882110958359,31598.48961251497,1.226136764016701,0.006329416451626458
Standard_GA,rastrigin,50,128,200,1.0,0.8,0.3,1.0,3140.6457641601564,412.4882110958359,31587.281282102802,1.2191954239970073,0.0063316623616265135
Standard_GA,rastrigin,50,128,200,1.0,0.8,0.6,0.5,3140.6457641601564,412.4882110958359,31331.26428821024,1.2753862270037644,0.00638340024073841
Standard_GA,rastrigin,50,128,200,1.0,0.8,0.6,0.7,3140.6457641601564,412.4882110958359,31404.185916680275,1.2162012909830082,0.006368577760003973
Standard_GA,rastrigin,50,128,200,1.0,0.8,0.6,0.8,3140.6457641601564,412.4882110958359,31278.311416394772,1.2474638760031667,0.006394207070115954
Standard_GA,rastrigin,50,128,200,1.0,0.8,0.6,0.9,3140.6457641601564,412.4882110958359,31556.189958032897,1.2274614149937406,0.006337900749931577
Standard_GA,rastrigin,50,128,200,1.0,0.8,0.6,1.0,3140.6457641601564,412.4882110958359,31532.669442676914,1.213888238009531,0.006342628249840345
Standard_GA,rastrigin,50,128,200,1.0,0.8,0.7,0.5,3140.6457641601564,412.4882110958359,31868.154312900475,1.271834740997292,0.006275857648870442
Standard_GA,rastrigin,50,128,200,1.0,0.8,0.7,0.7,3140.6457641601564,412.4882110958359,31107.876527826887,1.330146258987952,0.006429239868593868
Standard_GA,rastrigin,50,128,200,1.0,0.8,0.7,0.8,3140.6457641601564,412.4882110958359,31156.214878989093,1.3005377480003517,0.006419265009462834
Standard_GA,rastrigin,50,128,200,1.0,0.8,0.7,0.9,3140.6457641601564,412.4882110958359,31237.325400357895,1.3125462199968752,0.006402596811240073
Standard_GA,rastrigin,50,128,200,1.0,0.8,0.7,1.0,3140.6457641601564,412.4882110958359,31531.499628649253,1.3310063400131185,0.006342863560421392
Standard_GA,rastrigin,50,128,200,1.0,1.0,0.5,0.5,3140.6457641601564,412.4882110958359,31991.62729611073,1.0570589440176263,0.006251635721710045
Standard_GA,rastrigin,50,128,200,1.0,1.0,0.5,0.7,3140.6457641601564,412.4882110958359,31983.16170743937,1.0687302669975907,0.006253290460444987
Standard_GA,rastrigin,50,128,200,1.0,1.0,0.5,0.8,3140.6457641601564,412.4882110958359,31847.198510993177,1.0534338179859333,0.006279987231246196
Standard_GA,rastrigin,50,128,200,1.0,1.0,0.5,0.9,3140.6457641601564,412.4882110958359,32212.982851191155,1.0594296590134036,0.006208676822134294
Standard_GA,rastrigin,50,128,200,1.0,1.0,0.5,1.0,3140.6457641601564,412.4882110958359,31925.843065281526,1.042099825979676,0.006264517419040203
Standard_GA,rastrigin,50,128,200,1.0,1.0,0.2,0.5,3140.6457641601564,412.4882110958359,31697.20723303074,1.2344301329867449,0.006309704149316531
Standard_GA,rastrigin,50,128,200,1.0,1.0,0.2,0.7,3140.6457641601564,412.4882110958359,31538.821687427317,1.2218960349855479,0.0063413910000235775
Standard_GA,rastrigin,50,128,200,1.0,1.0,0.2,0.8,3140.6457641601564,412.4882110958359,31721.930276652845,1.2068000829895027,0.00630478657054482
Standard_GA,rastrigin,50,128,200,1.0,1.0,0.2,0.9,3140.6457641601564,412.4882110958359,31647.551152452146,1.2425481760001276,0.006319604289019481
Standard_GA,rastrigin,50,128,200,1.0,1.0,0.2,1.0,3140.6457641601564,412.4882110958359,31582.476224793172,1.229399060975993,0.006332625680661294
Standard_GA,rastrigin,50,128,200,1.0,1.0,0.4,0.5,3140.6457641601564,412.4882110958359,31820.617105739173,1.2944653119775467,0.006285233228991274
Standard_GA,rastrigin,50,128,200,1.0,1.0,0.4,0.7,3140.6457641601564,412.4882110958359,32061.356722247514,1.2394431050051935,0.0062380391987971965
Standard_GA,rastrigin,50,128,200,1.0,1.0,0.4,0.8,3140.6457641601564,412.4882110958359,31843.873064411466,1.2893214830255602,0.006280643048521597
Standard_GA,rastrigin,50,128,200,1.0,1.0,0.4,0.9,3140.6457641601564,412.4882110958359,31220.67018080368,1.2736000910226721,0.006406012389925308
Standard_GA,rastrigin,50,128,200,1.0,1.0,0.4,1.0,3140.6457641601564,412.4882110958359,31770.488712397502,1.2702127119991928,0.006295150251244195
Standard_GA,rastrigin,50,128,200,1.0,1.0,0.3,0.5,3140.6457641601564,412.4882110958359,31658.84734788184,1.2530277600162663,0.006317349390592426
Standard_GA,rastrigin,50,128,200,1.0,1.0,0.3,0.7,3140.6457641601564,412.4882110958359,31802.02562439904,1.2096043089986779,0.006288907579728402
Standard_GA,rastrigin,50,128,200,1.0,1.0,0.3,0.8,3140.6457641601564,412.4882110958359,31840.811431753238,1.2073674050043337,0.006281246959697455
Standard_GA,rastrigin,50,128,200,1.0,1.0,0.3,0.9,3140.6457641601564,412.4882110958359,31912.17357014321,1.2222809350059833,0.006267200808506459
Standard_GA,rastrigin,50,128,200,1.0,1.0,0.3,1.0,3140.6457641601564,412.4882110958359,31859.72585678265,1.2064860250102356,0.006277517920243554
Standard_GA,rastrigin,50,128,200,1.0,1.0,0.6,0.5,3140.6457641601564,412.4882110958359,31701.643456941907,1.25456431999919,0.006308821190032177
Standard_GA,rastrigin,50,128,200,1.0,1.0,0.6,0.7,3140.6457641601564,412.4882110958359,31765.538963774972,1.2220315080194268,0.00629613116994733
Standard_GA,rastrigin,50,128,200,1.0,1.0,0.6,0.8,3140.6457641601564,412.4882110958359,31315.760950708445,1.239853690000018,0.006386560438841116
Standard_GA,rastrigin,50,128,200,1.0,1.0,0.6,0.9,3140.6457641601564,412.4882110958359,31553.733080643953,1.222865924006328,0.0063383942397194915
Standard_GA,rastrigin,50,128,200,1.0,1.0,0.6,1.0,3140.6457641601564,412.4882110958359,31494.09751642804,1.2253978590015322,0.006350396289199125
Standard_GA,rastrigin,50,128,200,1.0,1.0,0.7,0.5,3140.6457641601564,412.4882110958359,31472.901610924553,1.2575591979839373,0.006354673060413916
Standard_GA,rastrigin,50,128,200,1.0,1.0,0.7,0.7,3140.6457641601564,412.4882110958359,31488.299014483913,1.2916502130101435,0.0063515657008974815
Standard_GA,rastrigin,50,128,200,1.0,1.0,0.7,0.8,3140.6457641601564,412.4882110958359,31290.733600791893,1.2856080909841694,0.006391668618307449
Standard_GA,rastrigin,50,128,200,1.0,1.0,0.7,0.9,3140.6457641601564,412.4882110958359,31618.197711688164,1.296489546977682,0.006325471230957192
Standard_GA,rastrigin,50,128,200,1.0,1.0,0.7,1.0,3140.6457641601564,412.4882110958359,31517.981984687365,1.2696782859857194,0.006345583930378779
Standard_GA,ellipsoidal_rotated,50,128,200,0.8,0.5,0.5,0.5,11833542.09,2607768.6798884855,32398.368146624125,1.6188383309927303,0.0061731504221097565
Standard_GA,ellipsoidal_rotated,50,128,200,0.8,0.5,0.5,0.7,11833542.09,2607768.6798884855,32171.722979260827,1.0174907250038814,0.006216639380145352
Standard_GA,ellipsoidal_rotated,50,128,200,0.8,0.5,0.5,0.8,11833542.09,2607768.6798884855,32685.826394310236,1.0126225790008903,0.006118860131828115
Standard_GA,ellipsoidal_rotated,50,128,200,0.8,0.5,0.5,0.9,11833542.09,2607768.6798884855,32173.549066257638,0.9755211989977397,0.00621628653985681
Standard_GA,ellipsoidal_rotated,50,128,200,0.8,0.5,0.5,1.0,11833542.09,2607768.6798884855,32554.700207208298,0.990771432989277,0.006143506121297833
Standard_GA,ellipsoidal_rotated,50,128,200,0.8,0.5,0.2,0.5,11833542.09,2607768.6798884855,36241.72035232028,1.1392991690081544,0.005518501827609725
Standard_GA,ellipsoidal_rotated,50,128,200,0.8,0.5,0.2,0.7,11833542.09,2607768.6798884855,35945.98099659796,1.146282469999278,0.0055639043491100895
Standard_GA,ellipsoidal_rotated,50,128,200,0.8,0.5,0.2,0.8,11833542.09,2607768.6798884855,36509.46384848048,1.146836068975972,0.0054780316914548165
Standard_GA,ellipsoidal_rotated,50,128,200,0.8,0.5,0.2,0.9,11833542.09,2607768.6798884855,36087.059234493914,1.13118872398627,0.005542152900306974
Standard_GA,ellipsoidal_rotated,50,128,200,0.8,0.5,0.2,1.0,11833542.09,2607768.6798884855,36753.67153712477,1.1504320169915445,0.005441633220179938
Standard_GA,ellipsoidal_rotated,50,128,200,0.8,0.5,0.4,0.5,11833542.09,2607768.6798884855,36061.70468170596,1.1849318919994403,0.005546049521653913
Standard_GA,ellipsoidal_rotated,50,128,200,0.8,0.5,0.4,0.7,11833542.09,2607768.6798884855,36408.84720105082,1.192990985000506,0.0054931703521288
Standard_GA,ellipsoidal_rotated,50,128,200,0.8,0.5,0.4,0.8,11833542.09,2607768.6798884855,36060.01386292976,1.2001860209857114,0.005546309570490848
Standard_GA,ellipsoidal_rotated,50,128,200,0.8,0.5,0.4,0.9,11833542.09,2607768.6798884855,36530.3215086336,1.1705004609830212,0.005474903908325359
Standard_GA,ellipsoidal_rotated,50,128,200,0.8,0.5,0.4,1.0,11833542.09,2607768.6798884855,36710.66029214197,1.144559353007935,0.00544800879113609
Standard_GA,ellipsoidal_rotated,50,128,200,0.8,0.5,0.3,0.5,11833542.09,2607768.6798884855,36492.547881593455,1.1655545709945727,0.005480571009975392
Standard_GA,ellipsoidal_rotated,50,128,200,0.8,0.5,0.3,0.7,11833542.09,2607768.6798884855,36869.63178825125,1.1164400710258633,0.005424518507497851
Standard_GA,ellipsoidal_rotated,50,128,200,0.8,0.5,0.3,0.8,11833542.09,2607768.6798884855,36501.18456984696,1.1501161130145192,0.005479274230601731
Standard_GA,ellipsoidal_rotated,50,128,200,0.8,0.5,0.3,0.9,11833542.09,2607768.6798884855,35613.91210774493,1.151798022998264,0.005615782938839402
Standard_GA,ellipsoidal_rotated,50,128,200,0.8,0.5,0.3,1.0,11833542.09,2607768.6798884855,36071.11470508686,1.1429441230138764,0.005544602700392715
Standard_GA,ellipsoidal_rotated,50,128,200,0.8,0.5,0.6,0.5,11833542.09,2607768.6798884855,35720.949215896486,1.131653174990788,0.00559895535785472
Standard_GA,ellipsoidal_rotated,50,128,200,0.8,0.5,0.6,0.7,11833542.09,2607768.6798884855,35624.168159522356,1.1552592420193832,0.0056141661779838615
Standard_GA,ellipsoidal_rotated,50,128,200,0.8,0.5,0.6,0.8,11833542.09,2607768.6798884855,35994.322056107885,1.1517486500088125,0.005556431919685565
Standard_GA,ellipsoidal_rotated,50,128,200,0.8,0.5,0.6,0.9,11833542.09,2607768.6798884855,35641.72521034901,1.1697175840090495,0.005611400649650022
Standard_GA,ellipsoidal_rotated,50,128,200,0.8,0.5,0.6,1.0,11833542.09,2607768.6798884855,35729.51120239625,1.1629735049791634,0.005597613660793286
Standard_GA,ellipsoidal_rotated,50,128,200,0.8,0.5,0.7,0.5,11833542.09,2607768.6798884855,36138.22303447674,1.2128073350177146,0.005534306426998228
Standard_GA,ellipsoidal_rotated,50,128,200,0.8,0.5,0.7,0.7,11833542.09,2607768.6798884855,36372.55914769894,1.220439120021183,0.005498650759982411
Standard_GA,ellipsoidal_rotated,50,128,200,0.8,0.5,0.7,0.8,11833542.09,2607768.6798884855,36169.843337329956,1.2295507630042266,0.00552946824056562
Standard_GA,ellipsoidal_rotated,50,128,200,0.8,0.5,0.7,0.9,11833542.09,2607768.6798884855,36233.154770623034,1.2165394200128503,0.005519806411175523
Standard_GA,ellipsoidal_rotated,50,128,200,0.8,0.5,0.7,1.0,11833542.09,2607768.6798884855,36198.7103650322,1.409809086995665,0.005525058710190933
Standard_GA,ellipsoidal_rotated,50,128,200,0.8,0.8,0.5,0.5,11833542.09,2607768.6798884855,32102.926135910246,0.9798758960096166,0.006229961691133212
Standard_GA,ellipsoidal_rotated,50,128,200,0.8,0.8,0.5,0.7,11833542.09,2607768.6798884855,32230.437526366502,0.9790204390010331,0.006205314458929934
Standard_GA,ellipsoidal_rotated,50,128,200,0.8,0.8,0.5,0.8,11833542.09,2607768.6798884855,32135.18686359988,1.0119750399899203,0.00622370739118196
Standard_GA,ellipsoidal_rotated,50,128,200,0.8,0.8,0.5,0.9,11833542.09,2607768.6798884855,32447.447757014663,0.9993334870086983,0.006163812990707811
Standard_GA,ellipsoidal_rotated,50,128,200,0.8,0.8,0.5,1.0,11833542.09,2607768.6798884855,32444.632820881627,0.9872670700133312,0.006164347770682071
Standard_GA,ellipsoidal_rotated,50,128,200,0.8,0.8,0.2,0.5,11833542.09,2607768.6798884855,36416.0429544394,1.1595994439849164,0.005492084910220001
Standard_GA,ellipsoidal_rotated,50,128,200,0.8,0.8,0.2,0.7,11833542.09,2607768.6798884855,36311.570252680605,1.2072226819873322,0.005507886291015893
Standard_GA,ellipsoidal_rotated,50,128,200,0.8,0.8,0.2,0.8,11833542.09,2607768.6798884855,36205.69579147525,1.1514542800141498,0.005523992720700335
Standard_GA,ellipsoidal_rotated,50,128,200,0.8,0.8,0.2,0.9,11833542.09,2607768.6798884855,36556.37565679076,1.1627373429946601,0.005471001881523989
Standard_GA,ellipsoidal_rotated,50,128,200,0.8,0.8,0.2,1.0,11833542.09,2607768.6798884855,36586.95323058735,1.1401551319868304,0.005466429487569258
Standard_GA,ellipsoidal_rotated,50,128,200,0.8,0.8,0.4,0.5,11833542.09,2607768.6798884855,36832.99976315418,1.1906564329983667,0.005429913427797146
Standard_GA,ellipsoidal_rotated,50,128,200,0.8,0.8,0.4,0.7,11833542.09,2607768.6798884855,35861.83821080468,1.2121546650014352,0.005576958961901255
Standard_GA,ellipsoidal_rotated,50,128,200,0.8,0.8,0.4,0.8,11833542.09,2607768.6798884855,36272.06970049903,1.1864858029875904,0.00551388441992458
Standard_GA,ellipsoidal_rotated,50,128,200,0.8,0.8,0.4,0.9,11833542.09,2607768.6798884855,35918.24129753696,1.174420855997596,0.005568201358837541
Standard_GA,ellipsoidal_rotated,50,128,200,0.8,0.8,0.4,1.0,11833542.09,2607768.6798884855,36117.14864723138,1.1446780400001444,0.0055375356995500625
Standard_GA,ellipsoidal_rotated,50,128,200,0.8,0.8,0.3,0.5,11833542.09,2607768.6798884855,35418.49524886355,1.1649217889935244,0.005646767277794424
Standard_GA,ellipsoidal_rotated,50,128,200,0.8,0.8,0.3,0.7,11833542.09,2607768.6798884855,35588.6517953869,1.1424369120213669,0.005619768940669019
Standard_GA,ellipsoidal_rotated,50,128,200,0.8,0.8,0.3,0.8,11833542.09,2607768.6798884855,35478.59042395036,1.1568765179836191,0.005637202538491692
Standard_GA,ellipsoidal_rotated,50,128,200,0.8,0.8,0.3,0.9,11833542.09,2607768.6798884855,35344.89440152724,1.1544149100081995,0.005658525888575241
Standard_GA,ellipsoidal_rotated,50,128,200,0.8,0.8,0.3,1.0,11833542.09,2607768.6798884855,35628.24552564468,1.186495186004322,0.005613523681822699
Standard_GA,ellipsoidal_rotated,50,128,200,0.8,0.8,0.6,0.5,11833542.09,2607768.6798884855,36013.07746718854,1.1279501100070775,0.005553538160747848
Standard_GA,ellipsoidal_rotated,50,128,200,0.8,0.8,0.6,0.7,11833542.09,2607768.6798884855,35657.805526419645,1.1661907410016283,0.005608870121068321
Standard_GA,ellipsoidal_rotated,50,128,200,0.8,0.8,0.6,0.8,11833542.09,2607768.6798884855,36199.523708230416,1.1157000010134652,0.00552493457129458
Standard_GA,ellipsoidal_rotated,50,128,200,0.8,0.8,0.6,0.9,11833542.09,2607768.6798884855,35985.05635803451,1.1528581849997863,0.005557862630812451
Standard_GA,ellipsoidal_rotated,50,128,200,0.8,0.8,0.6,1.0,11833542.09,2607768.6798884855,36501.618921564725,1.1573363929928746,0.005479209029872436
Standard_GA,ellipsoidal_rotated,50,128,200,0.8,0.8,0.7,0.5,11833542.09,2607768.6798884855,36210.4356658755,1.2200889689847827,0.005523269640980289
Standard_GA,ellipsoidal_rotated,50,128,200,0.8,0.8,0.7,0.7,11833542.09,2607768.6798884855,36179.426506153395,1.2358000249951147,0.005528003600775264
Standard_GA,ellipsoidal_rotated,50,128,200,0.8,0.8,0.7,0.8,11833542.09,2607768.6798884855,35750.79901911821,1.2293824940279592,0.005594280561199412
Standard_GA,ellipsoidal_rotated,50,128,200,0.8,0.8,0.7,0.9,11833542.09,2607768.6798884855,36023.90376136762,1.2066263149899896,0.005551869151240681
Standard_GA,ellipsoidal_rotated,50,128,200,0.8,0.8,0.7,1.0,11833542.09,2607768.6798884855,36242.65797064018,1.2039504910062533,0.005518359060806688
Standard_GA,ellipsoidal_rotated,50,128,200,0.8,1.0,0.5,0.5,11833542.09,2607768.6798884855,32449.689987413032,1.014680653985124,0.006163387079432141
Standard_GA,ellipsoidal_rotated,50,128,200,0.8,1.0,0.5,0.7,11833542.09,2607768.6798884855,32380.618676740607,1.0018845890008379,0.006176534240948967
Standard_GA,ellipsoidal_rotated,50,128,200,0.8,1.0,0.5,0.8,11833542.09,2607768.6798884855,32527.519171771706,1.0014577379915863,0.006148639831517358
Standard_GA,ellipsoidal_rotated,50,128,200,0.8,1.0,0.5,0.9,11833542.09,2607768.6798884855,32273.623482515268,1.006708796019666,0.006197011008334812
Standard_GA,ellipsoidal_rotated,50,128,200,0.8,1.0,0.5,1.0,11833542.09,2607768.6798884855,32209.76674249734,1.0160712999932002,0.006209296751476359
Standard_GA,ellipsoidal_rotated,50,128,200,0.8,1.0,0.2,0.5,11833542.09,2607768.6798884855,35866.451245003256,1.1967332909989636,0.00557624167035101
Standard_GA,ellipsoidal_rotated,50,128,200,0.8,1.0,0.2,0.7,11833542.09,2607768.6798884855,35718.58584976601,1.168477951985551,0.005599325819930528
Standard_GA,ellipsoidal_rotated,50,128,200,0.8,1.0,0.2,0.8,11833542.09,2607768.6798884855,36140.18018318275,1.1433512730000075,0.005534006720117759
Standard_GA,ellipsoidal_rotated,50,128,200,0.8,1.0,0.2,0.9,11833542.09,2607768.6798884855,36516.78331024576,1.1482239649922121,0.0054769336691242645
Standard_GA,ellipsoidal_rotated,50,128,200,0.8,1.0,0.2,1.0,11833542.09,2607768.6798884855,36646.56073975877,1.1664822499733418,0.0054575380598544145
Standard_GA,ellipsoidal_rotated,50,128,200,0.8,1.0,0.4,0.5,11833542.09,2607768.6798884855,36036.742611317895,1.177157336001983,0.005549891180708073
Standard_GA,ellipsoidal_rotated,50,128,200,0.8,1.0,0.4,0.7,11833542.09,2607768.6798884855,36470.61383022764,1.195656604017131,0.005483867119182833
Standard_GA,ellipsoidal_rotated,50,128,200,0.8,1.0,0.4,0.8,11833542.09,2607768.6798884855,36162.47954954769,1.2006190269894432,0.0055305942095583305
Standard_GA,ellipsoidal_rotated,50,128,200,0.8,1.0,0.4,0.9,11833542.09,2607768.6798884855,36777.07284964427,1.1679597700131126,0.0054381706999265585
Standard_GA,ellipsoidal_rotated,50,128,200,0.8,1.0,0.4,1.0,11833542.09,2607768.6798884855,36266.45486096396,1.222557097004028,0.005514738089696039
Standard_GA,ellipsoidal_rotated,50,128,200,0.8,1.0,0.3,0.5,11833542.09,2607768.6798884855,36475.14505749773,1.1584197110205423,0.005483185870398302
Standard_GA,ellipsoidal_rotated,50,128,200,0.8,1.0,0.3,0.7,11833542.09,2607768.6798884855,36231.853124739675,1.168678579007974,0.005520004712743685
Standard_GA,ellipsoidal_rotated,50,128,200,0.8,1.0,0.3,0.8,11833542.09,2607768.6798884855,36013.61077283677,1.159921783983009,0.00555345592147205
Standard_GA,ellipsoidal_rotated,50,128,200,0.8,1.0,0.3,0.9,11833542.09,2607768.6798884855,35986.32211965116,1.1615708600147627,0.005557667141838465
Standard_GA,ellipsoidal_rotated,50,128,200,0.8,1.0,0.3,1.0,11833542.09,2607768.6798884855,36035.09957557511,1.1677260579890572,0.005550144230364822
Standard_GA,ellipsoidal_rotated,50,128,200,0.8,1.0,0.6,0.5,11833542.09,2607768.6798884855,36402.954053985886,1.1255429330049083,0.00549405962228775
Standard_GA,ellipsoidal_rotated,50,128,200,0.8,1.0,0.6,0.7,11833542.09,2607768.6798884855,35410.64028309423,1.1181156839884352,0.005648019872023724
Standard_GA,ellipsoidal_rotated,50,128,200,0.8,1.0,0.6,0.8,11833542.09,2607768.6798884855,35509.035808839384,1.1560285220039077,0.005632369210943579
Standard_GA,ellipsoidal_rotated,50,128,200,0.8,1.0,0.6,0.9,11833542.09,2607768.6798884855,36161.772804207496,1.140830393997021,0.005530702299438417
Standard_GA,ellipsoidal_rotated,50,128,200,0.8,1.0,0.6,1.0,11833542.09,2607768.6798884855,36263.02716064314,1.1152024730108678,0.005515259360836353
Standard_GA,ellipsoidal_rotated,50,128,200,0.8,1.0,0.7,0.5,11833542.09,2607768.6798884855,36411.44176077658,1.2029918690095656,0.005492778926854953
Standard_GA,ellipsoidal_rotated,50,128,200,0.8,1.0,0.7,0.7,11833542.09,2607768.6798884855,36241.37135470057,1.1951301950030029,0.005518554969748948
Standard_GA,ellipsoidal_rotated,50,128,200,0.8,1.0,0.7,0.8,11833542.09,2607768.6798884855,36059.160421294786,1.1918702120019589,0.0055464408395346255
Standard_GA,ellipsoidal_rotated,50,128,200,0.8,1.0,0.7,0.9,11833542.09,2607768.6798884855,36256.806815088756,1.2074678420030978,0.005516205578169319
Standard_GA,ellipsoidal_rotated,50,128,200,0.8,1.0,0.7,1.0,11833542.09,2607768.6798884855,35979.70672187151,1.213230690016644,0.005558689000608865
Standard_GA,ellipsoidal_rotated,50,128,200,0.9,0.5,0.5,0.5,11833542.09,2607768.6798884855,32146.15752728718,0.9913901230029296,0.0062215833985828795
Standard_GA,ellipsoidal_rotated,50,128,200,0.9,0.5,0.5,0.7,11833542.09,2607768.6798884855,32695.591594810765,0.96499037698959,0.006117032610345632
Standard_GA,ellipsoidal_rotated,50,128,200,0.9,0.5,0.5,0.8,11833542.09,2607768.6798884855,32733.848408863025,0.9936840260052122,0.006109883491299115
Standard_GA,ellipsoidal_rotated,50,128,200,0.9,0.5,0.5,0.9,11833542.09,2607768.6798884855,32561.776825845285,1.0083873559779022,0.0061421709592104886
Standard_GA,ellipsoidal_rotated,50,128,200,0.9,0.5,0.5,1.0,11833542.09,2607768.6798884855,32820.643479430364,0.9788701719953679,0.006093725740793161
Standard_GA,ellipsoidal_rotated,50,128,200,0.9,0.5,0.2,0.5,11833542.09,2607768.6798884855,36382.7310056572,1.15566517499974,0.005497113451128826
Standard_GA,ellipsoidal_rotated,50,128,200,0.9,0.5,0.2,0.7,11833542.09,2607768.6798884855,36295.25833117071,1.1298527580220252,0.005510361661436036
Standard_GA,ellipsoidal_rotated,50,128,200,0.9,0.5,0.2,0.8,11833542.09,2607768.6798884855,35706.34026950715,1.1435075439803768,0.005601246122969314
Standard_GA,ellipsoidal_rotated,50,128,200,0.9,0.5,0.2,0.9,11833542.09,2607768.6798884855,36642.685815903846,1.1536463990050834,0.0054581151885213335
Standard_GA,ellipsoidal_rotated,50,128,200,0.9,0.5,0.2,1.0,11833542.09,2607768.6798884855,36435.16879695667,1.1437305160216056,0.005489201960735954
Standard_GA,ellipsoidal_rotated,50,128,200,0.9,0.5,0.4,0.5,11833542.09,2607768.6798884855,36805.7723393327,1.21488724698429,0.005433930258441251
Standard_GA,ellipsoidal_rotated,50,128,200,0.9,0.5,0.4,0.7,11833542.09,2607768.6798884855,36050.3242466132,1.1872767710010521,0.005547800309141166
Standard_GA,ellipsoidal_rotated,50,128,200,0.9,0.5,0.4,0.8,11833542.09,2607768.6798884855,36431.88911737112,1.218618425016757,0.005489696110889781
Standard_GA,ellipsoidal_rotated,50,128,200,0.9,0.5,0.4,0.9,11833542.09,2607768.6798884855,36292.019201696305,1.2090584230027162,0.005510853471350856
Standard_GA,ellipsoidal_rotated,50,128,200,0.9,0.5,0.4,1.0,11833542.09,2607768.6798884855,35882.682559592875,1.1845540619979147,0.005573719291132875
Standard_GA,ellipsoidal_rotated,50,128,200,0.9,0.5,0.3,0.5,11833542.09,2607768.6798884855,36303.56447109152,1.175627121992875,0.005509100908238906
Standard_GA,ellipsoidal_rotated,50,128,200,0.9,0.5,0.3,0.7,11833542.09,2607768.6798884855,35559.0019081958,1.1696472309995443,0.005624454829085152
Standard_GA,ellipsoidal_rotated,50,128,200,0.9,0.5,0.3,0.8,11833542.09,2607768.6798884855,35750.80592682102,1.137464444997022,0.005594279480283149
Standard_GA,ellipsoidal_rotated,50,128,200,0.9,0.5,0.3,0.9,11833542.09,2607768.6798884855,35790.88606306459,1.1052681709988974,0.005588014771346934
Standard_GA,ellipsoidal_rotated,50,128,200,0.9,0.5,0.3,1.0,11833542.09,2607768.6798884855,35809.10886965023,1.16941288500675,0.00558517110068351
Standard_GA,ellipsoidal_rotated,50,128,200,0.9,0.5,0.6,0.5,11833542.09,2607768.6798884855,35308.73569015609,1.1540911570191383,0.005664320630312431
Standard_GA,ellipsoidal_rotated,50,128,200,0.9,0.5,0.6,0.7,11833542.09,2607768.6798884855,35339.90972405833,1.1565381280088332,0.0056593240209622305
Standard_GA,ellipsoidal_rotated,50,128,200,0.9,0.5,0.6,0.8,11833542.09,2607768.6798884855,36017.957357735075,1.1762741620186716,0.005552785740001127
Standard_GA,ellipsoidal_rotated,50,128,200,0.9,0.5,0.6,0.9,11833542.09,2607768.6798884855,35991.69310740041,1.1724698830221314,0.005556837779295165
Standard_GA,ellipsoidal_rotated,50,128,200,0.9,0.5,0.6,1.0,11833542.09,2607768.6798884855,36039.46115129781,1.11353913100902,0.005549472539569251
Standard_GA,ellipsoidal_rotated,50,128,200,0.9,0.5,0.7,0.5,11833542.09,2607768.6798884855,36311.24564181319,1.220921839994844,0.005507935529749375
Standard_GA,ellipsoidal_rotated,50,128,200,0.9,0.5,0.7,0.7,11833542.09,2607768.6798884855,36064.73095511224,1.2431688299984671,0.005545584140054416
Standard_GA,ellipsoidal_rotated,50,128,200,0.9,0.5,0.7,0.8,11833542.09,2607768.6798884855,35988.2837375339,1.2171113020158373,0.0055573642093804665
Standard_GA,ellipsoidal_rotated,50,128,200,0.9,0.5,0.7,0.9,11833542.09,2607768.6798884855,36201.62092738166,1.2121852380223572,0.005524614502792247
Standard_GA,ellipsoidal_rotated,50,128,200,0.9,0.5,0.7,1.0,11833542.09,2607768.6798884855,36269.61925267603,1.2359974269929808,0.005514256948954426
Standard_GA,ellipsoidal_rotated,50,128,200,0.9,0.8,0.5,0.5,11833542.09,2607768.6798884855,32151.117502290414,0.9918655130022671,0.0062206235906342045
Standard_GA,ellipsoidal_rotated,50,128,200,0.9,0.8,0.5,0.7,11833542.09,2607768.6798884855,32362.098840703053,1.0132873480033595,0.00618006888194941
Standard_GA,ellipsoidal_rotated,50,128,200,0.9,0.8,0.5,0.8,11833542.09,2607768.6798884855,32306.17289019102,1.0070475449902005,0.006190767339721788
Standard_GA,ellipsoidal_rotated,50,128,200,0.9,0.8,0.5,0.9,11833542.09,2607768.6798884855,32435.18458426027,1.0084010620194022,0.006166143419977743
Standard_GA,ellipsoidal_rotated,50,128,200,0.9,0.8,0.5,1.0,11833542.09,2607768.6798884855,33156.17749040199,1.013412194995908,0.006032058431883342
Standard_GA,ellipsoidal_rotated,50,128,200,0.9,0.8,0.2,0.5,11833542.09,2607768.6798884855,36277.106304962464,1.1535223189857788,0.005513118888775353
Standard_GA,ellipsoidal_rotated,50,128,200,0.9,0.8,0.2,0.7,11833542.09,2607768.6798884855,36713.24673695438,1.1586427520087454,0.005447624979424291
Standard_GA,ellipsoidal_rotated,50,128,200,0.9,0.8,0.2,0.8,11833542.09,2607768.6798884855,36348.94689836071,1.1322285220085178,0.005502222679497209
Standard_GA,ellipsoidal_rotated,50,128,200,0.9,0.8,0.2,0.9,11833542.09,2607768.6798884855,36291.71161100668,2.5914500250073615,0.005510900178633165
Standard_GA,ellipsoidal_rotated,50,128,200,0.9,0.8,0.2,1.0,11833542.09,2607768.6798884855,36275.18776138718,1.1642149519757368,0.0055134104698663575
Standard_GA,ellipsoidal_rotated,50,128,200,0.9,0.8,0.4,0.5,11833542.09,2607768.6798884855,35689.76663987633,1.1799029209942091,0.005603847232123371
Standard_GA,ellipsoidal_rotated,50,128,200,0.9,0.8,0.4,0.7,11833542.09,2607768.6798884855,35548.72791675754,1.1933540050231386,0.005626080361253116
Standard_GA,ellipsoidal_rotated,50,128,200,0.9,0.8,0.4,0.8,11833542.09,2607768.6798884855,35745.45427656527,1.2299448160047177,0.005595117030898109
Standard_GA,ellipsoidal_rotated,50,128,200,0.9,0.8,0.4,0.9,11833542.09,2607768.6798884855,35522.683590721565,1.2175795959774405,0.0056302052599494345
Standard_GA,ellipsoidal_rotated,50,128,200,0.9,0.8,0.4,1.0,11833542.09,2607768.6798884855,35727.517461246025,1.1942102719913237,0.005597926030459348
Standard_GA,ellipsoidal_rotated,50,128,200,0.9,0.8,0.3,0.5,11833542.09,2607768.6798884855,35771.9460720741,1.1373738069960382,0.005590973429207224
Standard_GA,ellipsoidal_rotated,50,128,200,0.9,0.8,0.3,0.7,11833542.09,2607768.6798884855,36594.57359182871,1.165448899002513,0.005465291172149591
Standard_GA,ellipsoidal_rotated,50,128,200,0.9,0.8,0.3,0.8,11833542.09,2607768.6798884855,35670.775910834425,1.1815592880011536,0.005606830658798571
Standard_GA,ellipsoidal_rotated,50,128,200,0.9,0.8,0.3,0.9,11833542.09,2607768.6798884855,36275.52297029129,1.1930381470010616,0.00551335952244699
Standard_GA,ellipsoidal_rotated,50,128,200,0.9,0.8,0.3,1.0,11833542.09,2607768.6798884855,36004.001942769784,1.1557896909944247,0.005554938040440902
Standard_GA,ellipsoidal_rotated,50,128,200,0.9,0.8,0.6,0.5,11833542.09,2607768.6798884855,36650.58700886592,1.1375404789869208,0.005456938519200776
Standard_GA,ellipsoidal_rotated,50,128,200,0.9,0.8,0.6,0.7,11833542.09,2607768.6798884855,36056.84870425566,1.169780800002627,0.005546796439157333
Standard_GA,ellipsoidal_rotated,50,128,200,0.9,0.8,0.6,0.8,11833542.09,2607768.6798884855,36323.21259373799,1.1904690710071009,0.005506120899517555
Standard_GA,ellipsoidal_rotated,50,128,200,0.9,0.8,0.6,0.9,11833542.09,2607768.6798884855,36472.182089093134,1.1274447149771731,0.005483631319657433
Standard_GA,ellipsoidal_rotated,50,128,200,0.9,0.8,0.6,1.0,11833542.09,2607768.6798884855,36444.085813430305,1.143137292994652,0.005487858881242574
Standard_GA,ellipsoidal_rotated,50,128,200,0.9,0.8,0.7,0.5,11833542.09,2607768.6798884855,36691.14465219292,1.245848891994683,0.0054509065306046975
Standard_GA,ellipsoidal_rotated,50,128,200,0.9,0.8,0.7,0.7,11833542.09,2607768.6798884855,36210.31917845158,1.2894608640053775,0.005523287409159821
Standard_GA,ellipsoidal_rotated,50,128,200,0.9,0.8,0.7,0.8,11833542.09,2607768.6798884855,35739.93894116543,1.2145410640223417,0.005595980461221188
Standard_GA,ellipsoidal_rotated,50,128,200,0.9,0.8,0.7,0.9,11833542.09,2607768.6798884855,35867.598294429976,1.2184059869905468,0.005576063341577537
Standard_GA,ellipsoidal_rotated,50,128,200,0.9,0.8,0.7,1.0,11833542.09,2607768.6798884855,35702.49445911341,1.2265977040224243,0.0056018494794261645
Standard_GA,ellipsoidal_rotated,50,128,200,0.9,1.0,0.5,0.5,11833542.09,2607768.6798884855,32388.280452450857,1.005054470995674,0.006175073119229637
Standard_GA,ellipsoidal_rotated,50,128,200,0.9,1.0,0.5,0.7,11833542.09,2607768.6798884855,32334.407302374737,0.9971793870208785,0.006185361560201272
Standard_GA,ellipsoidal_rotated,50,128,200,0.9,1.0,0.5,0.8,11833542.09,2607768.6798884855,32567.50693610635,0.9892000560066663,0.006141090271121356
Standard_GA,ellipsoidal_rotated,50,128,200,0.9,1.0,0.5,0.9,11833542.09,2607768.6798884855,32070.83611118265,0.966661390993977,0.006236195380333811
Standard_GA,ellipsoidal_rotated,50,128,200,0.9,1.0,0.5,1.0,11833542.09,2607768.6798884855,32525.281842997054,0.962301034014672,0.006149062780314125
Standard_GA,ellipsoidal_rotated,50,128,200,0.9,1.0,0.2,0.5,11833542.09,2607768.6798884855,36217.577917036055,1.1279902200039942,0.0055221804301254455
Standard_GA,ellipsoidal_rotated,50,128,200,0.9,1.0,0.2,0.7,11833542.09,2607768.6798884855,36308.362154896786,1.1457736040174495,0.005508372951298952
Standard_GA,ellipsoidal_rotated,50,128,200,0.9,1.0,0.2,0.8,11833542.09,2607768.6798884855,36067.25993974439,1.1309441720077302,0.005545195291633717
Standard_GA,ellipsoidal_rotated,50,128,200,0.9,1.0,0.2,0.9,11833542.09,2607768.6798884855,35261.19187366051,1.1490490610012785,0.005671958018792793
Standard_GA,ellipsoidal_rotated,50,128,200,0.9,1.0,0.2,1.0,11833542.09,2607768.6798884855,36056.94938709468,1.1608797340013552,0.005546780950680841
Standard_GA,ellipsoidal_rotated,50,128,200,0.9,1.0,0.4,0.5,11833542.09,2607768.6798884855,35747.53998964696,1.18448996898951,0.005594790580216795
Standard_GA,ellipsoidal_rotated,50,128,200,0.9,1.0,0.4,0.7,11833542.09,2607768.6798884855,36240.15586640148,1.1685867089836393,0.005518740061088465
Standard_GA,ellipsoidal_rotated,50,128,200,0.9,1.0,0.4,0.8,11833542.09,2607768.6798884855,36822.35783864611,1.1531583539908752,0.005431482711574062
Standard_GA,ellipsoidal_rotated,50,128,200,0.9,1.0,0.4,0.9,11833542.09,2607768.6798884855,36615.855835051436,1.1952135690080468,0.005462114579568151
Standard_GA,ellipsoidal_rotated,50,128,200,0.9,1.0,0.4,1.0,11833542.09,2607768.6798884855,36135.575804015316,1.1600090650026686,0.005534711860818788
Standard_GA,ellipsoidal_rotated,50,128,200,0.9,1.0,0.3,0.5,11833542.09,2607768.6798884855,36418.118986725975,1.1582858269975986,0.005491771831293591
Standard_GA,ellipsoidal_rotated,50,128,200,0.9,1.0,0.3,0.7,11833542.09,2607768.6798884855,36455.42849115721,1.1279206000035629,0.005486151398508809
Standard_GA,ellipsoidal_rotated,50,128,200,0.9,1.0,0.3,0.8,11833542.09,2607768.6798884855,36382.151379914845,1.1488146230112761,0.005497201028920245
Standard_GA,ellipsoidal_rotated,50,128,200,0.9,1.0,0.3,0.9,11833542.09,2607768.6798884855,36476.29843722071,1.1606573809986003,0.0054830124921863895
Standard_GA,ellipsoidal_rotated,50,128,200,0.9,1.0,0.3,1.0,11833542.09,2607768.6798884855,36327.77636046241,1.1147580789984204,0.005505429179465864
Standard_GA,ellipsoidal_rotated,50,128,200,0.9,1.0,0.6,0.5,11833542.09,2607768.6798884855,36037.42956505422,1.164513291005278,0.005549785387411248
Standard_GA,ellipsoidal_rotated,50,128,200,0.9,1.0,0.6,0.7,11833542.09,2607768.6798884855,36131.795390890446,1.1616088860027958,0.005535290949046612
Standard_GA,ellipsoidal_rotated,50,128,200,0.9,1.0,0.6,0.8,11833542.09,2607768.6798884855,35741.22133467879,1.1450575630005915,0.005595779677678365
Standard_GA,ellipsoidal_rotated,50,128,200,0.9,1.0,0.6,0.9,11833542.09,2607768.6798884855,35928.46478377571,1.168007802014472,0.005566616920696106
Standard_GA,ellipsoidal_rotated,50,128,200,0.9,1.0,0.6,1.0,11833542.09,2607768.6798884855,36219.265768141224,1.1612250829930417,0.005521923091437202
Standard_GA,ellipsoidal_rotated,50,128,200,0.9,1.0,0.7,0.5,11833542.09,2607768.6798884855,36071.585528300384,1.2443118679802865,0.005544530329643749
Standard_GA,ellipsoidal_rotated,50,128,200,0.9,1.0,0.7,0.7,11833542.09,2607768.6798884855,36178.00065786415,1.247924683993915,0.005528221470594872
Standard_GA,ellipsoidal_rotated,50,128,200,0.9,1.0,0.7,0.8,11833542.09,2607768.6798884855,35071.755195631944,1.26307368898415,0.005702594548929483
Standard_GA,ellipsoidal_rotated,50,128,200,0.9,1.0,0.7,0.9,11833542.09,2607768.6798884855,36054.98445549178,1.2128851049928926,0.0055470832402352245
Standard_GA,ellipsoidal_rotated,50,128,200,0.9,1.0,0.7,1.0,11833542.09,2607768.6798884855,36742.94960617952,1.2064564650063403,0.005443221138848458
Standard_GA,ellipsoidal_rotated,50,128,200,1.0,0.5,0.5,0.5,11833542.09,2607768.6798884855,32439.791329434483,0.9843874670041259,0.0061652677715756
Standard_GA,ellipsoidal_rotated,50,128,200,1.0,0.5,0.5,0.7,11833542.09,2607768.6798884855,32391.194783584873,1.0088669449905865,0.006174517529725563
Standard_GA,ellipsoidal_rotated,50,128,200,1.0,0.5,0.5,0.8,11833542.09,2607768.6798884855,32121.856444501027,1.007963892974658,0.006226290200429503
Standard_GA,ellipsoidal_rotated,50,128,200,1.0,0.5,0.5,0.9,11833542.09,2607768.6798884855,32480.847769241653,1.02643425000133,0.006157474750070832
Standard_GA,ellipsoidal_rotated,50,128,200,1.0,0.5,0.5,1.0,11833542.09,2607768.6798884855,32388.30085714833,1.0139369969838299,0.00617506922892062
Standard_GA,ellipsoidal_rotated,50,128,200,1.0,0.5,0.2,0.5,11833542.09,2607768.6798884855,36464.6171651382,1.1565117109857965,0.005484768949972931
Standard_GA,ellipsoidal_rotated,50,128,200,1.0,0.5,0.2,0.7,11833542.09,2607768.6798884855,35652.49574229201,1.1683182819979265,0.0056097054592100905
Standard_GA,ellipsoidal_rotated,50,128,200,1.0,0.5,0.2,0.8,11833542.09,2607768.6798884855,36645.66050168101,1.1422941889904905,0.005457672129850834
Standard_GA,ellipsoidal_rotated,50,128,200,1.0,0.5,0.2,0.9,11833542.09,2607768.6798884855,36218.97862483648,1.1510399910039268,0.005521966869127937
Standard_GA,ellipsoidal_rotated,50,128,200,1.0,0.5,0.2,1.0,11833542.09,2607768.6798884855,36372.372546299164,1.1397665940166917,0.005498678969743196
Standard_GA,ellipsoidal_rotated,50,128,200,1.0,0.5,0.4,0.5,11833542.09,2607768.6798884855,36248.23930412802,1.2283175119955558,0.00551750936981989
Standard_GA,ellipsoidal_rotated,50,128,200,1.0,0.5,0.4,0.7,11833542.09,2607768.6798884855,36071.567837936906,1.1517943819926586,0.0055445330488146285
Standard_GA,ellipsoidal_rotated,50,128,200,1.0,0.5,0.4,0.8,11833542.09,2607768.6798884855,36331.1482440543,1.1706417759996839,0.005504918222140986
Standard_GA,ellipsoidal_rotated,50,128,200,1.0,0.5,0.4,0.9,11833542.09,2607768.6798884855,36303.76774513178,1.2118897610052954,0.005509070061380044
Standard_GA,ellipsoidal_rotated,50,128,200,1.0,0.5,0.4,1.0,11833542.09,2607768.6798884855,36038.78218092849,1.1666972980019636,0.005549577091587707
Standard_GA,ellipsoidal_rotated,50,128,200,1.0,0.5,0.3,0.5,11833542.09,2607768.6798884855,35817.46880663719,1.1651949619990773,0.005583867499954067
Standard_GA,ellipsoidal_rotated,50,128,200,1.0,0.5,0.3,0.7,11833542.09,2607768.6798884855,35913.797443831376,1.1385968319955282,0.005568890349532012
Standard_GA,ellipsoidal_rotated,50,128,200,1.0,0.5,0.3,0.8,11833542.09,2607768.6798884855,35906.00937860245,1.1476341689995024,0.005570098249881994
Standard_GA,ellipsoidal_rotated,50,128,200,1.0,0.5,0.3,0.9,11833542.09,2607768.6798884855,36295.07541670181,2.575620405987138,0.005510389431728982
Standard_GA,ellipsoidal_rotated,50,128,200,1.0,0.5,0.3,1.0,11833542.09,2607768.6798884855,36144.460765600335,1.1725571599963587,0.005533351328631397
Standard_GA,ellipsoidal_rotated,50,128,200,1.0,0.5,0.6,0.5,11833542.09,2607768.6798884855,35901.73354513256,1.1718566690105945,0.005570761638809926
Standard_GA,ellipsoidal_rotated,50,128,200,1.0,0.5,0.6,0.7,11833542.09,2607768.6798884855,35372.09474084375,1.1537689810211305,0.005654174610390328
Standard_GA,ellipsoidal_rotated,50,128,200,1.0,0.5,0.6,0.8,11833542.09,2607768.6798884855,36431.003665498516,1.1316326780070085,0.00548982953740051
Standard_GA,ellipsoidal_rotated,50,128,200,1.0,0.5,0.6,0.9,11833542.09,2607768.6798884855,35906.389117038205,1.1581505359790754,0.005570039341691881
Standard_GA,ellipsoidal_rotated,50,128,200,1.0,0.5,0.6,1.0,11833542.09,2607768.6798884855,36268.407735759625,1.1614875809755176,0.0055144411482615395
Standard_GA,ellipsoidal_rotated,50,128,200,1.0,0.5,0.7,0.5,11833542.09,2607768.6798884855,36544.873880019346,1.2353322820272297,0.0054727237712359055
Standard_GA,ellipsoidal_rotated,50,128,200,1.0,0.5,0.7,0.7,11833542.09,2607768.6798884855,36416.04480122986,1.2510709099879023,0.005492084631696343
Standard_GA,ellipsoidal_rotated,50,128,200,1.0,0.5,0.7,0.8,11833542.09,2607768.6798884855,36659.32145157461,1.2241739309974946,0.005455638350103982
Standard_GA,ellipsoidal_rotated,50,128,200,1.0,0.5,0.7,0.9,11833542.09,2607768.6798884855,36479.51699793651,1.2325378629902843,0.005482528730062768
Standard_GA,ellipsoidal_rotated,50,128,200,1.0,0.5,0.7,1.0,11833542.09,2607768.6798884855,36159.585268372604,1.226685601985082,0.00553103688871488
Standard_GA,ellipsoidal_rotated,50,128,200,1.0,0.8,0.5,0.5,11833542.09,2607768.6798884855,32203.76321762563,0.9887764139857609,0.006210454307729378
Standard_GA,ellipsoidal_rotated,50,128,200,1.0,0.8,0.5,0.7,11833542.09,2607768.6798884855,32396.004933888402,0.9924527390103322,0.006173600738984533
Standard_GA,ellipsoidal_rotated,50,128,200,1.0,0.8,0.5,0.8,11833542.09,2607768.6798884855,32682.33589470076,1.0022091019782238,0.00611951363098342
Standard_GA,ellipsoidal_rotated,50,128,200,1.0,0.8,0.5,0.9,11833542.09,2607768.6798884855,32446.972823985096,1.0050324629992247,0.006163903211709112
Standard_GA,ellipsoidal_rotated,50,128,200,1.0,0.8,0.5,1.0,11833542.09,2607768.6798884855,32604.242275327302,1.0011714619759005,0.006134171078447253
Standard_GA,ellipsoidal_rotated,50,128,200,1.0,0.8,0.2,0.5,11833542.09,2607768.6798884855,35603.09882851735,1.1623262869834434,0.005617488549614791
Standard_GA,ellipsoidal_rotated,50,128,200,1.0,0.8,0.2,0.7,11833542.09,2607768.6798884855,35979.238621851255,1.1337639179837424,0.005558761320717167
Standard_GA,ellipsoidal_rotated,50,128,200,1.0,0.8,0.2,0.8,11833542.09,2607768.6798884855,36228.92575421819,1.1581485620117746,0.005520450740295928
Standard_GA,ellipsoidal_rotated,50,128,200,1.0,0.8,0.2,0.9,11833542.09,2607768.6798884855,35745.64927539253,1.1756019879831001,0.005595086508546956
Standard_GA,ellipsoidal_rotated,50,128,200,1.0,0.8,0.2,1.0,11833542.09,2607768.6798884855,35981.92498156769,1.1762698689999525,0.005558346311445348
Standard_GA,ellipsoidal_rotated,50,128,200,1.0,0.8,0.4,0.5,11833542.09,2607768.6798884855,36235.71631504624,1.1916229870112147,0.005519416209717747
Standard_GA,ellipsoidal_rotated,50,128,200,1.0,0.8,0.4,0.7,11833542.09,2607768.6798884855,36279.96585563361,1.2212069180095568,0.00551268435025122
Standard_GA,ellipsoidal_rotated,50,128,200,1.0,0.8,0.4,0.8,11833542.09,2607768.6798884855,35816.51832219004,1.1623918839904945,0.0055840156823978755
Standard_GA,ellipsoidal_rotated,50,128,200,1.0,0.8,0.4,0.9,11833542.09,2607768.6798884855,36197.06555323975,1.1487486120022368,0.005525309771473985
Standard_GA,ellipsoidal_rotated,50,128,200,1.0,0.8,0.4,1.0,11833542.09,2607768.6798884855,35462.84849769845,1.1965559920063242,0.005639704887580592
Standard_GA,ellipsoidal_rotated,50,128,200,1.0,0.8,0.3,0.5,11833542.09,2607768.6798884855,35657.42688507923,1.1610614620149136,0.005608929680893198
Standard_GA,ellipsoidal_rotated,50,128,200,1.0,0.8,0.3,0.7,11833542.09,2607768.6798884855,36290.76463202966,1.1579111539758742,0.005511043981241528
Standard_GA,ellipsoidal_rotated,50,128,200,1.0,0.8,0.3,0.8,11833542.09,2607768.6798884855,36344.161909111375,1.1608366430155002,0.005502947089553345
Standard_GA,ellipsoidal_rotated,50,128,200,1.0,0.8,0.3,0.9,11833542.09,2607768.6798884855,36294.36329891919,1.1759814789984375,0.005510497548966669
Standard_GA,ellipsoidal_rotated,50,128,200,1.0,0.8,0.3,1.0,11833542.09,2607768.6798884855,36409.10035037939,1.1318856199795846,0.005493132158590015
Standard_GA,ellipsoidal_rotated,50,128,200,1.0,0.8,0.6,0.5,11833542.09,2607768.6798884855,36019.92773332182,1.1406516450224444,0.005552481989434454
Standard_GA,ellipsoidal_rotated,50,128,200,1.0,0.8,0.6,0.7,11833542.09,2607768.6798884855,36057.780566998,1.1198151000135113,0.005546653089986649
Standard_GA,ellipsoidal_rotated,50,128,200,1.0,0.8,0.6,0.8,11833542.09,2607768.6798884855,35917.510904005605,1.1187417189939879,0.005568314589909278
Standard_GA,ellipsoidal_rotated,50,128,200,1.0,0.8,0.6,0.9,11833542.09,2607768.6798884855,36352.858060036444,1.110974775016075,0.005501630701764952
Standard_GA,ellipsoidal_rotated,50,128,200,1.0,0.8,0.6,1.0,11833542.09,2607768.6798884855,35986.15507121615,1.1525209299870767,0.005557692940637935
Standard_GA,ellipsoidal_rotated,50,128,200,1.0,0.8,0.7,0.5,11833542.09,2607768.6798884855,35669.75871784713,1.2340958770073485,0.00560699054854922
Standard_GA,ellipsoidal_rotated,50,128,200,1.0,0.8,0.7,0.7,11833542.09,2607768.6798884855,35570.65458751155,1.1836188310116995,0.0056226122999214565
Standard_GA,ellipsoidal_rotated,50,128,200,1.0,0.8,0.7,0.8,11833542.09,2607768.6798884855,35837.169444492385,1.1944846360129304,0.005580797900620382
Standard_GA,ellipsoidal_rotated,50,128,200,1.0,0.8,0.7,0.9,11833542.09,2607768.6798884855,35993.08817977232,1.198332470987225,0.005556622399308253
Standard_GA,ellipsoidal_rotated,50,128,200,1.0,0.8,0.7,1.0,11833542.09,2607768.6798884855,35892.682588176445,1.212799086002633,0.005572166402125731
Standard_GA,ellipsoidal_rotated,50,128,200,1.0,1.0,0.5,0.5,11833542.09,2607768.6798884855,32244.276970940788,0.9776649450068362,0.006202651099301875
Standard_GA,ellipsoidal_rotated,50,128,200,1.0,1.0,0.5,0.7,11833542.09,2607768.6798884855,32083.715149258456,0.9792452559922822,0.0062336920481175185
Standard_GA,ellipsoidal_rotated,50,128,200,1.0,1.0,0.5,0.8,11833542.09,2607768.6798884855,32128.414547943277,0.9901774620229844,0.006225019280100242
Standard_GA,ellipsoidal_rotated,50,128,200,1.0,1.0,0.5,0.9,11833542.09,2607768.6798884855,32636.788656273184,0.9911985899962019,0.006128053899738006
Standard_GA,ellipsoidal_rotated,50,128,200,1.0,1.0,0.5,1.0,11833542.09,2607768.6798884855,32920.029656797895,1.015071015979629,0.006075328670267482
Standard_GA,ellipsoidal_rotated,50,128,200,1.0,1.0,0.2,0.5,11833542.09,2607768.6798884855,36360.77253059747,1.154868687997805,0.005500433188863099
Standard_GA,ellipsoidal_rotated,50,128,200,1.0,1.0,0.2,0.7,11833542.09,2607768.6798884855,35910.36780407321,1.1643977369822096,0.005569422209518961
Standard_GA,ellipsoidal_rotated,50,128,200,1.0,1.0,0.2,0.8,11833542.09,2607768.6798884855,36475.96064398531,1.1452387390017975,0.005483063268766273
Standard_GA,ellipsoidal_rotated,50,128,200,1.0,1.0,0.2,0.9,11833542.09,2607768.6798884855,36175.67046225198,1.1543396239867434,0.005528577561781276
Standard_GA,ellipsoidal_rotated,50,128,200,1.0,1.0,0.2,1.0,11833542.09,2607768.6798884855,35712.44135257458,1.1368888590077404,0.00560028921085177
Standard_GA,ellipsoidal_rotated,50,128,200,1.0,1.0,0.4,0.5,11833542.09,2607768.6798884855,36477.16717698192,1.2003711839788593,0.005482881908828858
Standard_GA,ellipsoidal_rotated,50,128,200,1.0,1.0,0.4,0.7,11833542.09,2607768.6798884855,36125.203254461725,1.19814070200664,0.005536301030369941
Standard_GA,ellipsoidal_rotated,50,128,200,1.0,1.0,0.4,0.8,11833542.09,2607768.6798884855,36526.074202241274,1.1972739449993242,0.005475540538318455
Standard_GA,ellipsoidal_rotated,50,128,200,1.0,1.0,0.4,0.9,11833542.09,2607768.6798884855,36438.49674477872,1.1480882450123318,0.005488700628920924
Standard_GA,ellipsoidal_rotated,50,128,200,1.0,1.0,0.4,1.0,11833542.09,2607768.6798884855,36768.85779756185,1.2084653170022648,0.005439385718782433
Standard_GA,ellipsoidal_rotated,50,128,200,1.0,1.0,0.3,0.5,11833542.09,2607768.6798884855,36669.02863254944,1.130560564022744,0.0054541941103525456
Standard_GA,ellipsoidal_rotated,50,128,200,1.0,1.0,0.3,0.7,11833542.09,2607768.6798884855,36422.44205909376,1.1190527169965208,0.005491119998914655
Standard_GA,ellipsoidal_rotated,50,128,200,1.0,1.0,0.3,0.8,11833542.09,2607768.6798884855,36447.13775153659,1.144323299988173,0.005487399349804036
Standard_GA,ellipsoidal_rotated,50,128,200,1.0,1.0,0.3,0.9,11833542.09,2607768.6798884855,36203.05651706339,1.131508032005513,0.0055243954306934025
Standard_GA,ellipsoidal_rotated,50,128,200,1.0,1.0,0.3,1.0,11833542.09,2607768.6798884855,35579.6262934968,1.15855358200497,0.0056211945103132165
Standard_GA,ellipsoidal_rotated,50,128,200,1.0,1.0,0.6,0.5,11833542.09,2607768.6798884855,35793.40710235005,1.1664735650119837,0.005587621190352365
Standard_GA,ellipsoidal_rotated,50,128,200,1.0,1.0,0.6,0.7,11833542.09,2607768.6798884855,35906.00841053833,1.1702499040111434,0.005570098400057759
Standard_GA,ellipsoidal_rotated,50,128,200,1.0,1.0,0.6,0.8,11833542.09,2607768.6798884855,35841.0433866978,1.1508748260093853,0.005580194690264761
Standard_GA,ellipsoidal_rotated,50,128,200,1.0,1.0,0.6,0.9,11833542.09,2607768.6798884855,35861.96279006371,1.1541332509950735,0.005576939588354435
Standard_GA,ellipsoidal_rotated,50,128,200,1.0,1.0,0.6,1.0,11833542.09,2607768.6798884855,36304.25367959897,1.1485363200190477,0.005508996322168969
Standard_GA,ellipsoidal_rotated,50,128,200,1.0,1.0,0.7,0.5,11833542.09,2607768.6798884855,35623.7218207057,1.2038770460058004,0.0056142365193227305
Standard_GA,ellipsoidal_rotated,50,128,200,1.0,1.0,0.7,0.7,11833542.09,2607768.6798884855,36116.265803725764,1.2423739309888333,0.005537671061756555
Standard_GA,ellipsoidal_rotated,50,128,200,1.0,1.0,0.7,0.8,11833542.09,2607768.6798884855,36753.44432687305,1.196123161003925,0.005441666860424448
Standard_GA,ellipsoidal_rotated,50,128,200,1.0,1.0,0.7,0.9,11833542.09,2607768.6798884855,36538.13205648799,1.2434057140199002,0.005473733569378965
Standard_GA,ellipsoidal_rotated,50,128,200,1.0,1.0,0.7,1.0,11833542.09,2607768.6798884855,36617.97087664426,1.3069103710004129,0.005461799089680426
Standard_GA_Ablation,sphere,50,128,200,0.8,0.5,0.5,0.5,485.3296862792969,39.35403296133339,31956.428406202733,1.3005759259976912,0.006258521680138074
Standard_GA_Ablation,sphere,50,128,200,0.8,0.5,0.5,0.7,485.3296862792969,39.35403296133339,31840.000177260077,2.9513616480107885,0.006281407000205946
Standard_GA_Ablation,sphere,50,128,200,0.8,0.5,0.5,0.8,485.3296862792969,39.35403296133339,31646.946917741294,1.342181095998967,0.0063197249491349795
Standard_GA_Ablation,sphere,50,128,200,0.8,0.5,0.5,0.9,485.3296862792969,39.35403296133339,31583.583392395198,1.2905705949815456,0.006332403689448256
Standard_GA_Ablation,sphere,50,128,200,0.8,0.5,0.5,1.0,485.3296862792969,39.35403296133339,31932.076794223394,1.314268132991856,0.006263294469972607
Standard_GA_Ablation,sphere,50,128,200,0.8,0.5,0.2,0.5,485.3296862792969,39.35403296133339,31395.790422742266,1.4269758269947488,0.00637028077035211
Standard_GA_Ablation,sphere,50,128,200,0.8,0.5,0.2,0.7,485.3296862792969,39.35403296133339,31194.31055453055,1.413481016003061,0.006411425559490453
Standard_GA_Ablation,sphere,50,128,200,0.8,0.5,0.2,0.8,485.3296862792969,39.35403296133339,30732.385524964393,1.3934963170031551,0.006507792889606207
Standard_GA_Ablation,sphere,50,128,200,0.8,0.5,0.2,0.9,485.3296862792969,39.35403296133339,31198.195887571685,1.4423244219797198,0.0064106270991032945
Standard_GA_Ablation,sphere,50,128,200,0.8,0.5,0.2,1.0,485.3296862792969,39.35403296133339,31029.68505604862,1.5029106590081938,0.006445440862153191
Standard_GA_Ablation,sphere,50,128,200,0.8,0.5,0.4,0.5,485.3296862792969,39.35403296133339,30704.13931871244,1.4325364280084614,0.006513779719534795
Standard_GA_Ablation,sphere,50,128,200,0.8,0.5,0.4,0.7,485.3296862792969,39.35403296133339,30994.763980102627,1.4537105439812876,0.006452702789683826
Standard_GA_Ablation,sphere,50,128,200,0.8,0.5,0.4,0.8,485.3296862792969,39.35403296133339,30837.005229563732,1.424645799008431,0.0064857141123502516
Standard_GA_Ablation,sphere,50,128,200,0.8,0.5,0.4,0.9,485.3296862792969,39.35403296133339,30569.23507405761,1.4561708770052064,0.006542525500408374
Standard_GA_Ablation,sphere,50,128,200,0.8,0.5,0.4,1.0,485.3296862792969,39.35403296133339,31037.527275355023,1.4407916789932642,0.006443812299403362
Standard_GA_Ablation,sphere,50,128,200,0.8,0.5,0.3,0.5,485.3296862792969,39.35403296133339,30910.056897105733,1.4634073909837753,0.0064703860192093995
Standard_GA_Ablation,sphere,50,128,200,0.8,0.5,0.3,0.7,485.3296862792969,39.35403296133339,30925.995596693785,1.419419239013223,0.006467051299114246
Standard_GA_Ablation,sphere,50,128,200,0.8,0.5,0.3,0.8,485.3296862792969,39.35403296133339,31054.93179895119,1.4757821680104826,0.006440200908982661
Standard_GA_Ablation,sphere,50,128,200,0.8,0.5,0.3,0.9,485.3296862792969,39.35403296133339,30401.895329744435,1.4407669359934516,0.006578537220484577
Standard_GA_Ablation,sphere,50,128,200,0.8,0.5,0.3,1.0,485.3296862792969,39.35403296133339,30947.252838165572,1.4539784619992133,0.006462609170703217
Standard_GA_Ablation,sphere,50,128,200,0.8,0.5,0.6,0.5,485.3296862792969,39.35403296133339,32050.953531278483,1.499636022024788,0.006240063959558029
Standard_GA_Ablation,sphere,50,128,200,0.8,0.5,0.6,0.7,485.3296862792969,39.35403296133339,31888.130112928244,1.4589408519968856,0.006271926240005996
Standard_GA_Ablation,sphere,50,128,200,0.8,0.5,0.6,0.8,485.3296862792969,39.35403296133339,31951.315508795546,1.4943764090130571,0.006259523178159725
Standard_GA_Ablation,sphere,50,128,200,0.8,0.5,0.6,0.9,485.3296862792969,39.35403296133339,32139.018903381413,1.5026169259799644,0.0062229653183021585
Standard_GA_Ablation,sphere,50,128,200,0.8,0.5,0.6,1.0,485.3296862792969,39.35403296133339,32069.47469509165,1.5009280189988203,0.006236460119835101
Standard_GA_Ablation,sphere,50,128,200,0.8,0.5,0.7,0.5,485.3296862792969,39.35403296133339,32073.855970846165,1.4968210160150193,0.00623560822190484
Standard_GA_Ablation,sphere,50,128,200,0.8,0.5,0.7,0.7,485.3296862792969,39.35403296133339,32050.523733366757,1.559741575998487,0.006240147638891358
Standard_GA_Ablation,sphere,50,128,200,0.8,0.5,0.7,0.8,485.3296862792969,39.35403296133339,32441.53621240987,1.5679962539870758,0.006164936169807333
Standard_GA_Ablation,sphere,50,128,200,0.8,0.5,0.7,0.9,485.3296862792969,39.35403296133339,32641.36772959507,1.5152479629905429,0.006127194229629822
Standard_GA_Ablation,sphere,50,128,200,0.8,0.5,0.7,1.0,485.3296862792969,39.35403296133339,32185.800136666592,1.5622270230087452,0.0062139203981496395
Standard_GA_Ablation,sphere,50,128,200,0.8,0.8,0.5,0.5,485.3296862792969,39.35403296133339,31623.739075836405,1.311875929008238,0.006324362831364851
Standard_GA_Ablation,sphere,50,128,200,0.8,0.8,0.5,0.7,485.3296862792969,39.35403296133339,31346.678452467073,1.3314525409950875,0.006380261318699922
Standard_GA_Ablation,sphere,50,128,200,0.8,0.8,0.5,0.8,485.3296862792969,39.35403296133339,31509.832731380044,1.3333600430050865,0.006347225061617791
Standard_GA_Ablation,sphere,50,128,200,0.8,0.8,0.5,0.9,485.3296862792969,39.35403296133339,32032.0212093242,1.3538476579997223,0.0062437521095853295
Standard_GA_Ablation,sphere,50,128,200,0.8,0.8,0.5,1.0,485.3296862792969,39.35403296133339,31491.166437817592,1.329567484994186,0.006350987360056024
Standard_GA_Ablation,sphere,50,128,200,0.8,0.8,0.2,0.5,485.3296862792969,39.35403296133339,30809.35273739645,1.4703073690179735,0.006491535271925386
Standard_GA_Ablation,sphere,50,128,200,0.8,0.8,0.2,0.7,485.3296862792969,39.35403296133339,30703.835230910718,1.4249598780006636,0.0065138442313764245
Standard_GA_Ablation,sphere,50,128,200,0.8,0.8,0.2,0.8,485.3296862792969,39.35403296133339,30961.151701672534,1.4451414679933805,0.006459708021429833
Standard_GA_Ablation,sphere,50,128,200,0.8,0.8,0.2,0.9,485.3296862792969,39.35403296133339,31557.89962252885,1.4490698890003841,0.006337557391088921
Standard_GA_Ablation,sphere,50,128,200,0.8,0.8,0.2,1.0,485.3296862792969,39.35403296133339,31776.841012636167,1.5039096460095607,0.006293891828972846
Standard_GA_Ablation,sphere,50,128,200,0.8,0.8,0.4,0.5,485.3296862792969,39.35403296133339,31420.03674300151,1.4481512230122462,0.0063653649305342695
Standard_GA_Ablation,sphere,50,128,200,0.8,0.8,0.4,0.7,485.3296862792969,39.35403296133339,31224.370633896622,1.4843574249825906,0.006405253202538006
Standard_GA_Ablation,sphere,50,128,200,0.8,0.8,0.4,0.8,485.3296862792969,39.35403296133339,31335.17797306608,1.4853152110008523,0.00638260297011584
Standard_GA_Ablation,sphere,50,128,200,0.8,0.8,0.4,0.9,485.3296862792969,39.35403296133339,31126.215070195947,1.474239717994351,0.006425451971881557
Standard_GA_Ablation,sphere,50,128,200,0.8,0.8,0.4,1.0,485.3296862792969,39.35403296133339,31492.740372990287,1.466169072984485,0.006350669952225872
Standard_GA_Ablation,sphere,50,128,200,0.8,0.8,0.3,0.5,485.3296862792969,39.35403296133339,31708.0213727351,1.479617903009057,0.006307552201033104
Standard_GA_Ablation,sphere,50,128,200,0.8,0.8,0.3,0.7,485.3296862792969,39.35403296133339,31540.062312079946,1.521557408006629,0.006341141562152188
Standard_GA_Ablation,sphere,50,128,200,0.8,0.8,0.3,0.8,485.3296862792969,39.35403296133339,31069.692330624865,1.4746859059960116,0.006437141310307197
Standard_GA_Ablation,sphere,50,128,200,0.8,0.8,0.3,0.9,485.3296862792969,39.35403296133339,30992.39028445289,1.4381766759906895,0.006453196999791544
Standard_GA_Ablation,sphere,50,128,200,0.8,0.8,0.3,1.0,485.3296862792969,39.35403296133339,31113.585887110163,1.4803946820029523,0.006428060099715367
Standard_GA_Ablation,sphere,50,128,200,0.8,0.8,0.6,0.5,485.3296862792969,39.35403296133339,32189.209572622305,1.5274729699885938,0.006213262228411623
Standard_GA_Ablation,sphere,50,128,200,0.8,0.8,0.6,0.7,485.3296862792969,39.35403296133339,32008.669528078375,1.5459046489850152,0.006248307191417553
Standard_GA_Ablation,sphere,50,128,200,0.8,0.8,0.6,0.8,485.3296862792969,39.35403296133339,32077.555210514798,1.5012954689736944,0.006234889120678417
Standard_GA_Ablation,sphere,50,128,200,0.8,0.8,0.6,0.9,485.3296862792969,39.35403296133339,32373.9598989202,1.5160765630134847,0.006177804649923928
Standard_GA_Ablation,sphere,50,128,200,0.8,0.8,0.6,1.0,485.3296862792969,39.35403296133339,32168.678549527714,1.4845325000060257,0.00621722772018984
Standard_GA_Ablation,sphere,50,128,200,0.8,0.8,0.7,0.5,485.3296862792969,39.35403296133339,31770.2394530233,1.589518530992791,0.006295199641026556
Standard_GA_Ablation,sphere,50,128,200,0.8,0.8,0.7,0.7,485.3296862792969,39.35403296133339,32733.45437686603,1.54994585501845,0.006109957039589062
Standard_GA_Ablation,sphere,50,128,200,0.8,0.8,0.7,0.8,485.3296862792969,39.35403296133339,32479.92140414742,1.5925248230050784,0.006157650368404575
Standard_GA_Ablation,sphere,50,128,200,0.8,0.8,0.7,0.9,485.3296862792969,39.35403296133339,32495.633701002997,1.6543568210036028,0.0061546730197733265
Standard_GA_Ablation,sphere,50,128,200,0.8,0.8,0.7,1.0,485.3296862792969,39.35403296133339,32522.81820630964,1.5971646349935327,0.006149528578098398
Standard_GA_Ablation,sphere,50,128,200,0.8,1.0,0.5,0.5,485.3296862792969,39.35403296133339,32048.7638616529,1.3704960749892052,0.00624049029982416
Standard_GA_Ablation,sphere,50,128,200,0.8,1.0,0.5,0.7,485.3296862792969,39.35403296133339,31921.68024270467,1.3339351259928662,0.006265334358322434
Standard_GA_Ablation,sphere,50,128,200,0.8,1.0,0.5,0.8,485.3296862792969,39.35403296133339,31577.779810833912,1.3455968689813744,0.006333567502151709
Standard_GA_Ablation,sphere,50,128,200,0.8,1.0,0.5,0.9,485.3296862792969,39.35403296133339,31422.333088115472,1.3250625249929726,0.006364899749460164
Standard_GA_Ablation,sphere,50,128,200,0.8,1.0,0.5,1.0,485.3296862792969,39.35403296133339,31334.994899349913,1.3610284910246264,0.006382640260271728
Standard_GA_Ablation,sphere,50,128,200,0.8,1.0,0.2,0.5,485.3296862792969,39.35403296133339,30463.644652331594,1.504336860991316,0.006565202630299609
Standard_GA_Ablation,sphere,50,128,200,0.8,1.0,0.2,0.7,485.3296862792969,39.35403296133339,30478.021106959113,1.4303739430033602,0.006562105830234941
Standard_GA_Ablation,sphere,50,128,200,0.8,1.0,0.2,0.8,485.3296862792969,39.35403296133339,30887.155848177525,1.4660438990104012,0.0064751834381604565
Standard_GA_Ablation,sphere,50,128,200,0.8,1.0,0.2,0.9,485.3296862792969,39.35403296133339,30720.408483062132,1.4841527179814875,0.00651033009897219
Standard_GA_Ablation,sphere,50,128,200,0.8,1.0,0.2,1.0,485.3296862792969,39.35403296133339,30878.632004766318,1.4947362490056548,0.0064769708699896
Standard_GA_Ablation,sphere,50,128,200,0.8,1.0,0.4,0.5,485.3296862792969,39.35403296133339,30820.91978308565,1.4586782529950142,0.006489099008322227
Standard_GA_Ablation,sphere,50,128,200,0.8,1.0,0.4,0.7,485.3296862792969,39.35403296133339,30671.14035255866,1.4538094599847682,0.0065207878709770736
Standard_GA_Ablation,sphere,50,128,200,0.8,1.0,0.4,0.8,485.3296862792969,39.35403296133339,31631.960460034843,1.4411044220032636,0.006322719081945252
Standard_GA_Ablation,sphere,50,128,200,0.8,1.0,0.4,0.9,485.3296862792969,39.35403296133339,31533.717876964834,1.4423777490155771,0.006342417369887698
Standard_GA_Ablation,sphere,50,128,200,0.8,1.0,0.4,1.0,485.3296862792969,39.35403296133339,31663.82717560074,1.4764126520021819,0.006316355849558022
Standard_GA_Ablation,sphere,50,128,200,0.8,1.0,0.3,0.5,485.3296862792969,39.35403296133339,31335.275570485763,1.535673840000527,0.006382583090744447
Standard_GA_Ablation,sphere,50,128,200,0.8,1.0,0.3,0.7,485.3296862792969,39.35403296133339,31150.243333537972,1.5188368360104505,0.006420495591592044
Standard_GA_Ablation,sphere,50,128,200,0.8,1.0,0.3,0.8,485.3296862792969,39.35403296133339,30792.066070182525,3.271087005006848,0.006495179620105773
Standard_GA_Ablation,sphere,50,128,200,0.8,1.0,0.3,0.9,485.3296862792969,39.35403296133339,30718.25345074407,1.4677024339907803,0.006510786829749122
Standard_GA_Ablation,sphere,50,128,200,0.8,1.0,0.3,1.0,485.3296862792969,39.35403296133339,31322.848975208017,1.4584817000140902,0.006385115228767973
Standard_GA_Ablation,sphere,50,128,200,0.8,1.0,0.6,0.5,485.3296862792969,39.35403296133339,32141.299994427256,1.522562547994312,0.0062225236700032835
Standard_GA_Ablation,sphere,50,128,200,0.8,1.0,0.6,0.7,485.3296862792969,39.35403296133339,32198.612425504212,1.5023924770066515,0.0062114477902650836
Standard_GA_Ablation,sphere,50,128,200,0.8,1.0,0.6,0.8,485.3296862792969,39.35403296133339,31703.60663873612,1.5474870140023995,0.006308430529024918
Standard_GA_Ablation,sphere,50,128,200,0.8,1.0,0.6,0.9,485.3296862792969,39.35403296133339,32210.734996384577,1.511595308984397,0.0062091101001715285
Standard_GA_Ablation,sphere,50,128,200,0.8,1.0,0.6,1.0,485.3296862792969,39.35403296133339,31993.910096462423,1.533563563018106,0.006251189660688396
Standard_GA_Ablation,sphere,50,128,200,0.8,1.0,0.7,0.5,485.3296862792969,39.35403296133339,32287.536413052123,1.5998302130028605,0.0061943406719365155
Standard_GA_Ablation,sphere,50,128,200,0.8,1.0,0.7,0.7,485.3296862792969,39.35403296133339,31773.615892531252,1.6140514199796598,0.006294530678424053
Standard_GA_Ablation,sphere,50,128,200,0.8,1.0,0.7,0.8,485.3296862792969,39.35403296133339,31334.091698601667,1.6270236899727024,0.006382824238971807
Standard_GA_Ablation,sphere,50,128,200,0.8,1.0,0.7,0.9,485.3296862792969,39.35403296133339,31950.779606195396,1.6669011230114847,0.006259628167608753
Standard_GA_Ablation,sphere,50,128,200,0.8,1.0,0.7,1.0,485.3296862792969,39.35403296133339,31673.214675934945,1.5957073949975893,0.0063144837695290335
Standard_GA_Ablation,sphere,50,128,200,0.9,0.5,0.5,0.5,485.3296862792969,39.35403296133339,31292.89189295347,1.3825824439991266,0.006391227780550252
Standard_GA_Ablation,sphere,50,128,200,0.9,0.5,0.5,0.7,485.3296862792969,39.35403296133339,30871.889731114257,1.3838552669913042,0.006478385409573093
Standard_GA_Ablation,sphere,50,128,200,0.9,0.5,0.5,0.8,485.3296862792969,39.35403296133339,31107.470817023674,1.3718343850050587,0.006429323720221873
Standard_GA_Ablation,sphere,50,128,200,0.9,0.5,0.5,0.9,485.3296862792969,39.35403296133339,30949.500802143575,1.3480737220088486,0.006462139770155773
Standard_GA_Ablation,sphere,50,128,200,0.9,0.5,0.5,1.0,485.3296862792969,39.35403296133339,30995.577248991623,1.3799880000005942,0.00645253348222468
Standard_GA_Ablation,sphere,50,128,200,0.9,0.5,0.2,0.5,485.3296862792969,39.35403296133339,30427.353199493147,1.5233441260061227,0.006573033109016251
Standard_GA_Ablation,sphere,50,128,200,0.9,0.5,0.2,0.7,485.3296862792969,39.35403296133339,30483.40765018772,1.4664372139959596,0.006560946279205382
Standard_GA_Ablation,sphere,50,128,200,0.9,0.5,0.2,0.8,485.3296862792969,39.35403296133339,30256.696995890292,1.4753075799962971,0.006610106847656425
Standard_GA_Ablation,sphere,50,128,200,0.9,0.5,0.2,0.9,485.3296862792969,39.35403296133339,30645.740977242785,1.4502387899847236,0.006526192339370027
Standard_GA_Ablation,sphere,50,128,200,0.9,0.5,0.2,1.0,485.3296862792969,39.35403296133339,31180.084161362298,1.4810262660030276,0.006414350871054921
Standard_GA_Ablation,sphere,50,128,200,0.9,0.5,0.4,0.5,485.3296862792969,39.35403296133339,30799.487330114123,1.5176555929938331,0.0064936145805404525
Standard_GA_Ablation,sphere,50,128,200,0.9,0.5,0.4,0.7,485.3296862792969,39.35403296133339,31219.221939865685,1.450327180995373,0.006406309560989029
Standard_GA_Ablation,sphere,50,128,200,0.9,0.5,0.4,0.8,485.3296862792969,39.35403296133339,31180.514953749054,1.4872711429779883,0.00641426224989118
Standard_GA_Ablation,sphere,50,128,200,0.9,0.5,0.4,0.9,485.3296862792969,39.35403296133339,31159.058015989962,1.463622061011847,0.006418679277703632
Standard_GA_Ablation,sphere,50,128,200,0.9,0.5,0.4,1.0,485.3296862792969,39.35403296133339,31235.37891426653,1.4768969200085849,0.0064029958000173795
Standard_GA_Ablation,sphere,50,128,200,0.9,0.5,0.3,0.5,485.3296862792969,39.35403296133339,31178.397056714184,1.4779906710027717,0.006414697960135527
Standard_GA_Ablation,sphere,50,128,200,0.9,0.5,0.3,0.7,485.3296862792969,39.35403296133339,31494.847344755744,1.4557287490169983,0.006350245099165477
Standard_GA_Ablation,sphere,50,128,200,0.9,0.5,0.3,0.8,485.3296862792969,39.35403296133339,30757.68969106942,1.479575803008629,0.006502438967581839
Standard_GA_Ablation,sphere,50,128,200,0.9,0.5,0.3,0.9,485.3296862792969,39.35403296133339,30555.250476189776,1.475263117987197,0.0065455198986455795
Standard_GA_Ablation,sphere,50,128,200,0.9,0.5,0.3,1.0,485.3296862792969,39.35403296133339,31121.572744483714,1.4873777060129214,0.0064264104401809165
Standard_GA_Ablation,sphere,50,128,200,0.9,0.5,0.6,0.5,485.3296862792969,39.35403296133339,31933.62134876696,1.5363945999997668,0.006262991529074498
Standard_GA_Ablation,sphere,50,128,200,0.9,0.5,0.6,0.7,485.3296862792969,39.35403296133339,31967.310635697795,1.4989377960155252,0.006256391170318239
Standard_GA_Ablation,sphere,50,128,200,0.9,0.5,0.6,0.8,485.3296862792969,39.35403296133339,31824.480390041463,1.4906690960051492,0.0062844702426809815
Standard_GA_Ablation,sphere,50,128,200,0.9,0.5,0.6,0.9,485.3296862792969,39.35403296133339,32058.38952025043,1.5241651690157596,0.006238616567861755
Standard_GA_Ablation,sphere,50,128,200,0.9,0.5,0.6,1.0,485.3296862792969,39.35403296133339,31947.86762755037,1.4760734169976786,0.006260198719101027
Standard_GA_Ablation,sphere,50,128,200,0.9,0.5,0.7,0.5,485.3296862792969,39.35403296133339,31527.310423132247,1.6091891350224614,0.006343706371262669
Standard_GA_Ablation,sphere,50,128,200,0.9,0.5,0.7,0.7,485.3296862792969,39.35403296133339,31465.56824606075,1.5986718920175917,0.006356154080422129
Standard_GA_Ablation,sphere,50,128,200,0.9,0.5,0.7,0.8,485.3296862792969,39.35403296133339,31844.611136464573,1.5652284779935144,0.00628049748018384
Standard_GA_Ablation,sphere,50,128,200,0.9,0.5,0.7,0.9,485.3296862792969,39.35403296133339,31977.818294962377,1.5555067499808501,0.006254335369449109
Standard_GA_Ablation,sphere,50,128,200,0.9,0.5,0.7,1.0,485.3296862792969,39.35403296133339,31855.139547833813,1.5831458260072395,0.006278421719034668
Standard_GA_Ablation,sphere,50,128,200,0.9,0.8,0.5,0.5,485.3296862792969,39.35403296133339,31709.406874926706,1.362098885991145,0.006307276600564364
Standard_GA_Ablation,sphere,50,128,200,0.9,0.8,0.5,0.7,485.3296862792969,39.35403296133339,31933.348401013256,1.3806629640166648,0.006263045061496086
Standard_GA_Ablation,sphere,50,128,200,0.9,0.8,0.5,0.8,485.3296862792969,39.35403296133339,32013.591641904924,1.339938045013696,0.006247346509480849
Standard_GA_Ablation,sphere,50,128,200,0.9,0.8,0.5,0.9,485.3296862792969,39.35403296133339,32000.69157336639,1.3253156839928124,0.006249864929995966
Standard_GA_Ablation,sphere,50,128,200,0.9,0.8,0.5,1.0,485.3296862792969,39.35403296133339,31771.33655138417,1.385398956015706,0.006294982261024416
Standard_GA_Ablation,sphere,50,128,200,0.9,0.8,0.2,0.5,485.3296862792969,39.35403296133339,31412.47775660062,1.4811322780151386,0.006366896669205744
Standard_GA_Ablation,sphere,50,128,200,0.9,0.8,0.2,0.7,485.3296862792969,39.35403296133339,31121.96579552636,1.4811556189961266,0.00642632927861996
Standard_GA_Ablation,sphere,50,128,200,0.9,0.8,0.2,0.8,485.3296862792969,39.35403296133339,31659.832510835673,1.4678316409990657,0.006317152812844142
Standard_GA_Ablation,sphere,50,128,200,0.9,0.8,0.2,0.9,485.3296862792969,39.35403296133339,31986.005681573257,1.478805976017611,0.006252734461158979
Standard_GA_Ablation,sphere,50,128,200,0.9,0.8,0.2,1.0,485.3296862792969,39.35403296133339,31540.22990178722,1.462602261977736,0.00634110786835663
Standard_GA_Ablation,sphere,50,128,200,0.9,0.8,0.4,0.5,485.3296862792969,39.35403296133339,30796.94974250606,1.5091045380104333,0.0064941496372921395
Standard_GA_Ablation,sphere,50,128,200,0.9,0.8,0.4,0.7,485.3296862792969,39.35403296133339,31160.66209307022,1.460945121012628,0.006418348859297112
Standard_GA_Ablation,sphere,50,128,200,0.9,0.8,0.4,0.8,485.3296862792969,39.35403296133339,31227.55795498652,1.467895639972994,0.006404599433881231
Standard_GA_Ablation,sphere,50,128,200,0.9,0.8,0.4,0.9,485.3296862792969,39.35403296133339,30729.103479065914,1.4543269840069115,0.006508487959508784
Standard_GA_Ablation,sphere,50,128,200,0.9,0.8,0.4,1.0,485.3296862792969,39.35403296133339,31242.401305389987,1.448854658025084,0.006401556591154076
Standard_GA_Ablation,sphere,50,128,200,0.9,0.8,0.3,0.5,485.3296862792969,39.35403296133339,30997.639927321175,1.4535176909994334,0.006452104110794607
Standard_GA_Ablation,sphere,50,128,200,0.9,0.8,0.3,0.7,485.3296862792969,39.35403296133339,30636.30447007698,1.4174818389874417,0.006528202518529725
Standard_GA_Ablation,sphere,50,128,200,0.9,0.8,0.3,0.8,485.3296862792969,39.35403296133339,30834.89861933009,1.4681258140190039,0.006486157210019883
Standard_GA_Ablation,sphere,50,128,200,0.9,0.8,0.3,0.9,485.3296862792969,39.35403296133339,30733.80528657074,1.4952053879969753,0.006507492259261199
Standard_GA_Ablation,sphere,50,128,200,0.9,0.8,0.3,1.0,485.3296862792969,39.35403296133339,30675.202450396395,1.4513104280049447,0.006519924369640649
Standard_GA_Ablation,sphere,50,128,200,0.9,0.8,0.6,0.5,485.3296862792969,39.35403296133339,32075.595297556218,1.521857635001652,0.006235270090692211
Standard_GA_Ablation,sphere,50,128,200,0.9,0.8,0.6,0.7,485.3296862792969,39.35403296133339,31889.703311743662,1.490744494018145,0.0062716168301994914
Standard_GA_Ablation,sphere,50,128,200,0.9,0.8,0.6,0.8,485.3296862792969,39.35403296133339,31891.20583574424,1.4868297389766667,0.006271321348904167
Standard_GA_Ablation,sphere,50,128,200,0.9,0.8,0.6,0.9,485.3296862792969,39.35403296133339,32043.689035521827,1.4894597270176746,0.006241478619340341
Standard_GA_Ablation,sphere,50,128,200,0.9,0.8,0.6,1.0,485.3296862792969,39.35403296133339,31584.52119020536,1.4868884579918813,0.006332215669681318
Standard_GA_Ablation,sphere,50,128,200,0.9,0.8,0.7,0.5,485.3296862792969,39.35403296133339,31768.48586461826,1.5962446509802248,0.006295547129702754
Standard_GA_Ablation,sphere,50,128,200,0.9,0.8,0.7,0.7,485.3296862792969,39.35403296133339,32043.202656400532,1.6028262109903153,0.006241573357838206
Standard_GA_Ablation,sphere,50,128,200,0.9,0.8,0.7,0.8,485.3296862792969,39.35403296133339,32401.44010368345,1.5625333600037266,0.006172565150191076
Standard_GA_Ablation,sphere,50,128,200,0.9,0.8,0.7,0.9,485.3296862792969,39.35403296133339,31979.392782524475,1.5927529119944666,0.006254027440736536
Standard_GA_Ablation,sphere,50,128,200,0.9,0.8,0.7,1.0,485.3296862792969,39.35403296133339,32511.883641215587,1.62569251601235,0.006151596819399856
Standard_GA_Ablation,sphere,50,128,200,0.9,1.0,0.5,0.5,485.3296862792969,39.35403296133339,31807.771534224587,1.3832237599999644,0.006287771521019749
Standard_GA_Ablation,sphere,50,128,200,0.9,1.0,0.5,0.7,485.3296862792969,39.35403296133339,31585.649496771373,1.396184744022321,0.006331989469472319
Standard_GA_Ablation,sphere,50,128,200,0.9,1.0,0.5,0.8,485.3296862792969,39.35403296133339,31225.946692536185,1.3339831710036378,0.006404929911950603
Standard_GA_Ablation,sphere,50,128,200,0.9,1.0,0.5,0.9,485.3296862792969,39.35403296133339,31010.233633809672,1.3316440820053685,0.006449483817559667
Standard_GA_Ablation,sphere,50,128,200,0.9,1.0,0.5,1.0,485.3296862792969,39.35403296133339,31343.05763798871,1.345286299008876,0.006380998379609082
Standard_GA_Ablation,sphere,50,128,200,0.9,1.0,0.2,0.5,485.3296862792969,39.35403296133339,31483.69208176142,1.4833208660129458,0.0063524951101862825
Standard_GA_Ablation,sphere,50,128,200,0.9,1.0,0.2,0.7,485.3296862792969,39.35403296133339,31571.59039008942,1.4721333470079117,0.006334809160034638
Standard_GA_Ablation,sphere,50,128,200,0.9,1.0,0.2,0.8,485.3296862792969,39.35403296133339,31488.29079029079,1.4936915799917188,0.006351567359815818
Standard_GA_Ablation,sphere,50,128,200,0.9,1.0,0.2,0.9,485.3296862792969,39.35403296133339,30578.97800719167,1.497751041984884,0.006540440951066557
Standard_GA_Ablation,sphere,50,128,200,0.9,1.0,0.2,1.0,485.3296862792969,39.35403296133339,30501.006416531953,1.4882160979905166,0.006557160680822563
Standard_GA_Ablation,sphere,50,128,200,0.9,1.0,0.4,0.5,485.3296862792969,39.35403296133339,31245.52491308789,1.4862969480163883,0.006400916629063431
Standard_GA_Ablation,sphere,50,128,200,0.9,1.0,0.4,0.7,485.3296862792969,39.35403296133339,30957.82407198448,1.449821004003752,0.006460402369848453
Standard_GA_Ablation,sphere,50,128,200,0.9,1.0,0.4,0.8,485.3296862792969,39.35403296133339,30666.529500673714,1.4873540150001645,0.006521768301026896
Standard_GA_Ablation,sphere,50,128,200,0.9,1.0,0.4,0.9,485.3296862792969,39.35403296133339,30415.89331679163,1.421931435004808,0.006575509649410378
Standard_GA_Ablation,sphere,50,128,200,0.9,1.0,0.4,1.0,485.3296862792969,39.35403296133339,30878.882628648833,1.482625526987249,0.006476918300613761
Standard_GA_Ablation,sphere,50,128,200,0.9,1.0,0.3,0.5,485.3296862792969,39.35403296133339,30287.739306869626,1.4347620559856296,0.006603332060331013
Standard_GA_Ablation,sphere,50,128,200,0.9,1.0,0.3,0.7,485.3296862792969,39.35403296133339,30662.179151722943,1.4467875709815416,0.006522693609294947
Standard_GA_Ablation,sphere,50,128,200,0.9,1.0,0.3,0.8,485.3296862792969,39.35403296133339,30982.8006052857,1.45626043700031,0.006455194368900265
Standard_GA_Ablation,sphere,50,128,200,0.9,1.0,0.3,0.9,485.3296862792969,39.35403296133339,30680.71346634797,1.4446971969737206,0.00651875322975684
Standard_GA_Ablation,sphere,50,128,200,0.9,1.0,0.3,1.0,485.3296862792969,39.35403296133339,31187.649215498463,1.4913270139950328,0.0064127949695102875
Standard_GA_Ablation,sphere,50,128,200,0.9,1.0,0.6,0.5,485.3296862792969,39.35403296133339,31735.14628694801,1.479009158007102,0.0063021609603310935
Standard_GA_Ablation,sphere,50,128,200,0.9,1.0,0.6,0.7,485.3296862792969,39.35403296133339,32012.3414933567,1.49160183899221,0.00624759048136184
Standard_GA_Ablation,sphere,50,128,200,0.9,1.0,0.6,0.8,485.3296862792969,39.35403296133339,32153.993143913074,1.507534538017353,0.006220067258982454
Standard_GA_Ablation,sphere,50,128,200,0.9,1.0,0.6,0.9,485.3296862792969,39.35403296133339,31948.625126137853,1.531861507013673,0.006260050290438812
Standard_GA_Ablation,sphere,50,128,200,0.9,1.0,0.6,1.0,485.3296862792969,39.35403296133339,31889.98769781176,1.5369549030147027,0.006271560901659541
Standard_GA_Ablation,sphere,50,128,200,0.9,1.0,0.7,0.5,485.3296862792969,39.35403296133339,32036.43423625655,1.619961348013021,0.006242892031150404
Standard_GA_Ablation,sphere,50,128,200,0.9,1.0,0.7,0.7,485.3296862792969,39.35403296133339,32167.464021841133,1.5939185199968051,0.006217462460335809
Standard_GA_Ablation,sphere,50,128,200,0.9,1.0,0.7,0.8,485.3296862792969,39.35403296133339,32396.983146555744,1.6195563660003245,0.006173414329823572
Standard_GA_Ablation,sphere,50,128,200,0.9,1.0,0.7,0.9,485.3296862792969,39.35403296133339,32743.372262672136,1.6263861850020476,0.006108106348838191
Standard_GA_Ablation,sphere,50,128,200,0.9,1.0,0.7,1.0,485.3296862792969,39.35403296133339,32790.09437027187,1.6327530790003948,0.006099403000844177
Standard_GA_Ablation,sphere,50,128,200,1.0,0.5,0.5,0.5,485.3296862792969,39.35403296133339,31737.95414125383,1.3398291550111026,0.0063016034086467694
Standard_GA_Ablation,sphere,50,128,200,1.0,0.5,0.5,0.7,485.3296862792969,39.35403296133339,31408.454278213725,1.3549213920196053,0.006367712279898114
Standard_GA_Ablation,sphere,50,128,200,1.0,0.5,0.5,0.8,485.3296862792969,39.35403296133339,31632.18649535869,1.3461061660200357,0.006322673901449889
Standard_GA_Ablation,sphere,50,128,200,1.0,0.5,0.5,0.9,485.3296862792969,39.35403296133339,31807.189394225134,1.3413419449934736,0.006287886600766797
Standard_GA_Ablation,sphere,50,128,200,1.0,0.5,0.5,1.0,485.3296862792969,39.35403296133339,31589.63008299426,1.3149216960009653,0.006331191580102313
Standard_GA_Ablation,sphere,50,128,200,1.0,0.5,0.2,0.5,485.3296862792969,39.35403296133339,30983.47396310532,1.451379327016184,0.0064550540794152764
Standard_GA_Ablation,sphere,50,128,200,1.0,0.5,0.2,0.7,485.3296862792969,39.35403296133339,31371.282753598705,1.4866018160246313,0.0063752573195961304
Standard_GA_Ablation,sphere,50,128,200,1.0,0.5,0.2,0.8,485.3296862792969,39.35403296133339,31444.759315889918,1.4690869140031282,0.006360360338294413
Standard_GA_Ablation,sphere,50,128,200,1.0,0.5,0.2,0.9,485.3296862792969,39.35403296133339,30326.818191009916,1.4290666120068636,0.006594823061896023
Standard_GA_Ablation,sphere,50,128,200,1.0,0.5,0.2,1.0,485.3296862792969,39.35403296133339,31023.088348990008,1.4654999699851032,0.006446811411879025
Standard_GA_Ablation,sphere,50,128,200,1.0,0.5,0.4,0.5,485.3296862792969,39.35403296133339,30518.489685517336,1.4779341079993173,0.00655340424971655
Standard_GA_Ablation,sphere,50,128,200,1.0,0.5,0.4,0.7,485.3296862792969,39.35403296133339,30195.73305699017,1.4668527960020583,0.006623452380590606
Standard_GA_Ablation,sphere,50,128,200,1.0,0.5,0.4,0.8,485.3296862792969,39.35403296133339,30633.663668254892,1.5000560439948458,0.006528765287948772
Standard_GA_Ablation,sphere,50,128,200,1.0,0.5,0.4,0.9,485.3296862792969,39.35403296133339,30716.21666518385,1.441120190982474,0.006511218558589462
Standard_GA_Ablation,sphere,50,128,200,1.0,0.5,0.4,1.0,485.3296862792969,39.35403296133339,30631.510216378196,1.466019696003059,0.006529224272235297
Standard_GA_Ablation,sphere,50,128,200,1.0,0.5,0.3,0.5,485.3296862792969,39.35403296133339,30665.702834800064,1.4949114139890298,0.0065219441105728035
Standard_GA_Ablation,sphere,50,128,200,1.0,0.5,0.3,0.7,485.3296862792969,39.35403296133339,31049.01135246607,1.4465912579908036,0.006441428930847906
Standard_GA_Ablation,sphere,50,128,200,1.0,0.5,0.3,0.8,485.3296862792969,39.35403296133339,30893.4859927123,1.4785393410129473,0.0064738566585583615
Standard_GA_Ablation,sphere,50,128,200,1.0,0.5,0.3,0.9,485.3296862792969,39.35403296133339,30988.90794181204,1.4904500159900635,0.00645392217033077
Standard_GA_Ablation,sphere,50,128,200,1.0,0.5,0.3,1.0,485.3296862792969,39.35403296133339,31427.851238431707,1.4546114649856463,0.006363782190601341
Standard_GA_Ablation,sphere,50,128,200,1.0,0.5,0.6,0.5,485.3296862792969,39.35403296133339,32790.404250032305,1.5384536680066958,0.006099345359543804
Standard_GA_Ablation,sphere,50,128,200,1.0,0.5,0.6,0.7,485.3296862792969,39.35403296133339,31960.85879122259,1.4781087950104848,0.006257654129585717
Standard_GA_Ablation,sphere,50,128,200,1.0,0.5,0.6,0.8,485.3296862792969,39.35403296133339,32034.97055009073,1.46862756300834,0.006243177270516753
Standard_GA_Ablation,sphere,50,128,200,1.0,0.5,0.6,0.9,485.3296862792969,39.35403296133339,32269.717941710223,1.5357773360155988,0.006197761020448524
Standard_GA_Ablation,sphere,50,128,200,1.0,0.5,0.6,1.0,485.3296862792969,39.35403296133339,32620.318195970518,1.4776836629898753,0.006131148040876724
Standard_GA_Ablation,sphere,50,128,200,1.0,0.5,0.7,0.5,485.3296862792969,39.35403296133339,32437.538124195053,1.567871221981477,0.006165696028911043
Standard_GA_Ablation,sphere,50,128,200,1.0,0.5,0.7,0.7,485.3296862792969,39.35403296133339,32441.62808861962,1.6228034799860325,0.006164918710419442
Standard_GA_Ablation,sphere,50,128,200,1.0,0.5,0.7,0.8,485.3296862792969,39.35403296133339,32094.685588108714,1.6009145410207566,0.006231561279855668
Standard_GA_Ablation,sphere,50,128,200,1.0,0.5,0.7,0.9,485.3296862792969,39.35403296133339,32451.79539535338,1.5523727179970592,0.006162987211137078
Standard_GA_Ablation,sphere,50,128,200,1.0,0.5,0.7,1.0,485.3296862792969,39.35403296133339,32493.12608322151,1.575428613985423,0.006155147999234032
Standard_GA_Ablation,sphere,50,128,200,1.0,0.8,0.5,0.5,485.3296862792969,39.35403296133339,31650.065729910366,1.3405298049910925,0.006319102200504858
Standard_GA_Ablation,sphere,50,128,200,1.0,0.8,0.5,0.7,485.3296862792969,39.35403296133339,31741.782982210574,1.3058093609870411,0.00630084328004159
Standard_GA_Ablation,sphere,50,128,200,1.0,0.8,0.5,0.8,485.3296862792969,39.35403296133339,31137.464592536435,1.3236436950101051,0.006423130547627807
Standard_GA_Ablation,sphere,50,128,200,1.0,0.8,0.5,0.9,485.3296862792969,39.35403296133339,31292.134857285753,1.303373658010969,0.00639138240047032
Standard_GA_Ablation,sphere,50,128,200,1.0,0.8,0.5,1.0,485.3296862792969,39.35403296133339,31692.590489245293,1.3137605320080183,0.0063106233006692495
Standard_GA_Ablation,sphere,50,128,200,1.0,0.8,0.2,0.5,485.3296862792969,39.35403296133339,30647.819240512647,1.4784104120044503,0.006525749790889677
Standard_GA_Ablation,sphere,50,128,200,1.0,0.8,0.2,0.7,485.3296862792969,39.35403296133339,30712.24730308371,1.441852727002697,0.006512060092063621
Standard_GA_Ablation,sphere,50,128,200,1.0,0.8,0.2,0.8,485.3296862792969,39.35403296133339,30798.635315451436,1.4916074790235143,0.006493794220150448
Standard_GA_Ablation,sphere,50,128,200,1.0,0.8,0.2,0.9,485.3296862792969,39.35403296133339,30370.816395748574,1.4786006880167406,0.006585269141069148
Standard_GA_Ablation,sphere,50,128,200,1.0,0.8,0.2,1.0,485.3296862792969,39.35403296133339,31046.924961881752,1.4974570730119012,0.006441861802595667
Standard_GA_Ablation,sphere,50,128,200,1.0,0.8,0.4,0.5,485.3296862792969,39.35403296133339,30843.84749359227,1.464565860980656,0.006484275349939708
Standard_GA_Ablation,sphere,50,128,200,1.0,0.8,0.4,0.7,485.3296862792969,39.35403296133339,30773.864557330566,1.5208829899784178,0.006499021259660367
Standard_GA_Ablation,sphere,50,128,200,1.0,0.8,0.4,0.8,485.3296862792969,39.35403296133339,30790.27089347347,1.4376707530173007,0.006495558310998604
Standard_GA_Ablation,sphere,50,128,200,1.0,0.8,0.4,0.9,485.3296862792969,39.35403296133339,30907.20046137332,1.4931680999870878,0.006470984010666143
Standard_GA_Ablation,sphere,50,128,200,1.0,0.8,0.4,1.0,485.3296862792969,39.35403296133339,31540.48913944893,1.4610588409996126,0.006341055749508087
Standard_GA_Ablation,sphere,50,128,200,1.0,0.8,0.3,0.5,485.3296862792969,39.35403296133339,30795.741032903075,1.476697720005177,0.006494404527766165
Standard_GA_Ablation,sphere,50,128,200,1.0,0.8,0.3,0.7,485.3296862792969,39.35403296133339,30870.130223943328,1.453232937026769,0.006478754658601247
Standard_GA_Ablation,sphere,50,128,200,1.0,0.8,0.3,0.8,485.3296862792969,39.35403296133339,30633.51243070723,1.4763246680086013,0.006528797520441003
Standard_GA_Ablation,sphere,50,128,200,1.0,0.8,0.3,0.9,485.3296862792969,39.35403296133339,30678.831807068786,1.5109783330117352,0.006519153051776812
Standard_GA_Ablation,sphere,50,128,200,1.0,0.8,0.3,1.0,485.3296862792969,39.35403296133339,31007.032967247844,1.5096473900193814,0.006450149558368139
Standard_GA_Ablation,sphere,50,128,200,1.0,0.8,0.6,0.5,485.3296862792969,39.35403296133339,31966.778340746718,1.5277748220250942,0.006256495348643512
Standard_GA_Ablation,sphere,50,128,200,1.0,0.8,0.6,0.7,485.3296862792969,39.35403296133339,32715.57806100624,1.5292488150007557,0.00611329561797902
Standard_GA_Ablation,sphere,50,128,200,1.0,0.8,0.6,0.8,485.3296862792969,39.35403296133339,32291.671856216795,1.4924526880204212,0.006193547391740139
Standard_GA_Ablation,sphere,50,128,200,1.0,0.8,0.6,0.9,485.3296862792969,39.35403296133339,32656.7245304472,1.51482068101177,0.006124312921019737
Standard_GA_Ablation,sphere,50,128,200,1.0,0.8,0.6,1.0,485.3296862792969,39.35403296133339,32347.471935060104,1.4842886390106287,0.006182863390422426
Standard_GA_Ablation,sphere,50,128,200,1.0,0.8,0.7,0.5,485.3296862792969,39.35403296133339,31980.305667466222,1.5822383789927699,0.006253848918131553
Standard_GA_Ablation,sphere,50,128,200,1.0,0.8,0.7,0.7,485.3296862792969,39.35403296133339,31709.603604470416,1.5774533239891753,0.0063072374695912
Standard_GA_Ablation,sphere,50,128,200,1.0,0.8,0.7,0.8,485.3296862792969,39.35403296133339,32117.614853372954,1.5836047070042696,0.006227112471242436
Standard_GA_Ablation,sphere,50,128,200,1.0,0.8,0.7,0.9,485.3296862792969,39.35403296133339,32041.711598569742,1.5666637640097179,0.006241863808827475
Standard_GA_Ablation,sphere,50,128,200,1.0,0.8,0.7,1.0,485.3296862792969,39.35403296133339,32120.265310997464,1.5888638149772305,0.006226598630601075
Standard_GA_Ablation,sphere,50,128,200,1.0,1.0,0.5,0.5,485.3296862792969,39.35403296133339,31496.191557895243,1.3236677359964233,0.006349974079639651
Standard_GA_Ablation,sphere,50,128,200,1.0,1.0,0.5,0.7,485.3296862792969,39.35403296133339,31330.463683677386,1.3212718539871275,0.0063835633592680095
Standard_GA_Ablation,sphere,50,128,200,1.0,1.0,0.5,0.8,485.3296862792969,39.35403296133339,31717.178171687694,1.3417602329864167,0.006305731200845912
Standard_GA_Ablation,sphere,50,128,200,1.0,1.0,0.5,0.9,485.3296862792969,39.35403296133339,31624.949710033463,1.3597305500006769,0.006324120728531852
Standard_GA_Ablation,sphere,50,128,200,1.0,1.0,0.5,1.0,485.3296862792969,39.35403296133339,31405.844833224655,1.316607198008569,0.00636824135959614
Standard_GA_Ablation,sphere,50,128,200,1.0,1.0,0.2,0.5,485.3296862792969,39.35403296133339,31362.349540770887,1.4606687230116222,0.006377073240000755
Standard_GA_Ablation,sphere,50,128,200,1.0,1.0,0.2,0.7,485.3296862792969,39.35403296133339,30927.07126371081,1.4919977110112086,0.006466826370160561
Standard_GA_Ablation,sphere,50,128,200,1.0,1.0,0.2,0.8,485.3296862792969,39.35403296133339,30508.98848218618,1.4786633960029576,0.006555445131089073
Standard_GA_Ablation,sphere,50,128,200,1.0,1.0,0.2,0.9,485.3296862792969,39.35403296133339,31385.05454078443,1.4482647370023187,0.006372459851554595
Standard_GA_Ablation,sphere,50,128,200,1.0,1.0,0.2,1.0,485.3296862792969,39.35403296133339,31455.595930001757,1.4869334810064174,0.00635816916153999
Standard_GA_Ablation,sphere,50,128,200,1.0,1.0,0.4,0.5,485.3296862792969,39.35403296133339,30898.502205161534,1.4774946219986305,0.006472805661323946
Standard_GA_Ablation,sphere,50,128,200,1.0,1.0,0.4,0.7,485.3296862792969,39.35403296133339,30937.999558347867,1.5150347109884024,0.0064645420794840905
Standard_GA_Ablation,sphere,50,128,200,1.0,1.0,0.4,0.8,485.3296862792969,39.35403296133339,30618.84499174335,1.4909283949818928,0.006531925030285493
Standard_GA_Ablation,sphere,50,128,200,1.0,1.0,0.4,0.9,485.3296862792969,39.35403296133339,30741.3947792831,1.5080372840166092,0.00650588567747036
Standard_GA_Ablation,sphere,50,128,200,1.0,1.0,0.4,1.0,485.3296862792969,39.35403296133339,31257.653827545877,1.4945536859740969,0.006398432879941538
Standard_GA_Ablation,sphere,50,128,200,1.0,1.0,0.3,0.5,485.3296862792969,39.35403296133339,30923.12942531939,1.4932656770106405,0.0064676507105468775
Standard_GA_Ablation,sphere,50,128,200,1.0,1.0,0.3,0.7,485.3296862792969,39.35403296133339,31058.57074198597,1.4922288109955844,0.006439446349977515
Standard_GA_Ablation,sphere,50,128,200,1.0,1.0,0.3,0.8,485.3296862792969,39.35403296133339,30743.124276029168,1.4998775089916307,0.006505519679922145
Standard_GA_Ablation,sphere,50,128,200,1.0,1.0,0.3,0.9,485.3296862792969,39.35403296133339,31060.546678587994,1.4768540709919762,0.0064390367004671135
Standard_GA_Ablation,sphere,50,128,200,1.0,1.0,0.3,1.0,485.3296862792969,39.35403296133339,31288.16251738586,1.480692964978516,0.006392193849314935
Standard_GA_Ablation,sphere,50,128,200,1.0,1.0,0.6,0.5,485.3296862792969,39.35403296133339,31873.420247752543,1.5084467139968183,0.006274820789403748
Standard_GA_Ablation,sphere,50,128,200,1.0,1.0,0.6,0.7,485.3296862792969,39.35403296133339,31511.750318890117,1.4970685500011314,0.0063468388133333066
Standard_GA_Ablation,sphere,50,128,200,1.0,1.0,0.6,0.8,485.3296862792969,39.35403296133339,31316.532997514056,1.515875342010986,0.006386402990901843
Standard_GA_Ablation,sphere,50,128,200,1.0,1.0,0.6,0.9,485.3296862792969,39.35403296133339,31561.216683047576,1.5139501759840641,0.006336891318496783
Standard_GA_Ablation,sphere,50,128,200,1.0,1.0,0.6,1.0,485.3296862792969,39.35403296133339,31884.250585609574,1.470759845979046,0.006272689378820359
Standard_GA_Ablation,sphere,50,128,200,1.0,1.0,0.7,0.5,485.3296862792969,39.35403296133339,31568.189347277574,1.606931763002649,0.006335491649515461
Standard_GA_Ablation,sphere,50,128,200,1.0,1.0,0.7,0.7,485.3296862792969,39.35403296133339,31792.150607103256,1.5560927760088816,0.006290860988665372
Standard_GA_Ablation,sphere,50,128,200,1.0,1.0,0.7,0.8,485.3296862792969,39.35403296133339,31976.773910715157,1.6032363040139899,0.006254539640503935
Standard_GA_Ablation,sphere,50,128,200,1.0,1.0,0.7,0.9,485.3296862792969,39.35403296133339,31243.890113071062,1.6058372650004458,0.0064012515495414845
Standard_GA_Ablation,sphere,50,128,200,1.0,1.0,0.7,1.0,485.3296862792969,39.35403296133339,31527.138233722435,1.605119571002433,0.006343741018208675
Standard_GA_Ablation,rosenbrock,50,128,200,0.8,0.5,0.5,0.5,1141292.204375,185125.43610923222,30447.631750032182,1.351051646983251,0.006568655376613605
Standard_GA_Ablation,rosenbrock,50,128,200,0.8,0.5,0.5,0.7,1141292.204375,185125.43610923222,30947.896443743277,1.3764257690054365,0.006462474771542475
Standard_GA_Ablation,rosenbrock,50,128,200,0.8,0.5,0.5,0.8,1141292.204375,185125.43610923222,31135.43507427453,1.376015581015963,0.006423549230094068
Standard_GA_Ablation,rosenbrock,50,128,200,0.8,0.5,0.5,0.9,1141292.204375,185125.43610923222,31223.498421598244,1.3766739899874665,0.006405432129977271
Standard_GA_Ablation,rosenbrock,50,128,200,0.8,0.5,0.5,1.0,1141292.204375,185125.43610923222,31639.437523257344,1.3752655670105014,0.006321224890707526
Standard_GA_Ablation,rosenbrock,50,128,200,0.8,0.5,0.2,0.5,1141292.204375,185125.43610923222,31183.363637036833,1.445199567999225,0.006413676289957948
Standard_GA_Ablation,rosenbrock,50,128,200,0.8,0.5,0.2,0.7,1141292.204375,185125.43610923222,30851.532839882544,1.4808511519804597,0.006482660068722907
Standard_GA_Ablation,rosenbrock,50,128,200,0.8,0.5,0.2,0.8,1141292.204375,185125.43610923222,30785.35519279325,1.5099925809772685,0.006496595499629621
Standard_GA_Ablation,rosenbrock,50,128,200,0.8,0.5,0.2,0.9,1141292.204375,185125.43610923222,30843.697568068197,1.5071054190048017,0.006484306868806015
Standard_GA_Ablation,rosenbrock,50,128,200,0.8,0.5,0.2,1.0,1141292.204375,185125.43610923222,31117.035822336402,1.4911162680073176,0.006427347422868479
Standard_GA_Ablation,rosenbrock,50,128,200,0.8,0.5,0.4,0.5,1141292.204375,185125.43610923222,30973.511463050032,1.458897666016128,0.006457130320486612
Standard_GA_Ablation,rosenbrock,50,128,200,0.8,0.5,0.4,0.7,1141292.204375,185125.43610923222,30860.89103595078,1.4549445449956693,0.006480694279598537
Standard_GA_Ablation,rosenbrock,50,128,200,0.8,0.5,0.4,0.8,1141292.204375,185125.43610923222,31080.979247840616,1.4481651879905257,0.006434803691518027
Standard_GA_Ablation,rosenbrock,50,128,200,0.8,0.5,0.4,0.9,1141292.204375,185125.43610923222,31034.860290585493,1.5552876019792166,0.006444366049254313
Standard_GA_Ablation,rosenbrock,50,128,200,0.8,0.5,0.4,1.0,1141292.204375,185125.43610923222,31139.228076733118,1.496562249987619,0.006422766791365575
Standard_GA_Ablation,rosenbrock,50,128,200,0.8,0.5,0.3,0.5,1141292.204375,185125.43610923222,31186.794554322,1.5322294960205909,0.006412970709498041
Standard_GA_Ablation,rosenbrock,50,128,200,0.8,0.5,0.3,0.7,1141292.204375,185125.43610923222,31557.07400226806,1.4903771450044587,0.006337723199103493
Standard_GA_Ablation,rosenbrock,50,128,200,0.8,0.5,0.3,0.8,1141292.204375,185125.43610923222,31109.36801069443,1.5069848610146437,0.006428931630216539
Standard_GA_Ablation,rosenbrock,50,128,200,0.8,0.5,0.3,0.9,1141292.204375,185125.43610923222,30810.745730527713,1.5073577580042183,0.006491241781332064
Standard_GA_Ablation,rosenbrock,50,128,200,0.8,0.5,0.3,1.0,1141292.204375,185125.43610923222,31062.657903745436,1.4925729559909087,0.006438599060638808
Standard_GA_Ablation,rosenbrock,50,128,200,0.8,0.5,0.6,0.5,1141292.204375,185125.43610923222,31692.053630728657,1.5195442170079332,0.006310730201657861
Standard_GA_Ablation,rosenbrock,50,128,200,0.8,0.5,0.6,0.7,1141292.204375,185125.43610923222,31521.92502204041,1.4827715450082906,0.0063447901693871244
Standard_GA_Ablation,rosenbrock,50,128,200,0.8,0.5,0.6,0.8,1141292.204375,185125.43610923222,32527.33000991884,1.5320732819964178,0.006148675588774495
Standard_GA_Ablation,rosenbrock,50,128,200,0.8,0.5,0.6,0.9,1141292.204375,185125.43610923222,32068.08567855004,1.5104537150182296,0.00623673024965683
Standard_GA_Ablation,rosenbrock,50,128,200,0.8,0.5,0.6,1.0,1141292.204375,185125.43610923222,32105.50691588442,1.5113474959798623,0.006229460899776313
Standard_GA_Ablation,rosenbrock,50,128,200,0.8,0.5,0.7,0.5,1141292.204375,185125.43610923222,31787.337419496784,1.5634057290153578,0.006291813540738076
Standard_GA_Ablation,rosenbrock,50,128,200,0.8,0.5,0.7,0.7,1141292.204375,185125.43610923222,31666.483883107343,1.5823024029959925,0.006315825929341372
Standard_GA_Ablation,rosenbrock,50,128,200,0.8,0.5,0.7,0.8,1141292.204375,185125.43610923222,31522.210282392854,1.6100020969752222,0.006344732752186246
Standard_GA_Ablation,rosenbrock,50,128,200,0.8,0.5,0.7,0.9,1141292.204375,185125.43610923222,31667.61839920843,1.614898378989892,0.006315599660156295
Standard_GA_Ablation,rosenbrock,50,128,200,0.8,0.5,0.7,1.0,1141292.204375,185125.43610923222,31859.343749449497,1.5937976919813082,0.006277593210106716
Standard_GA_Ablation,rosenbrock,50,128,200,0.8,0.8,0.5,0.5,1141292.204375,185125.43610923222,31478.9392898559,1.3867714119842276,0.006353454230411444
Standard_GA_Ablation,rosenbrock,50,128,200,0.8,0.8,0.5,0.7,1141292.204375,185125.43610923222,31397.340214809625,1.3831602320133243,0.006369966329366435
Standard_GA_Ablation,rosenbrock,50,128,200,0.8,0.8,0.5,0.8,1141292.204375,185125.43610923222,31383.60096481618,1.3723284320149105,0.006372755001066253
Standard_GA_Ablation,rosenbrock,50,128,200,0.8,0.8,0.5,0.9,1141292.204375,185125.43610923222,32209.986955737142,1.3827521009952761,0.006209254299756139
Standard_GA_Ablation,rosenbrock,50,128,200,0.8,0.8,0.5,1.0,1141292.204375,185125.43610923222,31638.126671924514,1.3540732849796768,0.006321486795786768
Standard_GA_Ablation,rosenbrock,50,128,200,0.8,0.8,0.2,0.5,1141292.204375,185125.43610923222,30682.135008507936,1.5644162429962307,0.006518451207666658
Standard_GA_Ablation,rosenbrock,50,128,200,0.8,0.8,0.2,0.7,1141292.204375,185125.43610923222,30740.042205504673,1.4866014600265771,0.006506171938963234
Standard_GA_Ablation,rosenbrock,50,128,200,0.8,0.8,0.2,0.8,1141292.204375,185125.43610923222,30916.892844280712,1.5098136669839732,0.0064689553703647104
Standard_GA_Ablation,rosenbrock,50,128,200,0.8,0.8,0.2,0.9,1141292.204375,185125.43610923222,31102.396424028655,1.524942697986262,0.006430372672039084
Standard_GA_Ablation,rosenbrock,50,128,200,0.8,0.8,0.2,1.0,1141292.204375,185125.43610923222,31264.843620909305,1.4821253830159549,0.006396961469727102
Standard_GA_Ablation,rosenbrock,50,128,200,0.8,0.8,0.4,0.5,1141292.204375,185125.43610923222,30314.395575474897,1.4964971280132886,0.006597525571705774
Standard_GA_Ablation,rosenbrock,50,128,200,0.8,0.8,0.4,0.7,1141292.204375,185125.43610923222,30291.37270135303,1.5427557139773853,0.0066025400027865545
Standard_GA_Ablation,rosenbrock,50,128,200,0.8,0.8,0.4,0.8,1141292.204375,185125.43610923222,30699.441212409958,1.4835633580223657,0.006514776559488383
Standard_GA_Ablation,rosenbrock,50,128,200,0.8,0.8,0.4,0.9,1141292.204375,185125.43610923222,30259.81988749365,1.4746466829965357,0.00660942466754932
Standard_GA_Ablation,rosenbrock,50,128,200,0.8,0.8,0.4,1.0,1141292.204375,185125.43610923222,30298.172912011447,1.5305250880192034,0.006601058109372389
Standard_GA_Ablation,rosenbrock,50,128,200,0.8,0.8,0.3,0.5,1141292.204375,185125.43610923222,30651.663017678755,1.4913605449837632,0.006524931449384894
Standard_GA_Ablation,rosenbrock,50,128,200,0.8,0.8,0.3,0.7,1141292.204375,185125.43610923222,30800.541418693017,1.5024264600069728,0.006493392349220813
Standard_GA_Ablation,rosenbrock,50,128,200,0.8,0.8,0.3,0.8,1141292.204375,185125.43610923222,30977.368999854236,1.513001909974264,0.006456326229672413
Standard_GA_Ablation,rosenbrock,50,128,200,0.8,0.8,0.3,0.9,1141292.204375,185125.43610923222,30672.07461010609,1.4727386409940664,0.006520589250721969
Standard_GA_Ablation,rosenbrock,50,128,200,0.8,0.8,0.3,1.0,1141292.204375,185125.43610923222,30594.060330969325,1.5147079790185671,0.006537216630822513
Standard_GA_Ablation,rosenbrock,50,128,200,0.8,0.8,0.6,0.5,1141292.204375,185125.43610923222,31343.044325916595,1.4675635269959457,0.006381001089757774
Standard_GA_Ablation,rosenbrock,50,128,200,0.8,0.8,0.6,0.7,1141292.204375,185125.43610923222,31526.255309083896,1.483820547000505,0.006343918681086507
Standard_GA_Ablation,rosenbrock,50,128,200,0.8,0.8,0.6,0.8,1141292.204375,185125.43610923222,31521.69623361988,1.5080399049911648,0.0063448362206690945
Standard_GA_Ablation,rosenbrock,50,128,200,0.8,0.8,0.6,0.9,1141292.204375,185125.43610923222,31985.00844313305,1.5427602219861,0.006252929410838988
Standard_GA_Ablation,rosenbrock,50,128,200,0.8,0.8,0.6,1.0,1141292.204375,185125.43610923222,31748.893785134125,1.5075397469918244,0.006299432079540566
Standard_GA_Ablation,rosenbrock,50,128,200,0.8,0.8,0.7,0.5,1141292.204375,185125.43610923222,31571.14179788715,3.6116146610002033,0.006334899170906283
Standard_GA_Ablation,rosenbrock,50,128,200,0.8,0.8,0.7,0.7,1141292.204375,185125.43610923222,31559.497184578548,1.6594119099900126,0.006337236579856836
Standard_GA_Ablation,rosenbrock,50,128,200,0.8,0.8,0.7,0.8,1141292.204375,185125.43610923222,31655.59677542105,1.5802426759910304,0.006317998091108165
Standard_GA_Ablation,rosenbrock,50,128,200,0.8,0.8,0.7,0.9,1141292.204375,185125.43610923222,31877.19027965829,1.5755276689887978,0.006274078682763502
Standard_GA_Ablation,rosenbrock,50,128,200,0.8,0.8,0.7,1.0,1141292.204375,185125.43610923222,31973.319363843035,1.6066144999931566,0.006255215410201345
Standard_GA_Ablation,rosenbrock,50,128,200,0.8,1.0,0.5,0.5,1141292.204375,185125.43610923222,31973.561445109273,1.3454800129984505,0.006255168050120119
Standard_GA_Ablation,rosenbrock,50,128,200,0.8,1.0,0.5,0.7,1141292.204375,185125.43610923222,32004.036709201722,1.3360423579870258,0.00624921167967841
Standard_GA_Ablation,rosenbrock,50,128,200,0.8,1.0,0.5,0.8,1141292.204375,185125.43610923222,31571.834605692795,1.3717838680022396,0.006334760158788413
Standard_GA_Ablation,rosenbrock,50,128,200,0.8,1.0,0.5,0.9,1141292.204375,185125.43610923222,31300.9137677695,1.3449763730168343,0.006389589821046684
Standard_GA_Ablation,rosenbrock,50,128,200,0.8,1.0,0.5,1.0,1141292.204375,185125.43610923222,31208.875818750348,1.3999356160056777,0.006408433330361732
Standard_GA_Ablation,rosenbrock,50,128,200,0.8,1.0,0.2,0.5,1141292.204375,185125.43610923222,31145.7535085508,1.4708102610020433,0.006421421139966696
Standard_GA_Ablation,rosenbrock,50,128,200,0.8,1.0,0.2,0.7,1141292.204375,185125.43610923222,31007.670599782803,1.4804945329960901,0.006450016919407062
Standard_GA_Ablation,rosenbrock,50,128,200,0.8,1.0,0.2,0.8,1141292.204375,185125.43610923222,30683.966814611947,1.5131785050034523,0.006518062061804813
Standard_GA_Ablation,rosenbrock,50,128,200,0.8,1.0,0.2,0.9,1141292.204375,185125.43610923222,30811.31931216005,1.52427184098633,0.006491120940772817
Standard_GA_Ablation,rosenbrock,50,128,200,0.8,1.0,0.2,1.0,1141292.204375,185125.43610923222,31017.23220736737,1.4784925740095787,0.006448028588201851
Standard_GA_Ablation,rosenbrock,50,128,200,0.8,1.0,0.4,0.5,1141292.204375,185125.43610923222,30376.560220351534,1.5307997050113045,0.006584023949690163
Standard_GA_Ablation,rosenbrock,50,128,200,0.8,1.0,0.4,0.7,1141292.204375,185125.43610923222,30892.990563297164,1.5060478459927253,0.006473960479488596
Standard_GA_Ablation,rosenbrock,50,128,200,0.8,1.0,0.4,0.8,1141292.204375,185125.43610923222,30829.63351458251,1.507426954980474,0.006487264920142479
Standard_GA_Ablation,rosenbrock,50,128,200,0.8,1.0,0.4,0.9,1141292.204375,185125.43610923222,30822.86218523335,1.480869752005674,0.0064886900768033225
Standard_GA_Ablation,rosenbrock,50,128,200,0.8,1.0,0.4,1.0,1141292.204375,185125.43610923222,31013.45938094819,1.4576225230121054,0.006448812999005895
Standard_GA_Ablation,rosenbrock,50,128,200,0.8,1.0,0.3,0.5,1141292.204375,185125.43610923222,30969.858666368975,1.4495190160232596,0.0064578919185441916
Standard_GA_Ablation,rosenbrock,50,128,200,0.8,1.0,0.3,0.7,1141292.204375,185125.43610923222,30664.303373776012,1.4873858609935269,0.006522241759812459
Standard_GA_Ablation,rosenbrock,50,128,200,0.8,1.0,0.3,0.8,1141292.204375,185125.43610923222,30330.769357261008,1.484410023986129,0.006593963959312532
Standard_GA_Ablation,rosenbrock,50,128,200,0.8,1.0,0.3,0.9,1141292.204375,185125.43610923222,30934.126850889996,1.488822268001968,0.006465351388906129
Standard_GA_Ablation,rosenbrock,50,128,200,0.8,1.0,0.3,1.0,1141292.204375,185125.43610923222,30690.279458781995,1.4644148680090439,0.006516721369989682
Standard_GA_Ablation,rosenbrock,50,128,200,0.8,1.0,0.6,0.5,1141292.204375,185125.43610923222,31898.538147169806,1.4885220349824522,0.0062698798006749715
Standard_GA_Ablation,rosenbrock,50,128,200,0.8,1.0,0.6,0.7,1141292.204375,185125.43610923222,31985.668165253843,1.4789653740008362,0.0062528004407067786
Standard_GA_Ablation,rosenbrock,50,128,200,0.8,1.0,0.6,0.8,1141292.204375,185125.43610923222,31504.439845243593,1.5270691300102044,0.006348311570764054
Standard_GA_Ablation,rosenbrock,50,128,200,0.8,1.0,0.6,0.9,1141292.204375,185125.43610923222,32173.977617836772,1.4935445229930338,0.0062162037400412375
Standard_GA_Ablation,rosenbrock,50,128,200,0.8,1.0,0.6,1.0,1141292.204375,185125.43610923222,31750.037802133724,1.4854286600020714,0.006299205098475796
Standard_GA_Ablation,rosenbrock,50,128,200,0.8,1.0,0.7,0.5,1141292.204375,185125.43610923222,31411.65611811912,1.6303809410019312,0.006367063208890613
Standard_GA_Ablation,rosenbrock,50,128,200,0.8,1.0,0.7,0.7,1141292.204375,185125.43610923222,31776.344603855723,1.5745168850116897,0.00629399015189847
Standard_GA_Ablation,rosenbrock,50,128,200,0.8,1.0,0.7,0.8,1141292.204375,185125.43610923222,31989.05063883196,1.5703255519911181,0.0062521392790949905
Standard_GA_Ablation,rosenbrock,50,128,200,0.8,1.0,0.7,0.9,1141292.204375,185125.43610923222,31751.41708782029,1.6013593359966762,0.006298931460187305
Standard_GA_Ablation,rosenbrock,50,128,200,0.8,1.0,0.7,1.0,1141292.204375,185125.43610923222,31972.94014854598,1.5654283319890965,0.006255289600230754
Standard_GA_Ablation,rosenbrock,50,128,200,0.9,0.5,0.5,0.5,1141292.204375,185125.43610923222,31653.75205889349,1.3829746409901418,0.00631836629123427
Standard_GA_Ablation,rosenbrock,50,128,200,0.9,0.5,0.5,0.7,1141292.204375,185125.43610923222,31497.0201973605,1.3591253650083672,0.006349807021324523
Standard_GA_Ablation,rosenbrock,50,128,200,0.9,0.5,0.5,0.8,1141292.204375,185125.43610923222,31202.190836630172,1.3620863260002807,0.006409806319279596
Standard_GA_Ablation,rosenbrock,50,128,200,0.9,0.5,0.5,0.9,1141292.204375,185125.43610923222,31661.549921971273,1.3151179749984294,0.006316810152784455
Standard_GA_Ablation,rosenbrock,50,128,200,0.9,0.5,0.5,1.0,1141292.204375,185125.43610923222,31239.45297542956,1.3545853339892346,0.006402160759898834
Standard_GA_Ablation,rosenbrock,50,128,200,0.9,0.5,0.2,0.5,1141292.204375,185125.43610923222,31426.466520289476,1.4709766730084084,0.00636406259262003
Standard_GA_Ablation,rosenbrock,50,128,200,0.9,0.5,0.2,0.7,1141292.204375,185125.43610923222,31629.397587057807,1.483038728008978,0.00632323140045628
Standard_GA_Ablation,rosenbrock,50,128,200,0.9,0.5,0.2,0.8,1141292.204375,185125.43610923222,30687.850044180097,1.4802942039968912,0.0065172372685628945
Standard_GA_Ablation,rosenbrock,50,128,200,0.9,0.5,0.2,0.9,1141292.204375,185125.43610923222,30584.346748713753,1.5222658980055712,0.006539292849483899
Standard_GA_Ablation,rosenbrock,50,128,200,0.9,0.5,0.2,1.0,1141292.204375,185125.43610923222,30686.03379132235,1.468439552001655,0.006517623012477998
Standard_GA_Ablation,rosenbrock,50,128,200,0.9,0.5,0.4,0.5,1141292.204375,185125.43610923222,30432.306141826368,1.4838413909892552,0.00657196332962485
Standard_GA_Ablation,rosenbrock,50,128,200,0.9,0.5,0.4,0.7,1141292.204375,185125.43610923222,30618.574100831524,1.5269680339843035,0.006531982820015401
Standard_GA_Ablation,rosenbrock,50,128,200,0.9,0.5,0.4,0.8,1141292.204375,185125.43610923222,30933.450407623615,1.4728637000080198,0.006465492771239951
Standard_GA_Ablation,rosenbrock,50,128,200,0.9,0.5,0.4,0.9,1141292.204375,185125.43610923222,30882.958839390645,1.5047328890068457,0.0064760634186677634
Standard_GA_Ablation,rosenbrock,50,128,200,0.9,0.5,0.4,1.0,1141292.204375,185125.43610923222,31267.379921592124,1.4768537750060204,0.0063964425705489705
Standard_GA_Ablation,rosenbrock,50,128,200,0.9,0.5,0.3,0.5,1141292.204375,185125.43610923222,31154.073733235058,1.4802291700034402,0.006419706190354191
Standard_GA_Ablation,rosenbrock,50,128,200,0.9,0.5,0.3,0.7,1141292.204375,185125.43610923222,31418.452288898916,1.498779855988687,0.00636568594025448
Standard_GA_Ablation,rosenbrock,50,128,200,0.9,0.5,0.3,0.8,1141292.204375,185125.43610923222,31403.064187117576,1.4525635510217398,0.0063688052480574695
Standard_GA_Ablation,rosenbrock,50,128,200,0.9,0.5,0.3,0.9,1141292.204375,185125.43610923222,31311.656709602026,1.463959724002052,0.006387397570651956
Standard_GA_Ablation,rosenbrock,50,128,200,0.9,0.5,0.3,1.0,1141292.204375,185125.43610923222,31657.598660459138,1.4534821919805836,0.0063175985691486854
Standard_GA_Ablation,rosenbrock,50,128,200,0.9,0.5,0.6,0.5,1141292.204375,185125.43610923222,32248.437941018758,1.5238290560082532,0.006201850780053064
Standard_GA_Ablation,rosenbrock,50,128,200,0.9,0.5,0.6,0.7,1141292.204375,185125.43610923222,32149.270196634185,1.548942599009024,0.006220981029327959
Standard_GA_Ablation,rosenbrock,50,128,200,0.9,0.5,0.6,0.8,1141292.204375,185125.43610923222,32471.600854056178,1.5075512240000535,0.006159228209871799
Standard_GA_Ablation,rosenbrock,50,128,200,0.9,0.5,0.6,0.9,1141292.204375,185125.43610923222,32296.956093821333,1.5382828440051526,0.0061925340400193814
Standard_GA_Ablation,rosenbrock,50,128,200,0.9,0.5,0.6,1.0,1141292.204375,185125.43610923222,32363.257213545938,1.526273437018972,0.006179847679741215
Standard_GA_Ablation,rosenbrock,50,128,200,0.9,0.5,0.7,0.5,1141292.204375,185125.43610923222,32081.7187055469,1.5792819630005397,0.0062340799704543315
Standard_GA_Ablation,rosenbrock,50,128,200,0.9,0.5,0.7,0.7,1141292.204375,185125.43610923222,31391.92821381427,1.6464818569947965,0.006371064518170897
Standard_GA_Ablation,rosenbrock,50,128,200,0.9,0.5,0.7,0.8,1141292.204375,185125.43610923222,32052.357298196148,1.6521370340196881,0.006239790669351351
Standard_GA_Ablation,rosenbrock,50,128,200,0.9,0.5,0.7,0.9,1141292.204375,185125.43610923222,32010.059762934332,1.5972253390063997,0.0062480358200264164
Standard_GA_Ablation,rosenbrock,50,128,200,0.9,0.5,0.7,1.0,1141292.204375,185125.43610923222,32118.675064695326,1.6138354979921132,0.00622690691932803
Standard_GA_Ablation,rosenbrock,50,128,200,0.9,0.8,0.5,0.5,1141292.204375,185125.43610923222,31364.09345737071,1.340712411009008,0.006376718659885228
Standard_GA_Ablation,rosenbrock,50,128,200,0.9,0.8,0.5,0.7,1141292.204375,185125.43610923222,31628.29511249214,1.3747004570032004,0.006323451810749248
Standard_GA_Ablation,rosenbrock,50,128,200,0.9,0.8,0.5,0.8,1141292.204375,185125.43610923222,31605.168768562668,1.3154061579843983,0.006328078848891892
Standard_GA_Ablation,rosenbrock,50,128,200,0.9,0.8,0.5,0.9,1141292.204375,185125.43610923222,31580.134575646065,1.3929685920011252,0.006333095241279807
Standard_GA_Ablation,rosenbrock,50,128,200,0.9,0.8,0.5,1.0,1141292.204375,185125.43610923222,31664.899324375485,1.3381695040152408,0.006316141982679256
Standard_GA_Ablation,rosenbrock,50,128,200,0.9,0.8,0.2,0.5,1141292.204375,185125.43610923222,31023.191059478213,1.4724900820001494,0.006446790068002884
Standard_GA_Ablation,rosenbrock,50,128,200,0.9,0.8,0.2,0.7,1141292.204375,185125.43610923222,30899.652171635295,1.4717782759980764,0.006472564768337179
Standard_GA_Ablation,rosenbrock,50,128,200,0.9,0.8,0.2,0.8,1141292.204375,185125.43610923222,30797.55698238159,1.5086516090086661,0.006494021591206547
Standard_GA_Ablation,rosenbrock,50,128,200,0.9,0.8,0.2,0.9,1141292.204375,185125.43610923222,30711.342154938968,1.4755510310060345,0.006512252020474989
Standard_GA_Ablation,rosenbrock,50,128,200,0.9,0.8,0.2,1.0,1141292.204375,185125.43610923222,31164.36364151452,1.4947530679928605,0.006417586519673933
Standard_GA_Ablation,rosenbrock,50,128,200,0.9,0.8,0.4,0.5,1141292.204375,185125.43610923222,30851.655186913686,1.5028534269949887,0.006482634360727388
Standard_GA_Ablation,rosenbrock,50,128,200,0.9,0.8,0.4,0.7,1141292.204375,185125.43610923222,30673.219393928524,1.4842980029934552,0.006520345889730379
Standard_GA_Ablation,rosenbrock,50,128,200,0.9,0.8,0.4,0.8,1141292.204375,185125.43610923222,30800.12235386194,1.5130702869792003,0.0064934806979727
Standard_GA_Ablation,rosenbrock,50,128,200,0.9,0.8,0.4,0.9,1141292.204375,185125.43610923222,31161.226913371742,1.4801229320000857,0.006418232521973551
Standard_GA_Ablation,rosenbrock,50,128,200,0.9,0.8,0.4,1.0,1141292.204375,185125.43610923222,31595.111329672334,1.5365916390146594,0.006330093219585251
Standard_GA_Ablation,rosenbrock,50,128,200,0.9,0.8,0.3,0.5,1141292.204375,185125.43610923222,31174.452409149944,1.5147131250123493,0.006415509641519748
Standard_GA_Ablation,rosenbrock,50,128,200,0.9,0.8,0.3,0.7,1141292.204375,185125.43610923222,31278.213337811074,1.5360576690000016,0.0063942271203268316
Standard_GA_Ablation,rosenbrock,50,128,200,0.9,0.8,0.3,0.8,1141292.204375,185125.43610923222,31439.894742292283,1.4611017270071898,0.006361344452307094
Standard_GA_Ablation,rosenbrock,50,128,200,0.9,0.8,0.3,0.9,1141292.204375,185125.43610923222,31433.855680301785,1.4916759000043385,0.006362566591706127
Standard_GA_Ablation,rosenbrock,50,128,200,0.9,0.8,0.3,1.0,1141292.204375,185125.43610923222,31836.575918647428,1.4934900299995206,0.006282082611869555
Standard_GA_Ablation,rosenbrock,50,128,200,0.9,0.8,0.6,0.5,1141292.204375,185125.43610923222,32521.581271161223,1.5648383149818983,0.006149762471031863
Standard_GA_Ablation,rosenbrock,50,128,200,0.9,0.8,0.6,0.7,1141292.204375,185125.43610923222,32252.73554666228,1.5000408939959016,0.006201024397159927
Standard_GA_Ablation,rosenbrock,50,128,200,0.9,0.8,0.6,0.8,1141292.204375,185125.43610923222,32366.95437124319,1.5520900030096527,0.0061791417785570955
Standard_GA_Ablation,rosenbrock,50,128,200,0.9,0.8,0.6,0.9,1141292.204375,185125.43610923222,32243.323123130027,1.5264991939766333,0.00620283459109487
Standard_GA_Ablation,rosenbrock,50,128,200,0.9,0.8,0.6,1.0,1141292.204375,185125.43610923222,31843.58663020778,1.5157238999963738,0.0062806995431310495
Standard_GA_Ablation,rosenbrock,50,128,200,0.9,0.8,0.7,0.5,1141292.204375,185125.43610923222,32016.93429325211,1.6174790920049418,0.006246694270230364
Standard_GA_Ablation,rosenbrock,50,128,200,0.9,0.8,0.7,0.7,1141292.204375,185125.43610923222,32396.9930069198,1.5847747449879535,0.006173412450880278
Standard_GA_Ablation,rosenbrock,50,128,200,0.9,0.8,0.7,0.8,1141292.204375,185125.43610923222,32019.219113426385,1.6433130470104516,0.006246248520037625
Standard_GA_Ablation,rosenbrock,50,128,200,0.9,0.8,0.7,0.9,1141292.204375,185125.43610923222,31756.023959535974,1.6361677639943082,0.00629801766917808
Standard_GA_Ablation,rosenbrock,50,128,200,0.9,0.8,0.7,1.0,1141292.204375,185125.43610923222,31804.154952987337,1.6168228220194578,0.006288486529374495
Standard_GA_Ablation,rosenbrock,50,128,200,0.9,1.0,0.5,0.5,1141292.204375,185125.43610923222,31003.27237064397,1.343509203987196,0.006450931940635201
Standard_GA_Ablation,rosenbrock,50,128,200,0.9,1.0,0.5,0.7,1141292.204375,185125.43610923222,31301.369269070223,1.3906555230205413,0.0063894968389649875
Standard_GA_Ablation,rosenbrock,50,128,200,0.9,1.0,0.5,0.8,1141292.204375,185125.43610923222,31345.49836848016,1.367007929016836,0.006380501520470716
Standard_GA_Ablation,rosenbrock,50,128,200,0.9,1.0,0.5,0.9,1141292.204375,185125.43610923222,31396.21023290632,1.3713571179832797,0.00637019559100736
Standard_GA_Ablation,rosenbrock,50,128,200,0.9,1.0,0.5,1.0,1141292.204375,185125.43610923222,31892.969649117917,1.367248736001784,0.006270974518847652
Standard_GA_Ablation,rosenbrock,50,128,200,0.9,1.0,0.2,0.5,1141292.204375,185125.43610923222,30518.485971903505,1.5133750539971516,0.006553405047161505
Standard_GA_Ablation,rosenbrock,50,128,200,0.9,1.0,0.2,0.7,1141292.204375,185125.43610923222,31040.198762103508,1.4629940880113281,0.00644325771019794
Standard_GA_Ablation,rosenbrock,50,128,200,0.9,1.0,0.2,0.8,1141292.204375,185125.43610923222,30658.757919413772,1.461770335008623,0.006523421481251717
Standard_GA_Ablation,rosenbrock,50,128,200,0.9,1.0,0.2,0.9,1141292.204375,185125.43610923222,30914.914875740364,1.4608469619997777,0.006469369260885287
Standard_GA_Ablation,rosenbrock,50,128,200,0.9,1.0,0.2,1.0,1141292.204375,185125.43610923222,31657.725834743993,1.4896806030010339,0.006317573190317489
Standard_GA_Ablation,rosenbrock,50,128,200,0.9,1.0,0.4,0.5,1141292.204375,185125.43610923222,31764.477978264433,1.48904879699694,0.006296341471024789
Standard_GA_Ablation,rosenbrock,50,128,200,0.9,1.0,0.4,0.7,1141292.204375,185125.43610923222,31249.485367373945,1.478741233004257,0.0064001053984975445
Standard_GA_Ablation,rosenbrock,50,128,200,0.9,1.0,0.4,0.8,1141292.204375,185125.43610923222,31174.291096665136,1.4920203250076156,0.006415542838803958
Standard_GA_Ablation,rosenbrock,50,128,200,0.9,1.0,0.4,0.9,1141292.204375,185125.43610923222,30920.441435449247,1.490721834008582,0.006468212959298399
Standard_GA_Ablation,rosenbrock,50,128,200,0.9,1.0,0.4,1.0,1141292.204375,185125.43610923222,31332.156201706126,1.482557793991873,0.0063832185283536095
Standard_GA_Ablation,rosenbrock,50,128,200,0.9,1.0,0.3,0.5,1141292.204375,185125.43610923222,30748.742648073796,1.4733510699879844,0.006504330999450758
Standard_GA_Ablation,rosenbrock,50,128,200,0.9,1.0,0.3,0.7,1141292.204375,185125.43610923222,31326.44122488528,1.4758570239937399,0.006384383038093802
Standard_GA_Ablation,rosenbrock,50,128,200,0.9,1.0,0.3,0.8,1141292.204375,185125.43610923222,31173.838946943728,1.4816267490095925,0.006415635890734847
Standard_GA_Ablation,rosenbrock,50,128,200,0.9,1.0,0.3,0.9,1141292.204375,185125.43610923222,30992.11729739304,1.5082083480083384,0.006453253841318656
Standard_GA_Ablation,rosenbrock,50,128,200,0.9,1.0,0.3,1.0,1141292.204375,185125.43610923222,31446.69213493465,1.4757758670020849,0.006359969409240876
Standard_GA_Ablation,rosenbrock,50,128,200,0.9,1.0,0.6,0.5,1141292.204375,185125.43610923222,31981.47546458534,1.5192061529960483,0.0062536201690090824
Standard_GA_Ablation,rosenbrock,50,128,200,0.9,1.0,0.6,0.7,1141292.204375,185125.43610923222,32065.96888612324,1.4783052989805583,0.006237141959136352
Standard_GA_Ablation,rosenbrock,50,128,200,0.9,1.0,0.6,0.8,1141292.204375,185125.43610923222,32345.845143210645,1.5150647760019638,0.006183174349425826
Standard_GA_Ablation,rosenbrock,50,128,200,0.9,1.0,0.6,0.9,1141292.204375,185125.43610923222,31432.69472472409,1.5009367759921588,0.006362801590876188
Standard_GA_Ablation,rosenbrock,50,128,200,0.9,1.0,0.6,1.0,1141292.204375,185125.43610923222,32168.458604106694,1.5154501559736673,0.006217270229244605
Standard_GA_Ablation,rosenbrock,50,128,200,0.9,1.0,0.7,0.5,1141292.204375,185125.43610923222,31769.043571514794,1.6292119340214413,0.006295436611108016
Standard_GA_Ablation,rosenbrock,50,128,200,0.9,1.0,0.7,0.7,1141292.204375,185125.43610923222,31877.73780454675,1.5867110649996903,0.006273970920592547
Standard_GA_Ablation,rosenbrock,50,128,200,0.9,1.0,0.7,0.8,1141292.204375,185125.43610923222,32155.627108650227,1.5622118000173941,0.006219751190801617
Standard_GA_Ablation,rosenbrock,50,128,200,0.9,1.0,0.7,0.9,1141292.204375,185125.43610923222,31977.37761770684,1.5985349800030235,0.00625442155986093
Standard_GA_Ablation,rosenbrock,50,128,200,0.9,1.0,0.7,1.0,1141292.204375,185125.43610923222,31903.494941167835,1.5880001569748856,0.006268905659671873
Standard_GA_Ablation,rosenbrock,50,128,200,1.0,0.5,0.5,0.5,1141292.204375,185125.43610923222,31528.408951255708,1.3972167070023715,0.0063434853407670745
Standard_GA_Ablation,rosenbrock,50,128,200,1.0,0.5,0.5,0.7,1141292.204375,185125.43610923222,31524.89238760713,1.3503212399955373,0.00634419294889085
Standard_GA_Ablation,rosenbrock,50,128,200,1.0,0.5,0.5,0.8,1141292.204375,185125.43610923222,32096.37597271912,1.3648589299991727,0.006231233089056332
Standard_GA_Ablation,rosenbrock,50,128,200,1.0,0.5,0.5,0.9,1141292.204375,185125.43610923222,31918.508373243225,1.373505888012005,0.0062659569695824755
Standard_GA_Ablation,rosenbrock,50,128,200,1.0,0.5,0.5,1.0,1141292.204375,185125.43610923222,31868.439035966985,1.4107920530077536,0.006275801578303799
Standard_GA_Ablation,rosenbrock,50,128,200,1.0,0.5,0.2,0.5,1141292.204375,185125.43610923222,31175.850670068467,1.5189871579932515,0.0064152219009702095
Standard_GA_Ablation,rosenbrock,50,128,200,1.0,0.5,0.2,0.7,1141292.204375,185125.43610923222,31316.1352763489,1.5132579159981105,0.006386484099493828
Standard_GA_Ablation,rosenbrock,50,128,200,1.0,0.5,0.2,0.8,1141292.204375,185125.43610923222,31231.539627725047,1.5411983309895732,0.006403782918932848
Standard_GA_Ablation,rosenbrock,50,128,200,1.0,0.5,0.2,0.9,1141292.204375,185125.43610923222,30928.06934530571,1.4595328850264195,0.006466617678815964
Standard_GA_Ablation,rosenbrock,50,128,200,1.0,0.5,0.2,1.0,1141292.204375,185125.43610923222,31582.007426815606,1.4936129200214054,0.006332719681086019
Standard_GA_Ablation,rosenbrock,50,128,200,1.0,0.5,0.4,0.5,1141292.204375,185125.43610923222,31068.611012536043,1.4800433710042853,0.006437365349847823
Standard_GA_Ablation,rosenbrock,50,128,200,1.0,0.5,0.4,0.7,1141292.204375,185125.43610923222,30816.388086515984,1.5285415920079686,0.006490053261222784
Standard_GA_Ablation,rosenbrock,50,128,200,1.0,0.5,0.4,0.8,1141292.204375,185125.43610923222,30414.669606233114,1.4809202869946603,0.0065757742099231105
Standard_GA_Ablation,rosenbrock,50,128,200,1.0,0.5,0.4,0.9,1141292.204375,185125.43610923222,30490.16210346784,1.5759645990037825,0.006559492839733139
Standard_GA_Ablation,rosenbrock,50,128,200,1.0,0.5,0.4,1.0,1141292.204375,185125.43610923222,30972.52672052745,1.530084081023233,0.006457335618906654
Standard_GA_Ablation,rosenbrock,50,128,200,1.0,0.5,0.3,0.5,1141292.204375,185125.43610923222,31310.28825724093,1.4851463139930274,0.0063876767392503095
Standard_GA_Ablation,rosenbrock,50,128,200,1.0,0.5,0.3,0.7,1141292.204375,185125.43610923222,31357.805935071046,1.5369287639914546,0.006377997249364853
Standard_GA_Ablation,rosenbrock,50,128,200,1.0,0.5,0.3,0.8,1141292.204375,185125.43610923222,31196.56564399175,1.5347031690180302,0.006410962100198958
Standard_GA_Ablation,rosenbrock,50,128,200,1.0,0.5,0.3,0.9,1141292.204375,185125.43610923222,30937.867796611357,1.5191231470089406,0.006464569611416664
Standard_GA_Ablation,rosenbrock,50,128,200,1.0,0.5,0.3,1.0,1141292.204375,185125.43610923222,30929.18333510017,1.5424164790019859,0.006466384767845739
Standard_GA_Ablation,rosenbrock,50,128,200,1.0,0.5,0.6,0.5,1141292.204375,185125.43610923222,32115.589817028827,1.503616478992626,0.006227505119459238
Standard_GA_Ablation,rosenbrock,50,128,200,1.0,0.5,0.6,0.7,1141292.204375,185125.43610923222,32318.55563357715,1.5393984640249982,0.0061883953685173765
Standard_GA_Ablation,rosenbrock,50,128,200,1.0,0.5,0.6,0.8,1141292.204375,185125.43610923222,31905.84809383109,1.5238221449835692,0.006268443308945279
Standard_GA_Ablation,rosenbrock,50,128,200,1.0,0.5,0.6,0.9,1141292.204375,185125.43610923222,31720.53739552125,1.5146949019981548,0.006305063420149963
Standard_GA_Ablation,rosenbrock,50,128,200,1.0,0.5,0.6,1.0,1141292.204375,185125.43610923222,32325.4541175971,1.5810905429825652,0.0061870747205102815
Standard_GA_Ablation,rosenbrock,50,128,200,1.0,0.5,0.7,0.5,1141292.204375,185125.43610923222,32175.875745803383,1.622605853015557,0.006215837032068521
Standard_GA_Ablation,rosenbrock,50,128,200,1.0,0.5,0.7,0.7,1141292.204375,185125.43610923222,32266.366290991013,1.5792770329862833,0.006198404809401837
Standard_GA_Ablation,rosenbrock,50,128,200,1.0,0.5,0.7,0.8,1141292.204375,185125.43610923222,32390.909572934936,1.633039729000302,0.006174571898009162
Standard_GA_Ablation,rosenbrock,50,128,200,1.0,0.5,0.7,0.9,1141292.204375,185125.43610923222,32061.102768721223,1.5994814810110256,0.006238088609825354
Standard_GA_Ablation,rosenbrock,50,128,200,1.0,0.5,0.7,1.0,1141292.204375,185125.43610923222,32302.23693047904,1.5896154529764317,0.006191521671717055
Standard_GA_Ablation,rosenbrock,50,128,200,1.0,0.8,0.5,0.5,1141292.204375,185125.43610923222,31901.335145508725,1.3861870570108294,0.006269330079376232
Standard_GA_Ablation,rosenbrock,50,128,200,1.0,0.8,0.5,0.7,1141292.204375,185125.43610923222,32022.47076157691,1.3670362219854724,0.006245614259096328
Standard_GA_Ablation,rosenbrock,50,128,200,1.0,0.8,0.5,0.8,1141292.204375,185125.43610923222,32082.942970614138,1.4046594180108514,0.006233842081855983
Standard_GA_Ablation,rosenbrock,50,128,200,1.0,0.8,0.5,0.9,1141292.204375,185125.43610923222,32057.95452486277,1.3938108140137047,0.006238701219845097
Standard_GA_Ablation,rosenbrock,50,128,200,1.0,0.8,0.5,1.0,1141292.204375,185125.43610923222,31987.62119830972,1.3927194449934177,0.006252418670337647
Standard_GA_Ablation,rosenbrock,50,128,200,1.0,0.8,0.2,0.5,1141292.204375,185125.43610923222,30962.376444192734,1.5450483880122192,0.00645945250231307
Standard_GA_Ablation,rosenbrock,50,128,200,1.0,0.8,0.2,0.7,1141292.204375,185125.43610923222,30780.635853723412,1.524918509006966,0.006497591568622738
Standard_GA_Ablation,rosenbrock,50,128,200,1.0,0.8,0.2,0.8,1141292.204375,185125.43610923222,30880.263135810244,1.5364777480135672,0.006476628748932853
Standard_GA_Ablation,rosenbrock,50,128,200,1.0,0.8,0.2,0.9,1141292.204375,185125.43610923222,31425.402403337746,1.4611466740025207,0.0063642780904774555
Standard_GA_Ablation,rosenbrock,50,128,200,1.0,0.8,0.2,1.0,1141292.204375,185125.43610923222,31471.530959528947,1.5627847550204024,0.0063549498197971845
Standard_GA_Ablation,rosenbrock,50,128,200,1.0,0.8,0.4,0.5,1141292.204375,185125.43610923222,31319.4675171197,1.5358120760065503,0.0063858046082896185
Standard_GA_Ablation,rosenbrock,50,128,200,1.0,0.8,0.4,0.7,1141292.204375,185125.43610923222,31209.492568534126,1.4638408830214757,0.006408306689409073
Standard_GA_Ablation,rosenbrock,50,128,200,1.0,0.8,0.4,0.8,1141292.204375,185125.43610923222,31081.752434968443,1.462420954980189,0.006434643619868439
Standard_GA_Ablation,rosenbrock,50,128,200,1.0,0.8,0.4,0.9,1141292.204375,185125.43610923222,30587.01535252181,1.4793048709980212,0.006538722320401575
Standard_GA_Ablation,rosenbrock,50,128,200,1.0,0.8,0.4,1.0,1141292.204375,185125.43610923222,31272.011427172318,1.4316310239955783,0.006395495232718531
Standard_GA_Ablation,rosenbrock,50,128,200,1.0,0.8,0.3,0.5,1141292.204375,185125.43610923222,30944.762224005044,1.5345749119878747,0.006463129319017753
Standard_GA_Ablation,rosenbrock,50,128,200,1.0,0.8,0.3,0.7,1141292.204375,185125.43610923222,30695.620679876305,1.4822068600042257,0.006515587421599776
Standard_GA_Ablation,rosenbrock,50,128,200,1.0,0.8,0.3,0.8,1141292.204375,185125.43610923222,31163.955058241918,1.4973873769922648,0.006417670659138821
Standard_GA_Ablation,rosenbrock,50,128,200,1.0,0.8,0.3,0.9,1141292.204375,185125.43610923222,30953.801955444233,1.4567937529936898,0.006461241830256767
Standard_GA_Ablation,rosenbrock,50,128,200,1.0,0.8,0.3,1.0,1141292.204375,185125.43610923222,30875.96556762285,1.4625133899971843,0.0064775302188354545
Standard_GA_Ablation,rosenbrock,50,128,200,1.0,0.8,0.6,0.5,1141292.204375,185125.43610923222,32218.257300497193,1.5313762050063815,0.006207660399959423
Standard_GA_Ablation,rosenbrock,50,128,200,1.0,0.8,0.6,0.7,1141292.204375,185125.43610923222,31996.788138695105,1.5136958180228248,0.006250627379631624
Standard_GA_Ablation,rosenbrock,50,128,200,1.0,0.8,0.6,0.8,1141292.204375,185125.43610923222,32105.379977905526,1.52897719599423,0.006229485529765952
Standard_GA_Ablation,rosenbrock,50,128,200,1.0,0.8,0.6,0.9,1141292.204375,185125.43610923222,32121.031436399935,1.4930731279891916,0.006226450118701905
Standard_GA_Ablation,rosenbrock,50,128,200,1.0,0.8,0.6,1.0,1141292.204375,185125.43610923222,32321.16047124353,1.5171133450057823,0.006187896631308832
Standard_GA_Ablation,rosenbrock,50,128,200,1.0,0.8,0.7,0.5,1141292.204375,185125.43610923222,32573.92133530916,3.8578109270019922,0.0061398809784441255
Standard_GA_Ablation,rosenbrock,50,128,200,1.0,0.8,0.7,0.7,1141292.204375,185125.43610923222,32207.824987098807,1.6288776730070822,0.006209671099495609
Standard_GA_Ablation,rosenbrock,50,128,200,1.0,0.8,0.7,0.8,1141292.204375,185125.43610923222,31885.836703850506,1.6179017189715523,0.006272377352288459
Standard_GA_Ablation,rosenbrock,50,128,200,1.0,0.8,0.7,0.9,1141292.204375,185125.43610923222,31836.07892790703,1.6466767210222315,0.006282180681009777
Standard_GA_Ablation,rosenbrock,50,128,200,1.0,0.8,0.7,1.0,1141292.204375,185125.43610923222,32130.990909503773,1.5895824909966905,0.006224520138930529
Standard_GA_Ablation,rosenbrock,50,128,200,1.0,1.0,0.5,0.5,1141292.204375,185125.43610923222,31441.6931179096,1.3636367180151865,0.006360980601457413
Standard_GA_Ablation,rosenbrock,50,128,200,1.0,1.0,0.5,0.7,1141292.204375,185125.43610923222,31724.26254812391,1.3732552499859594,0.006304323061776813
Standard_GA_Ablation,rosenbrock,50,128,200,1.0,1.0,0.5,0.8,1141292.204375,185125.43610923222,31678.811273449366,1.3712143330194522,0.0063133682092302475
Standard_GA_Ablation,rosenbrock,50,128,200,1.0,1.0,0.5,0.9,1141292.204375,185125.43610923222,32004.05908150365,1.3442113640194293,0.006249207311193459
Standard_GA_Ablation,rosenbrock,50,128,200,1.0,1.0,0.5,1.0,1141292.204375,185125.43610923222,31804.157945426272,1.3674583079991862,0.006288485937693622
Standard_GA_Ablation,rosenbrock,50,128,200,1.0,1.0,0.2,0.5,1141292.204375,185125.43610923222,31298.498396991272,1.499621017021127,0.00639008291909704
Standard_GA_Ablation,rosenbrock,50,128,200,1.0,1.0,0.2,0.7,1141292.204375,185125.43610923222,31070.58335360085,1.4794440169935115,0.0064369567099493
Standard_GA_Ablation,rosenbrock,50,128,200,1.0,1.0,0.2,0.8,1141292.204375,185125.43610923222,31366.48873586002,1.5090710270160343,0.006376231706526596
Standard_GA_Ablation,rosenbrock,50,128,200,1.0,1.0,0.2,0.9,1141292.204375,185125.43610923222,31177.103407043734,1.534735967987217,0.006414964128925931
Standard_GA_Ablation,rosenbrock,50,128,200,1.0,1.0,0.2,1.0,1141292.204375,185125.43610923222,30877.651365731,1.4858813440077938,0.006477176571206655
Standard_GA_Ablation,rosenbrock,50,128,200,1.0,1.0,0.4,0.5,1141292.204375,185125.43610923222,30275.368900306188,1.4543691989965737,0.006606030158000067
Standard_GA_Ablation,rosenbrock,50,128,200,1.0,1.0,0.4,0.7,1141292.204375,185125.43610923222,30656.814221275352,1.4989624689915217,0.006523835078114644
Standard_GA_Ablation,rosenbrock,50,128,200,1.0,1.0,0.4,0.8,1141292.204375,185125.43610923222,30679.908952187427,1.5219249179936014,0.006518924169940874
Standard_GA_Ablation,rosenbrock,50,128,200,1.0,1.0,0.4,0.9,1141292.204375,185125.43610923222,30397.70820434818,1.4693655190058053,0.006579443379596341
Standard_GA_Ablation,rosenbrock,50,128,200,1.0,1.0,0.4,1.0,1141292.204375,185125.43610923222,30766.194333494408,1.4495253979985137,0.006500641510356218
Standard_GA_Ablation,rosenbrock,50,128,200,1.0,1.0,0.3,0.5,1141292.204375,185125.43610923222,30203.136761502432,1.4762236349924933,0.00662182877160376
Standard_GA_Ablation,rosenbrock,50,128,200,1.0,1.0,0.3,0.7,1141292.204375,185125.43610923222,30271.528784731552,1.4574465769983362,0.006606868170492817
Standard_GA_Ablation,rosenbrock,50,128,200,1.0,1.0,0.3,0.8,1141292.204375,185125.43610923222,30810.028707888767,1.4786396999843419,0.006491392847965472
Standard_GA_Ablation,rosenbrock,50,128,200,1.0,1.0,0.3,0.9,1141292.204375,185125.43610923222,30875.527755321407,1.5024728620192036,0.006477622069651261
Standard_GA_Ablation,rosenbrock,50,128,200,1.0,1.0,0.3,1.0,1141292.204375,185125.43610923222,31191.4779233691,1.4543907290208153,0.006412007808394265
Standard_GA_Ablation,rosenbrock,50,128,200,1.0,1.0,0.6,0.5,1141292.204375,185125.43610923222,31997.96031453271,1.5074535470048431,0.006250398401462008
Standard_GA_Ablation,rosenbrock,50,128,200,1.0,1.0,0.6,0.7,1141292.204375,185125.43610923222,32181.327885643663,1.5219285049824975,0.006214783948962577
Standard_GA_Ablation,rosenbrock,50,128,200,1.0,1.0,0.6,0.8,1141292.204375,185125.43610923222,31750.75384319654,1.5407890340138692,0.0062990630391868765
Standard_GA_Ablation,rosenbrock,50,128,200,1.0,1.0,0.6,0.9,1141292.204375,185125.43610923222,31648.300188631016,1.4926074469985906,0.006319454719778151
Standard_GA_Ablation,rosenbrock,50,128,200,1.0,1.0,0.6,1.0,1141292.204375,185125.43610923222,31896.01704159427,1.5081606390012894,0.006270375380699989
Standard_GA_Ablation,rosenbrock,50,128,200,1.0,1.0,0.7,0.5,1141292.204375,185125.43610923222,31730.76849785806,1.600280473998282,0.006303030448616482
Standard_GA_Ablation,rosenbrock,50,128,200,1.0,1.0,0.7,0.7,1141292.204375,185125.43610923222,31558.53916330567,1.589839516003849,0.006337428959086538
Standard_GA_Ablation,rosenbrock,50,128,200,1.0,1.0,0.7,0.8,1141292.204375,185125.43610923222,32128.11339781092,1.5622868229984306,0.006225077629787848
Standard_GA_Ablation,rosenbrock,50,128,200,1.0,1.0,0.7,0.9,1141292.204375,185125.43610923222,31450.253987057145,1.6147547780128662,0.006359249120287132
Standard_GA_Ablation,rosenbrock,50,128,200,1.0,1.0,0.7,1.0,1141292.204375,185125.43610923222,31932.884126320616,1.583400414994685,0.0062631361203966665
Standard_GA_Ablation,schaffers_f7,50,128,200,0.8,0.5,0.5,0.5,66.01237483978271,2.7422447377563612,21067.536238944638,1.6239117719815113,0.009493279030430131
Standard_GA_Ablation,schaffers_f7,50,128,200,0.8,0.5,0.5,0.7,66.01237483978271,2.7422447377563612,21072.976295829805,1.6507828879985027,0.009490828309790231
Standard_GA_Ablation,schaffers_f7,50,128,200,0.8,0.5,0.5,0.8,66.01237483978271,2.7422447377563612,21070.08630677561,1.6137205399863888,0.009492130079015624
Standard_GA_Ablation,schaffers_f7,50,128,200,0.8,0.5,0.5,0.9,66.01237483978271,2.7422447377563612,21115.33961901694,1.6349203619756736,0.00947178703296231
Standard_GA_Ablation,schaffers_f7,50,128,200,0.8,0.5,0.5,1.0,66.01237483978271,2.7422447377563612,21264.27515543886,1.646439272997668,0.009405446390155702
Standard_GA_Ablation,schaffers_f7,50,128,200,0.8,0.5,0.2,0.5,66.01237483978271,2.7422447377563612,23239.32646459022,1.7349324530223384,0.00860610139905475
Standard_GA_Ablation,schaffers_f7,50,128,200,0.8,0.5,0.2,0.7,66.01237483978271,2.7422447377563612,23147.42709971727,1.7608243110007606,0.008640269138268195
Standard_GA_Ablation,schaffers_f7,50,128,200,0.8,0.5,0.2,0.8,66.01237483978271,2.7422447377563612,22998.01888928399,1.7742766400042456,0.008696401240595151
Standard_GA_Ablation,schaffers_f7,50,128,200,0.8,0.5,0.2,0.9,66.01237483978271,2.7422447377563612,22798.34888686435,1.725586843007477,0.008772565109538846
Standard_GA_Ablation,schaffers_f7,50,128,200,0.8,0.5,0.2,1.0,66.01237483978271,2.7422447377563612,23040.847086654245,1.7639482759987004,0.00868023641873151
Standard_GA_Ablation,schaffers_f7,50,128,200,0.8,0.5,0.4,0.5,66.01237483978271,2.7422447377563612,22779.834398658426,1.7193457589892205,0.00877969508030219
Standard_GA_Ablation,schaffers_f7,50,128,200,0.8,0.5,0.4,0.7,66.01237483978271,2.7422447377563612,23023.961322561252,1.784543082001619,0.008686602500674781
Standard_GA_Ablation,schaffers_f7,50,128,200,0.8,0.5,0.4,0.8,66.01237483978271,2.7422447377563612,22889.93634426744,1.7300486259919126,0.008737464228470344
Standard_GA_Ablation,schaffers_f7,50,128,200,0.8,0.5,0.4,0.9,66.01237483978271,2.7422447377563612,23380.06582030608,1.7091369059926365,0.008554295849171467
Standard_GA_Ablation,schaffers_f7,50,128,200,0.8,0.5,0.4,1.0,66.01237483978271,2.7422447377563612,23277.520298905856,1.7423189659893978,0.00859198047866812
Standard_GA_Ablation,schaffers_f7,50,128,200,0.8,0.5,0.3,0.5,66.01237483978271,2.7422447377563612,23204.019694490366,1.7425668410141952,0.008619196270010433
Standard_GA_Ablation,schaffers_f7,50,128,200,0.8,0.5,0.3,0.7,66.01237483978271,2.7422447377563612,23230.654858365568,1.730759477999527,0.008609313909546472
Standard_GA_Ablation,schaffers_f7,50,128,200,0.8,0.5,0.3,0.8,66.01237483978271,2.7422447377563612,23143.735626582704,1.741881005000323,0.008641647278855089
Standard_GA_Ablation,schaffers_f7,50,128,200,0.8,0.5,0.3,0.9,66.01237483978271,2.7422447377563612,23058.097176719395,1.7237405380001292,0.008673742610553745
Standard_GA_Ablation,schaffers_f7,50,128,200,0.8,0.5,0.3,1.0,66.01237483978271,2.7422447377563612,23435.937230400526,1.7463386850140523,0.00853390235832194
Standard_GA_Ablation,schaffers_f7,50,128,200,0.8,0.5,0.6,0.5,66.01237483978271,2.7422447377563612,23869.954149622576,1.7625859130057506,0.00837873415031936
Standard_GA_Ablation,schaffers_f7,50,128,200,0.8,0.5,0.6,0.7,66.01237483978271,2.7422447377563612,23665.132358796567,1.804314050998073,0.008451252119266428
Standard_GA_Ablation,schaffers_f7,50,128,200,0.8,0.5,0.6,0.8,66.01237483978271,2.7422447377563612,23657.21029991715,1.7741972579970025,0.008454082178941462
Standard_GA_Ablation,schaffers_f7,50,128,200,0.8,0.5,0.6,0.9,66.01237483978271,2.7422447377563612,23657.257334263126,1.7899355730041862,0.008454065370897297
Standard_GA_Ablation,schaffers_f7,50,128,200,0.8,0.5,0.6,1.0,66.01237483978271,2.7422447377563612,23596.41542906864,1.7821802319958806,0.008475863658240997
Standard_GA_Ablation,schaffers_f7,50,128,200,0.8,0.5,0.7,0.5,66.01237483978271,2.7422447377563612,23973.83430308784,1.8313649999909103,0.008342428560717962
Standard_GA_Ablation,schaffers_f7,50,128,200,0.8,0.5,0.7,0.7,66.01237483978271,2.7422447377563612,23930.860879374577,1.8795779649808537,0.008357409330492373
Standard_GA_Ablation,schaffers_f7,50,128,200,0.8,0.5,0.7,0.8,66.01237483978271,2.7422447377563612,23741.034741886757,1.8295662129821721,0.00842423264926765
Standard_GA_Ablation,schaffers_f7,50,128,200,0.8,0.5,0.7,0.9,66.01237483978271,2.7422447377563612,23830.594996133867,1.8694988600036595,0.008392572658485732
Standard_GA_Ablation,schaffers_f7,50,128,200,0.8,0.5,0.7,1.0,66.01237483978271,2.7422447377563612,23715.82197013747,1.84924109900021,0.00843318862200249
Standard_GA_Ablation,schaffers_f7,50,128,200,0.8,0.8,0.5,0.5,66.01237483978271,2.7422447377563612,21125.911337840662,1.6448186119960155,0.009467047210491727
Standard_GA_Ablation,schaffers_f7,50,128,200,0.8,0.8,0.5,0.7,66.01237483978271,2.7422447377563612,21102.54634200011,1.6004907099995762,0.009477529240248259
Standard_GA_Ablation,schaffers_f7,50,128,200,0.8,0.8,0.5,0.8,66.01237483978271,2.7422447377563612,21141.48818007747,1.6599488210049458,0.009460071982466615
Standard_GA_Ablation,schaffers_f7,50,128,200,0.8,0.8,0.5,0.9,66.01237483978271,2.7422447377563612,21014.887581058516,1.6480950309778564,0.009517062569502742
Standard_GA_Ablation,schaffers_f7,50,128,200,0.8,0.8,0.5,1.0,66.01237483978271,2.7422447377563612,21223.500188116614,1.678376808995381,0.009423516301612835
Standard_GA_Ablation,schaffers_f7,50,128,200,0.8,0.8,0.2,0.5,66.01237483978271,2.7422447377563612,22981.287589759944,1.7326616839854978,0.008702732569654472
Standard_GA_Ablation,schaffers_f7,50,128,200,0.8,0.8,0.2,0.7,66.01237483978271,2.7422447377563612,22961.301905474913,1.7159995560068637,0.008710307491419371
Standard_GA_Ablation,schaffers_f7,50,128,200,0.8,0.8,0.2,0.8,66.01237483978271,2.7422447377563612,23167.605503972176,1.7241224940225948,0.008632743680209387
Standard_GA_Ablation,schaffers_f7,50,128,200,0.8,0.8,0.2,0.9,66.01237483978271,2.7422447377563612,23127.40989864724,1.7204056789923925,0.008647747451032046
Standard_GA_Ablation,schaffers_f7,50,128,200,0.8,0.8,0.2,1.0,66.01237483978271,2.7422447377563612,23014.465429980202,1.72132320899982,0.008690186639723834
Standard_GA_Ablation,schaffers_f7,50,128,200,0.8,0.8,0.4,0.5,66.01237483978271,2.7422447377563612,23027.19646936679,1.7392061889986508,0.008685382098774426
Standard_GA_Ablation,schaffers_f7,50,128,200,0.8,0.8,0.4,0.7,66.01237483978271,2.7422447377563612,22879.472231541054,1.720128888002364,0.008741460378805641
Standard_GA_Ablation,schaffers_f7,50,128,200,0.8,0.8,0.4,0.8,66.01237483978271,2.7422447377563612,23136.29746463958,1.722053000004962,0.008644425509555732
Standard_GA_Ablation,schaffers_f7,50,128,200,0.8,0.8,0.4,0.9,66.01237483978271,2.7422447377563612,23033.310277340413,1.772604172991123,0.008683076708985027
Standard_GA_Ablation,schaffers_f7,50,128,200,0.8,0.8,0.4,1.0,66.01237483978271,2.7422447377563612,23150.723347091352,1.7170790639938787,0.00863903891906375
Standard_GA_Ablation,schaffers_f7,50,128,200,0.8,0.8,0.3,0.5,66.01237483978271,2.7422447377563612,23231.713160489013,1.7338162350060884,0.008608921719132922
Standard_GA_Ablation,schaffers_f7,50,128,200,0.8,0.8,0.3,0.7,66.01237483978271,2.7422447377563612,23060.91110090867,1.7190795360074844,0.00867268422851339
Standard_GA_Ablation,schaffers_f7,50,128,200,0.8,0.8,0.3,0.8,66.01237483978271,2.7422447377563612,23152.282136552185,1.7496780899818987,0.00863845727260923
Standard_GA_Ablation,schaffers_f7,50,128,200,0.8,0.8,0.3,0.9,66.01237483978271,2.7422447377563612,23101.659217622244,1.755210929986788,0.008657386818667874
Standard_GA_Ablation,schaffers_f7,50,128,200,0.8,0.8,0.3,1.0,66.01237483978271,2.7422447377563612,23128.293393088985,1.7306424220150802,0.008647417109459639
Standard_GA_Ablation,schaffers_f7,50,128,200,0.8,0.8,0.6,0.5,66.01237483978271,2.7422447377563612,23705.834208515935,1.7556384119961876,0.008436741699988488
Standard_GA_Ablation,schaffers_f7,50,128,200,0.8,0.8,0.6,0.7,66.01237483978271,2.7422447377563612,23383.74148166231,1.7710032839968335,0.008552951210003813
Standard_GA_Ablation,schaffers_f7,50,128,200,0.8,0.8,0.6,0.8,66.01237483978271,2.7422447377563612,23521.167462507707,1.7680949630157556,0.008502979298064019
Standard_GA_Ablation,schaffers_f7,50,128,200,0.8,0.8,0.6,0.9,66.01237483978271,2.7422447377563612,23623.12787885294,1.7787754219898488,0.00846627936087316
Standard_GA_Ablation,schaffers_f7,50,128,200,0.8,0.8,0.6,1.0,66.01237483978271,2.7422447377563612,23652.948496652873,1.7649993879895192,0.008455605440831277
Standard_GA_Ablation,schaffers_f7,50,128,200,0.8,0.8,0.7,0.5,66.01237483978271,2.7422447377563612,23468.5025493461,4.206085715006338,0.008522060560935643
Standard_GA_Ablation,schaffers_f7,50,128,200,0.8,0.8,0.7,0.7,66.01237483978271,2.7422447377563612,23326.84993294265,1.851364387985086,0.008573810890666209
Standard_GA_Ablation,schaffers_f7,50,128,200,0.8,0.8,0.7,0.8,66.01237483978271,2.7422447377563612,23326.126605340043,1.8426919780031312,0.008574076758814045
Standard_GA_Ablation,schaffers_f7,50,128,200,0.8,0.8,0.7,0.9,66.01237483978271,2.7422447377563612,23380.715210799444,1.8282242350105662,0.008554058256850112
Standard_GA_Ablation,schaffers_f7,50,128,200,0.8,0.8,0.7,1.0,66.01237483978271,2.7422447377563612,23499.68632183563,1.818713950982783,0.008510751899448223
Standard_GA_Ablation,schaffers_f7,50,128,200,0.8,1.0,0.5,0.5,66.01237483978271,2.7422447377563612,21159.25135468167,1.643531976005761,0.009452130259596743
Standard_GA_Ablation,schaffers_f7,50,128,200,0.8,1.0,0.5,0.7,66.01237483978271,2.7422447377563612,21071.007761136272,1.5783460940001532,0.00949171497952193
Standard_GA_Ablation,schaffers_f7,50,128,200,0.8,1.0,0.5,0.8,66.01237483978271,2.7422447377563612,21021.134351630764,1.6019719780015294,0.009514234420203138
Standard_GA_Ablation,schaffers_f7,50,128,200,0.8,1.0,0.5,0.9,66.01237483978271,2.7422447377563612,21024.48853229907,1.6038611039984971,0.009512716549215839
Standard_GA_Ablation,schaffers_f7,50,128,200,0.8,1.0,0.5,1.0,66.01237483978271,2.7422447377563612,21034.379332929475,1.6443430869840086,0.009508243472955655
Standard_GA_Ablation,schaffers_f7,50,128,200,0.8,1.0,0.2,0.5,66.01237483978271,2.7422447377563612,23082.33828644585,1.7410937270033173,0.008664633431762922
Standard_GA_Ablation,schaffers_f7,50,128,200,0.8,1.0,0.2,0.7,66.01237483978271,2.7422447377563612,23188.35119281528,1.7214127999905031,0.008625020310282706
Standard_GA_Ablation,schaffers_f7,50,128,200,0.8,1.0,0.2,0.8,66.01237483978271,2.7422447377563612,22801.691694450663,1.785022549011046,0.008771279020875227
Standard_GA_Ablation,schaffers_f7,50,128,200,0.8,1.0,0.2,0.9,66.01237483978271,2.7422447377563612,22956.900505472357,1.7258670830051415,0.00871197747066617
Standard_GA_Ablation,schaffers_f7,50,128,200,0.8,1.0,0.2,1.0,66.01237483978271,2.7422447377563612,22857.16793369592,1.743735725991428,0.008749990400392562
Standard_GA_Ablation,schaffers_f7,50,128,200,0.8,1.0,0.4,0.5,66.01237483978271,2.7422447377563612,23010.49864995238,1.7281437939964235,0.008691684741061181
Standard_GA_Ablation,schaffers_f7,50,128,200,0.8,1.0,0.4,0.7,66.01237483978271,2.7422447377563612,22815.13794311704,1.729680428019492,0.008766109611024149
Standard_GA_Ablation,schaffers_f7,50,128,200,0.8,1.0,0.4,0.8,66.01237483978271,2.7422447377563612,22948.97820733548,1.75949648002279,0.008714984963298776
Standard_GA_Ablation,schaffers_f7,50,128,200,0.8,1.0,0.4,0.9,66.01237483978271,2.7422447377563612,22895.08351379567,1.771736080001574,0.00873549991112668
Standard_GA_Ablation,schaffers_f7,50,128,200,0.8,1.0,0.4,1.0,66.01237483978271,2.7422447377563612,23148.499824738145,1.7446485680120531,0.008639868739410304
Standard_GA_Ablation,schaffers_f7,50,128,200,0.8,1.0,0.3,0.5,66.01237483978271,2.7422447377563612,23079.46576972914,1.7452407429809682,0.008665711849462241
Standard_GA_Ablation,schaffers_f7,50,128,200,0.8,1.0,0.3,0.7,66.01237483978271,2.7422447377563612,23002.580237515867,1.7287013599998318,0.00869467676820932
Standard_GA_Ablation,schaffers_f7,50,128,200,0.8,1.0,0.3,0.8,66.01237483978271,2.7422447377563612,23108.35542977275,1.7888139360002242,0.008654878128727433
Standard_GA_Ablation,schaffers_f7,50,128,200,0.8,1.0,0.3,0.9,66.01237483978271,2.7422447377563612,22994.59744120136,1.7678739549883176,0.008697695209120867
Standard_GA_Ablation,schaffers_f7,50,128,200,0.8,1.0,0.3,1.0,66.01237483978271,2.7422447377563612,23110.12205085922,1.7316733170009684,0.008654216518625617
Standard_GA_Ablation,schaffers_f7,50,128,200,0.8,1.0,0.6,0.5,66.01237483978271,2.7422447377563612,23881.977178394205,1.7757345300051384,0.008374516000330914
Standard_GA_Ablation,schaffers_f7,50,128,200,0.8,1.0,0.6,0.7,66.01237483978271,2.7422447377563612,23638.202977931298,1.7878889979911037,0.008460880050261039
Standard_GA_Ablation,schaffers_f7,50,128,200,0.8,1.0,0.6,0.8,66.01237483978271,2.7422447377563612,23738.850626366042,1.7522511460119858,0.008425007728801575
Standard_GA_Ablation,schaffers_f7,50,128,200,0.8,1.0,0.6,0.9,66.01237483978271,2.7422447377563612,23450.094002151087,1.7649384929973166,0.00852875045966357
Standard_GA_Ablation,schaffers_f7,50,128,200,0.8,1.0,0.6,1.0,66.01237483978271,2.7422447377563612,24217.92008339219,1.7799533899815287,0.008258347509254235
Standard_GA_Ablation,schaffers_f7,50,128,200,0.8,1.0,0.7,0.5,66.01237483978271,2.7422447377563612,23581.352861578718,1.868941257998813,0.008481277608370873
Standard_GA_Ablation,schaffers_f7,50,128,200,0.8,1.0,0.7,0.7,66.01237483978271,2.7422447377563612,23608.146375315846,1.8360933740041219,0.008471651980653406
Standard_GA_Ablation,schaffers_f7,50,128,200,0.8,1.0,0.7,0.8,66.01237483978271,2.7422447377563612,23541.560315379364,1.8909509399964008,0.008495613600825892
Standard_GA_Ablation,schaffers_f7,50,128,200,0.8,1.0,0.7,0.9,66.01237483978271,2.7422447377563612,23606.48460658582,1.8493155629839748,0.008472248339094221
Standard_GA_Ablation,schaffers_f7,50,128,200,0.8,1.0,0.7,1.0,66.01237483978271,2.7422447377563612,23624.010165546457,1.8260837029956747,0.008465963170456234
Standard_GA_Ablation,schaffers_f7,50,128,200,0.9,0.5,0.5,0.5,66.01237483978271,2.7422447377563612,21135.642275512957,1.642812022997532,0.009462688542553223
Standard_GA_Ablation,schaffers_f7,50,128,200,0.9,0.5,0.5,0.7,66.01237483978271,2.7422447377563612,21184.084887120163,1.6346628100145608,0.009441049781744369
Standard_GA_Ablation,schaffers_f7,50,128,200,0.9,0.5,0.5,0.8,66.01237483978271,2.7422447377563612,21132.092225995635,1.6275337199913338,0.009464278210652993
Standard_GA_Ablation,schaffers_f7,50,128,200,0.9,0.5,0.5,0.9,66.01237483978271,2.7422447377563612,21197.19288336722,1.5939272269897629,0.009435211591480766
Standard_GA_Ablation,schaffers_f7,50,128,200,0.9,0.5,0.5,1.0,66.01237483978271,2.7422447377563612,21255.286910461593,1.6064157399814576,0.009409423680917826
Standard_GA_Ablation,schaffers_f7,50,128,200,0.9,0.5,0.2,0.5,66.01237483978271,2.7422447377563612,23274.73783285042,1.779111843003193,0.008593007639283314
Standard_GA_Ablation,schaffers_f7,50,128,200,0.9,0.5,0.2,0.7,66.01237483978271,2.7422447377563612,23091.476481661786,1.7131595679966267,0.00866120449936716
Standard_GA_Ablation,schaffers_f7,50,128,200,0.9,0.5,0.2,0.8,66.01237483978271,2.7422447377563612,23293.17799959547,1.7496621960017364,0.008586204939638265
Standard_GA_Ablation,schaffers_f7,50,128,200,0.9,0.5,0.2,0.9,66.01237483978271,2.7422447377563612,22942.45736305419,1.7320934259914793,0.008717461989144795
Standard_GA_Ablation,schaffers_f7,50,128,200,0.9,0.5,0.2,1.0,66.01237483978271,2.7422447377563612,23311.35371723563,1.753724374982994,0.008579510329000187
Standard_GA_Ablation,schaffers_f7,50,128,200,0.9,0.5,0.4,0.5,66.01237483978271,2.7422447377563612,23030.535577436916,1.7351163940038532,0.008684122838894836
Standard_GA_Ablation,schaffers_f7,50,128,200,0.9,0.5,0.4,0.7,66.01237483978271,2.7422447377563612,22949.577594888426,1.7112309410003945,0.008714757348934654
Standard_GA_Ablation,schaffers_f7,50,128,200,0.9,0.5,0.4,0.8,66.01237483978271,2.7422447377563612,22929.819977942265,1.6942378520034254,0.008722266471886541
Standard_GA_Ablation,schaffers_f7,50,128,200,0.9,0.5,0.4,0.9,66.01237483978271,2.7422447377563612,23163.127887588384,1.7754916419798974,0.008634412458050064
Standard_GA_Ablation,schaffers_f7,50,128,200,0.9,0.5,0.4,1.0,66.01237483978271,2.7422447377563612,23022.73183967399,1.7987521729955915,0.008687066391285043
Standard_GA_Ablation,schaffers_f7,50,128,200,0.9,0.5,0.3,0.5,66.01237483978271,2.7422447377563612,23008.012599959686,1.766971349978121,0.008692623890528921
Standard_GA_Ablation,schaffers_f7,50,128,200,0.9,0.5,0.3,0.7,66.01237483978271,2.7422447377563612,22935.705673067372,1.7580065660004038,0.008720028188836295
Standard_GA_Ablation,schaffers_f7,50,128,200,0.9,0.5,0.3,0.8,66.01237483978271,2.7422447377563612,23124.33337683238,1.7571783869934734,0.008648897969978862
Standard_GA_Ablation,schaffers_f7,50,128,200,0.9,0.5,0.3,0.9,66.01237483978271,2.7422447377563612,23044.555958620454,1.7396085840009619,0.008678839390922804
Standard_GA_Ablation,schaffers_f7,50,128,200,0.9,0.5,0.3,1.0,66.01237483978271,2.7422447377563612,23036.79101449008,1.7214102840225678,0.008681764742068481
Standard_GA_Ablation,schaffers_f7,50,128,200,0.9,0.5,0.6,0.5,66.01237483978271,2.7422447377563612,23714.063100451574,1.793845906999195,0.00843381411075825
Standard_GA_Ablation,schaffers_f7,50,128,200,0.9,0.5,0.6,0.7,66.01237483978271,2.7422447377563612,23808.105213579704,1.8305154429981485,0.00840050051047001
Standard_GA_Ablation,schaffers_f7,50,128,200,0.9,0.5,0.6,0.8,66.01237483978271,2.7422447377563612,23675.522516200046,1.7746005449735094,0.00844754323217785
Standard_GA_Ablation,schaffers_f7,50,128,200,0.9,0.5,0.6,0.9,66.01237483978271,2.7422447377563612,23668.385450616297,1.7550999469822273,0.008450090540281962
Standard_GA_Ablation,schaffers_f7,50,128,200,0.9,0.5,0.6,1.0,66.01237483978271,2.7422447377563612,23670.90555100374,1.7949808120029047,0.008449190909450408
Standard_GA_Ablation,schaffers_f7,50,128,200,0.9,0.5,0.7,0.5,66.01237483978271,2.7422447377563612,23528.586021378753,1.8787994919985067,0.008500298310245853
Standard_GA_Ablation,schaffers_f7,50,128,200,0.9,0.5,0.7,0.7,66.01237483978271,2.7422447377563612,23623.01197308464,1.8970117960125208,0.008466320900479331
Standard_GA_Ablation,schaffers_f7,50,128,200,0.9,0.5,0.7,0.8,66.01237483978271,2.7422447377563612,23625.512650316774,1.8735631259914953,0.008465424770256504
Standard_GA_Ablation,schaffers_f7,50,128,200,0.9,0.5,0.7,0.9,66.01237483978271,2.7422447377563612,23630.76202329596,1.8421340770146344,0.008463544248079415
Standard_GA_Ablation,schaffers_f7,50,128,200,0.9,0.5,0.7,1.0,66.01237483978271,2.7422447377563612,23964.53300029444,1.8919038189924322,0.00834566648962209
Standard_GA_Ablation,schaffers_f7,50,128,200,0.9,0.8,0.5,0.5,66.01237483978271,2.7422447377563612,21124.113042398192,1.600630494998768,0.009467853140085936
Standard_GA_Ablation,schaffers_f7,50,128,200,0.9,0.8,0.5,0.7,66.01237483978271,2.7422447377563612,20972.791298821783,1.612596929015126,0.009536165079334752
Standard_GA_Ablation,schaffers_f7,50,128,200,0.9,0.8,0.5,0.8,66.01237483978271,2.7422447377563612,20888.48309201164,1.6365134490188211,0.009574654086609371
Standard_GA_Ablation,schaffers_f7,50,128,200,0.9,0.8,0.5,0.9,66.01237483978271,2.7422447377563612,21073.643752908243,1.6846943020063918,0.009490527710586321
Standard_GA_Ablation,schaffers_f7,50,128,200,0.9,0.8,0.5,1.0,66.01237483978271,2.7422447377563612,21269.660111519854,1.6602722840034403,0.009403065161895938
Standard_GA_Ablation,schaffers_f7,50,128,200,0.9,0.8,0.2,0.5,66.01237483978271,2.7422447377563612,23435.324671784954,1.7261089539970271,0.008534125419682823
Standard_GA_Ablation,schaffers_f7,50,128,200,0.9,0.8,0.2,0.7,66.01237483978271,2.7422447377563612,23437.889944990482,1.7262068349809851,0.008533191361057107
Standard_GA_Ablation,schaffers_f7,50,128,200,0.9,0.8,0.2,0.8,66.01237483978271,2.7422447377563612,23189.635695914894,1.771372466988396,0.008624542559555266
Standard_GA_Ablation,schaffers_f7,50,128,200,0.9,0.8,0.2,0.9,66.01237483978271,2.7422447377563612,23014.612152183985,1.7752471170097124,0.008690131238254253
Standard_GA_Ablation,schaffers_f7,50,128,200,0.9,0.8,0.2,1.0,66.01237483978271,2.7422447377563612,23318.035142892946,1.7766091279918328,0.008577052001783159
Standard_GA_Ablation,schaffers_f7,50,128,200,0.9,0.8,0.4,0.5,66.01237483978271,2.7422447377563612,22996.434941190888,1.776110056991456,0.008697000231186393
Standard_GA_Ablation,schaffers_f7,50,128,200,0.9,0.8,0.4,0.7,66.01237483978271,2.7422447377563612,23547.264720486848,1.7680169589875732,0.008493555509485304
Standard_GA_Ablation,schaffers_f7,50,128,200,0.9,0.8,0.4,0.8,66.01237483978271,2.7422447377563612,23185.158024569908,1.763022106984863,0.008626208188361488
Standard_GA_Ablation,schaffers_f7,50,128,200,0.9,0.8,0.4,0.9,66.01237483978271,2.7422447377563612,23240.079473822938,1.7644489599915687,0.008605822550016455
Standard_GA_Ablation,schaffers_f7,50,128,200,0.9,0.8,0.4,1.0,66.01237483978271,2.7422447377563612,23195.5290984166,1.7644038790022023,0.008622351279482245
Standard_GA_Ablation,schaffers_f7,50,128,200,0.9,0.8,0.3,0.5,66.01237483978271,2.7422447377563612,22730.08885361133,1.760728029999882,0.008798909730976447
Standard_GA_Ablation,schaffers_f7,50,128,200,0.9,0.8,0.3,0.7,66.01237483978271,2.7422447377563612,22899.240007171353,1.7313841829891317,0.008733914310578256
Standard_GA_Ablation,schaffers_f7,50,128,200,0.9,0.8,0.3,0.8,66.01237483978271,2.7422447377563612,22788.664119136218,1.7598385789897293,0.008776293290138711
Standard_GA_Ablation,schaffers_f7,50,128,200,0.9,0.8,0.3,0.9,66.01237483978271,2.7422447377563612,22870.440651866775,1.7194964649970643,0.008744912397814915
Standard_GA_Ablation,schaffers_f7,50,128,200,0.9,0.8,0.3,1.0,66.01237483978271,2.7422447377563612,22951.280766999756,1.7341110749985091,0.008714110642904416
Standard_GA_Ablation,schaffers_f7,50,128,200,0.9,0.8,0.6,0.5,66.01237483978271,2.7422447377563612,23533.99350600545,1.7628943920135498,0.008498345168191009
Standard_GA_Ablation,schaffers_f7,50,128,200,0.9,0.8,0.6,0.7,66.01237483978271,2.7422447377563612,23749.830674807836,1.7966133810114115,0.008421112669748255
Standard_GA_Ablation,schaffers_f7,50,128,200,0.9,0.8,0.6,0.8,66.01237483978271,2.7422447377563612,23812.073856260853,1.800862234988017,0.008399100439855828
Standard_GA_Ablation,schaffers_f7,50,128,200,0.9,0.8,0.6,0.9,66.01237483978271,2.7422447377563612,23762.861726399216,1.7905416830035392,0.008416494709381368
Standard_GA_Ablation,schaffers_f7,50,128,200,0.9,0.8,0.6,1.0,66.01237483978271,2.7422447377563612,24024.654586967918,1.79230492800707,0.008324781497940421
Standard_GA_Ablation,schaffers_f7,50,128,200,0.9,0.8,0.7,0.5,66.01237483978271,2.7422447377563612,23834.91497475887,1.8538335369958077,0.008391051539801993
Standard_GA_Ablation,schaffers_f7,50,128,200,0.9,0.8,0.7,0.7,66.01237483978271,2.7422447377563612,23831.04974671447,1.7987167560204398,0.008392412509128916
Standard_GA_Ablation,schaffers_f7,50,128,200,0.9,0.8,0.7,0.8,66.01237483978271,2.7422447377563612,23833.034812097136,4.294852610008093,0.008391713500896004
Standard_GA_Ablation,schaffers_f7,50,128,200,0.9,0.8,0.7,0.9,66.01237483978271,2.7422447377563612,23628.926991822394,1.8484136770130135,0.008464201530150603
Standard_GA_Ablation,schaffers_f7,50,128,200,0.9,0.8,0.7,1.0,66.01237483978271,2.7422447377563612,23775.162046584435,1.895943111012457,0.00841214035084704
Standard_GA_Ablation,schaffers_f7,50,128,200,0.9,1.0,0.5,0.5,66.01237483978271,2.7422447377563612,21047.99875779058,1.5896144180151168,0.009502091020694934
Standard_GA_Ablation,schaffers_f7,50,128,200,0.9,1.0,0.5,0.7,66.01237483978271,2.7422447377563612,21101.428364001233,1.6482259650074411,0.009478031370672397
Standard_GA_Ablation,schaffers_f7,50,128,200,0.9,1.0,0.5,0.8,66.01237483978271,2.7422447377563612,21204.220955027322,1.6372687369876076,0.009432084320578724
Standard_GA_Ablation,schaffers_f7,50,128,200,0.9,1.0,0.5,0.9,66.01237483978271,2.7422447377563612,21052.010059182598,1.6303837269952055,0.009500280469073913
Standard_GA_Ablation,schaffers_f7,50,128,200,0.9,1.0,0.5,1.0,66.01237483978271,2.7422447377563612,21192.581300474656,1.622250532003818,0.009437264727894216
Standard_GA_Ablation,schaffers_f7,50,128,200,0.9,1.0,0.2,0.5,66.01237483978271,2.7422447377563612,22901.77921032359,1.7409487960103434,0.008732945949886925
Standard_GA_Ablation,schaffers_f7,50,128,200,0.9,1.0,0.2,0.7,66.01237483978271,2.7422447377563612,22998.81503081482,1.735552515980089,0.008696100200468208
Standard_GA_Ablation,schaffers_f7,50,128,200,0.9,1.0,0.2,0.8,66.01237483978271,2.7422447377563612,22869.558572979808,1.7189366640232038,0.008745249689090996
Standard_GA_Ablation,schaffers_f7,50,128,200,0.9,1.0,0.2,0.9,66.01237483978271,2.7422447377563612,23058.55868286618,1.71564468901488,0.00867356900969753
Standard_GA_Ablation,schaffers_f7,50,128,200,0.9,1.0,0.2,1.0,66.01237483978271,2.7422447377563612,23235.049600281676,1.723567589011509,0.008607685519964435
Standard_GA_Ablation,schaffers_f7,50,128,200,0.9,1.0,0.4,0.5,66.01237483978271,2.7422447377563612,23525.821777840396,1.7038511120190378,0.008501297080656514
Standard_GA_Ablation,schaffers_f7,50,128,200,0.9,1.0,0.4,0.7,66.01237483978271,2.7422447377563612,23345.300567282397,1.7760401660052594,0.008567034698207862
Standard_GA_Ablation,schaffers_f7,50,128,200,0.9,1.0,0.4,0.8,66.01237483978271,2.7422447377563612,23226.748753392432,1.737906252994435,0.008610761761083267
Standard_GA_Ablation,schaffers_f7,50,128,200,0.9,1.0,0.4,0.9,66.01237483978271,2.7422447377563612,23397.809570241912,1.7208321950165555,0.008547808691218961
Standard_GA_Ablation,schaffers_f7,50,128,200,0.9,1.0,0.4,1.0,66.01237483978271,2.7422447377563612,23411.458666332703,1.7409710880019702,0.008542825240001549
Standard_GA_Ablation,schaffers_f7,50,128,200,0.9,1.0,0.3,0.5,66.01237483978271,2.7422447377563612,23077.72330126353,1.7270092340186238,0.008666366148390807
Standard_GA_Ablation,schaffers_f7,50,128,200,0.9,1.0,0.3,0.7,66.01237483978271,2.7422447377563612,22979.574330347456,1.7143874949833844,0.008703381408413407
Standard_GA_Ablation,schaffers_f7,50,128,200,0.9,1.0,0.3,0.8,66.01237483978271,2.7422447377563612,22920.757919539657,1.7287840950011741,0.008725714948086534
Standard_GA_Ablation,schaffers_f7,50,128,200,0.9,1.0,0.3,0.9,66.01237483978271,2.7422447377563612,23208.656397290186,1.7660492779978085,0.008617474298225715
Standard_GA_Ablation,schaffers_f7,50,128,200,0.9,1.0,0.3,1.0,66.01237483978271,2.7422447377563612,23393.69647831487,1.721244343003491,0.008549311571405269
Standard_GA_Ablation,schaffers_f7,50,128,200,0.9,1.0,0.6,0.5,66.01237483978271,2.7422447377563612,23689.822266318395,1.7912065249984153,0.008442444090615026
Standard_GA_Ablation,schaffers_f7,50,128,200,0.9,1.0,0.6,0.7,66.01237483978271,2.7422447377563612,23598.518997428127,1.7943208380020224,0.00847510812105611
Standard_GA_Ablation,schaffers_f7,50,128,200,0.9,1.0,0.6,0.8,66.01237483978271,2.7422447377563612,23875.247590582658,1.7731465069809929,0.008376876480178907
Standard_GA_Ablation,schaffers_f7,50,128,200,0.9,1.0,0.6,0.9,66.01237483978271,2.7422447377563612,24148.527624200335,1.7648977740027476,0.008282078440242913
Standard_GA_Ablation,schaffers_f7,50,128,200,0.9,1.0,0.6,1.0,66.01237483978271,2.7422447377563612,23932.628782590866,1.7655826379777864,0.008356791968690231
Standard_GA_Ablation,schaffers_f7,50,128,200,0.9,1.0,0.7,0.5,66.01237483978271,2.7422447377563612,23934.431300328706,1.8987791550171096,0.008356162613199557
Standard_GA_Ablation,schaffers_f7,50,128,200,0.9,1.0,0.7,0.7,66.01237483978271,2.7422447377563612,24241.276861651633,1.8645744759996887,0.008250390486500692
Standard_GA_Ablation,schaffers_f7,50,128,200,0.9,1.0,0.7,0.8,66.01237483978271,2.7422447377563612,23913.845600300334,1.8899177860002965,0.00836335582920583
Standard_GA_Ablation,schaffers_f7,50,128,200,0.9,1.0,0.7,0.9,66.01237483978271,2.7422447377563612,23934.78291499479,1.8591775270178914,0.00835603985673515
Standard_GA_Ablation,schaffers_f7,50,128,200,0.9,1.0,0.7,1.0,66.01237483978271,2.7422447377563612,23691.11696370329,1.8724212390079629,0.008441982718941289
Standard_GA_Ablation,schaffers_f7,50,128,200,1.0,0.5,0.5,0.5,66.01237483978271,2.7422447377563612,21334.360065466833,1.6263769560027868,0.009374548821069766
Standard_GA_Ablation,schaffers_f7,50,128,200,1.0,0.5,0.5,0.7,66.01237483978271,2.7422447377563612,21404.437871792827,1.6409265590191353,0.009343856689811218
Standard_GA_Ablation,schaffers_f7,50,128,200,1.0,0.5,0.5,0.8,66.01237483978271,2.7422447377563612,21246.943329490125,1.6463785890082363,0.009413118720112834
Standard_GA_Ablation,schaffers_f7,50,128,200,1.0,0.5,0.5,0.9,66.01237483978271,2.7422447377563612,21209.67156149399,1.6419840680027846,0.009429660399036947
Standard_GA_Ablation,schaffers_f7,50,128,200,1.0,0.5,0.5,1.0,66.01237483978271,2.7422447377563612,21356.52843686418,1.6153507820272353,0.009364817909954581
Standard_GA_Ablation,schaffers_f7,50,128,200,1.0,0.5,0.2,0.5,66.01237483978271,2.7422447377563612,23276.145962706894,1.7010841529991012,0.008592487790738233
Standard_GA_Ablation,schaffers_f7,50,128,200,1.0,0.5,0.2,0.7,66.01237483978271,2.7422447377563612,23169.967181565495,1.7448664949915837,0.008631863758491818
Standard_GA_Ablation,schaffers_f7,50,128,200,1.0,0.5,0.2,0.8,66.01237483978271,2.7422447377563612,22999.83036314486,1.7335224880080204,0.008695716309302952
Standard_GA_Ablation,schaffers_f7,50,128,200,1.0,0.5,0.2,0.9,66.01237483978271,2.7422447377563612,22915.477338306646,1.791617907001637,0.00872772567847278
Standard_GA_Ablation,schaffers_f7,50,128,200,1.0,0.5,0.2,1.0,66.01237483978271,2.7422447377563612,23403.413124063532,1.7347928039962426,0.008545762062130962
Standard_GA_Ablation,schaffers_f7,50,128,200,1.0,0.5,0.4,0.5,66.01237483978271,2.7422447377563612,23152.640747057732,1.7426339969970286,0.008638323471823242
Standard_GA_Ablation,schaffers_f7,50,128,200,1.0,0.5,0.4,0.7,66.01237483978271,2.7422447377563612,23279.42581455232,1.749893731001066,0.00859127719013486
Standard_GA_Ablation,schaffers_f7,50,128,200,1.0,0.5,0.4,0.8,66.01237483978271,2.7422447377563612,22871.545970858722,1.750934243988013,0.008744489780219737
Standard_GA_Ablation,schaffers_f7,50,128,200,1.0,0.5,0.4,0.9,66.01237483978271,2.7422447377563612,22968.51664358172,1.767139011004474,0.0087075714598177
Standard_GA_Ablation,schaffers_f7,50,128,200,1.0,0.5,0.4,1.0,66.01237483978271,2.7422447377563612,23180.784813603124,1.7404276960005518,0.008627835580555257
Standard_GA_Ablation,schaffers_f7,50,128,200,1.0,0.5,0.3,0.5,66.01237483978271,2.7422447377563612,22938.01193563218,1.7279501099837944,0.008719151448749471
Standard_GA_Ablation,schaffers_f7,50,128,200,1.0,0.5,0.3,0.7,66.01237483978271,2.7422447377563612,23077.594174059515,1.7830600709712598,0.008666414639737923
Standard_GA_Ablation,schaffers_f7,50,128,200,1.0,0.5,0.3,0.8,66.01237483978271,2.7422447377563612,23026.933680917347,1.7538992070185486,0.008685481218271889
Standard_GA_Ablation,schaffers_f7,50,128,200,1.0,0.5,0.3,0.9,66.01237483978271,2.7422447377563612,23124.829695496173,1.7375092759903055,0.00864871234225575
Standard_GA_Ablation,schaffers_f7,50,128,200,1.0,0.5,0.3,1.0,66.01237483978271,2.7422447377563612,23163.34796879339,1.7612687290238682,0.008634330420172774
Standard_GA_Ablation,schaffers_f7,50,128,200,1.0,0.5,0.6,0.5,66.01237483978271,2.7422447377563612,23438.55553685255,1.7585093730012886,0.00853294904140057
Standard_GA_Ablation,schaffers_f7,50,128,200,1.0,0.5,0.6,0.7,66.01237483978271,2.7422447377563612,23536.398522619358,1.8205525160010438,0.008497476782940794
Standard_GA_Ablation,schaffers_f7,50,128,200,1.0,0.5,0.6,0.8,66.01237483978271,2.7422447377563612,23428.156568047478,1.8256257539906073,0.00853673652978614
Standard_GA_Ablation,schaffers_f7,50,128,200,1.0,0.5,0.6,0.9,66.01237483978271,2.7422447377563612,23341.67816230312,1.7727560779894702,0.008568364219972863
Standard_GA_Ablation,schaffers_f7,50,128,200,1.0,0.5,0.6,1.0,66.01237483978271,2.7422447377563612,23396.039695731473,1.7728636999963783,0.00854845531983301
Standard_GA_Ablation,schaffers_f7,50,128,200,1.0,0.5,0.7,0.5,66.01237483978271,2.7422447377563612,23479.678765212124,1.8311701290076599,0.00851800410047872
Standard_GA_Ablation,schaffers_f7,50,128,200,1.0,0.5,0.7,0.7,66.01237483978271,2.7422447377563612,23459.818353398667,1.8722085539775435,0.008525215199333615
Standard_GA_Ablation,schaffers_f7,50,128,200,1.0,0.5,0.7,0.8,66.01237483978271,2.7422447377563612,23427.41818434416,1.895084346004296,0.008537005590042099
Standard_GA_Ablation,schaffers_f7,50,128,200,1.0,0.5,0.7,0.9,66.01237483978271,2.7422447377563612,24108.25494153783,1.9218562679889146,0.008295913598267361
Standard_GA_Ablation,schaffers_f7,50,128,200,1.0,0.5,0.7,1.0,66.01237483978271,2.7422447377563612,23919.200658799586,1.9015402590157464,0.008361483431363012
Standard_GA_Ablation,schaffers_f7,50,128,200,1.0,0.8,0.5,0.5,66.01237483978271,2.7422447377563612,21104.658781789018,1.6442915840016212,0.009476580600894522
Standard_GA_Ablation,schaffers_f7,50,128,200,1.0,0.8,0.5,0.7,66.01237483978271,2.7422447377563612,21094.686280861806,1.6167521429888438,0.009481060648977292
Standard_GA_Ablation,schaffers_f7,50,128,200,1.0,0.8,0.5,0.8,66.01237483978271,2.7422447377563612,21163.637014289332,1.6518898289941717,0.009450171530770603
Standard_GA_Ablation,schaffers_f7,50,128,200,1.0,0.8,0.5,0.9,66.01237483978271,2.7422447377563612,21188.42500931258,1.6112946569919586,0.00943911592825316
Standard_GA_Ablation,schaffers_f7,50,128,200,1.0,0.8,0.5,1.0,66.01237483978271,2.7422447377563612,21417.4813684453,1.5933525690052193,0.009338166171801277
Standard_GA_Ablation,schaffers_f7,50,128,200,1.0,0.8,0.2,0.5,66.01237483978271,2.7422447377563612,23422.206307020875,1.7612707559892442,0.008538905232853722
Standard_GA_Ablation,schaffers_f7,50,128,200,1.0,0.8,0.2,0.7,66.01237483978271,2.7422447377563612,23240.016388865308,1.7433981600042898,0.00860584591049701
Standard_GA_Ablation,schaffers_f7,50,128,200,1.0,0.8,0.2,0.8,66.01237483978271,2.7422447377563612,23106.65431769601,1.719504823005991,0.00865551530092489
Standard_GA_Ablation,schaffers_f7,50,128,200,1.0,0.8,0.2,0.9,66.01237483978271,2.7422447377563612,23046.478044853116,1.6860662149847485,0.008678115571965463
Standard_GA_Ablation,schaffers_f7,50,128,200,1.0,0.8,0.2,1.0,66.01237483978271,2.7422447377563612,23237.080509829633,1.7227836530073546,0.008606933212431613
Standard_GA_Ablation,schaffers_f7,50,128,200,1.0,0.8,0.4,0.5,66.01237483978271,2.7422447377563612,23195.102983083518,1.6940354869875591,0.00862250967998989
Standard_GA_Ablation,schaffers_f7,50,128,200,1.0,0.8,0.4,0.7,66.01237483978271,2.7422447377563612,23261.751979754823,1.7398441399855074,0.008597804678429384
Standard_GA_Ablation,schaffers_f7,50,128,200,1.0,0.8,0.4,0.8,66.01237483978271,2.7422447377563612,23211.945457620117,1.7256632059870753,0.00861625322897453
Standard_GA_Ablation,schaffers_f7,50,128,200,1.0,0.8,0.4,0.9,66.01237483978271,2.7422447377563612,23188.724173654693,1.7493434220086783,0.008624881580471993
Standard_GA_Ablation,schaffers_f7,50,128,200,1.0,0.8,0.4,1.0,66.01237483978271,2.7422447377563612,23281.890295015215,1.801480977999745,0.008590367769356818
Standard_GA_Ablation,schaffers_f7,50,128,200,1.0,0.8,0.3,0.5,66.01237483978271,2.7422447377563612,23192.749522447975,1.7175112859986257,0.00862338464037748
Standard_GA_Ablation,schaffers_f7,50,128,200,1.0,0.8,0.3,0.7,66.01237483978271,2.7422447377563612,23395.477937788,1.767856958991615,0.008548660580127035
Standard_GA_Ablation,schaffers_f7,50,128,200,1.0,0.8,0.3,0.8,66.01237483978271,2.7422447377563612,23115.256451158293,1.7108955989824608,0.008652294229250401
Standard_GA_Ablation,schaffers_f7,50,128,200,1.0,0.8,0.3,0.9,66.01237483978271,2.7422447377563612,23313.473567086006,1.7060567350126803,0.008578730210429058
Standard_GA_Ablation,schaffers_f7,50,128,200,1.0,0.8,0.3,1.0,66.01237483978271,2.7422447377563612,23389.267127540625,1.7721728600154165,0.008550930600322318
Standard_GA_Ablation,schaffers_f7,50,128,200,1.0,0.8,0.6,0.5,66.01237483978271,2.7422447377563612,23897.224604950105,1.7433219810191076,0.008369172709644773
Standard_GA_Ablation,schaffers_f7,50,128,200,1.0,0.8,0.6,0.7,66.01237483978271,2.7422447377563612,23898.81253279858,1.7069406209920999,0.008368616630032194
Standard_GA_Ablation,schaffers_f7,50,128,200,1.0,0.8,0.6,0.8,66.01237483978271,2.7422447377563612,23760.331070485056,1.7615699119924102,0.008417391130060424
Standard_GA_Ablation,schaffers_f7,50,128,200,1.0,0.8,0.6,0.9,66.01237483978271,2.7422447377563612,23937.33258040458,1.7520561839919537,0.008355149819981306
Standard_GA_Ablation,schaffers_f7,50,128,200,1.0,0.8,0.6,1.0,66.01237483978271,2.7422447377563612,23646.525409129077,1.7856505110103171,0.008457902230438775
Standard_GA_Ablation,schaffers_f7,50,128,200,1.0,0.8,0.7,0.5,66.01237483978271,2.7422447377563612,23731.617063679718,1.8459648760035634,0.008427575730020181
Standard_GA_Ablation,schaffers_f7,50,128,200,1.0,0.8,0.7,0.7,66.01237483978271,2.7422447377563612,23509.69084194286,1.8298953930207063,0.008507130159414374
Standard_GA_Ablation,schaffers_f7,50,128,200,1.0,0.8,0.7,0.8,66.01237483978271,2.7422447377563612,23462.678662538023,1.8498936480027623,0.008524175899801777
Standard_GA_Ablation,schaffers_f7,50,128,200,1.0,0.8,0.7,0.9,66.01237483978271,2.7422447377563612,23404.86517031436,1.8697945169988088,0.008545231879979838
Standard_GA_Ablation,schaffers_f7,50,128,200,1.0,0.8,0.7,1.0,66.01237483978271,2.7422447377563612,23489.713128052303,1.833932180015836,0.00851436536962865
Standard_GA_Ablation,schaffers_f7,50,128,200,1.0,1.0,0.5,0.5,66.01237483978271,2.7422447377563612,21156.59365422975,1.6084135560085997,0.00945331764029106
Standard_GA_Ablation,schaffers_f7,50,128,200,1.0,1.0,0.5,0.7,66.01237483978271,2.7422447377563612,21146.581213003796,1.6218289320240729,0.009457793578330893
Standard_GA_Ablation,schaffers_f7,50,128,200,1.0,1.0,0.5,0.8,66.01237483978271,2.7422447377563612,21137.4077565068,1.613433109014295,0.009461898180888965
Standard_GA_Ablation,schaffers_f7,50,128,200,1.0,1.0,0.5,0.9,66.01237483978271,2.7422447377563612,21165.90349270675,4.185348938015522,0.009449159591458738
Standard_GA_Ablation,schaffers_f7,50,128,200,1.0,1.0,0.5,1.0,66.01237483978271,2.7422447377563612,21290.612011185673,1.653759433014784,0.009393811690097209
Standard_GA_Ablation,schaffers_f7,50,128,200,1.0,1.0,0.2,0.5,66.01237483978271,2.7422447377563612,23420.780342162387,1.7478411159827374,0.008539425120688974
Standard_GA_Ablation,schaffers_f7,50,128,200,1.0,1.0,0.2,0.7,66.01237483978271,2.7422447377563612,23300.821552877795,1.7289307989994995,0.008583388338738587
Standard_GA_Ablation,schaffers_f7,50,128,200,1.0,1.0,0.2,0.8,66.01237483978271,2.7422447377563612,23372.046462231967,1.783990760013694,0.008557230977748987
Standard_GA_Ablation,schaffers_f7,50,128,200,1.0,1.0,0.2,0.9,66.01237483978271,2.7422447377563612,23040.92450939902,1.7726938260020688,0.008680207251163665
Standard_GA_Ablation,schaffers_f7,50,128,200,1.0,1.0,0.2,1.0,66.01237483978271,2.7422447377563612,23089.84705835474,1.7072351519891527,0.008661815710365773
Standard_GA_Ablation,schaffers_f7,50,128,200,1.0,1.0,0.4,0.5,66.01237483978271,2.7422447377563612,22989.67089927058,1.7127296539838426,0.008699559070519171
Standard_GA_Ablation,schaffers_f7,50,128,200,1.0,1.0,0.4,0.7,66.01237483978271,2.7422447377563612,22997.934636045855,1.72265025699744,0.008696433099976275
Standard_GA_Ablation,schaffers_f7,50,128,200,1.0,1.0,0.4,0.8,66.01237483978271,2.7422447377563612,22875.746715605386,1.769519602006767,0.008742884002276696
Standard_GA_Ablation,schaffers_f7,50,128,200,1.0,1.0,0.4,0.9,66.01237483978271,2.7422447377563612,22977.4188668319,1.7382061849930324,0.008704197854385712
Standard_GA_Ablation,schaffers_f7,50,128,200,1.0,1.0,0.4,1.0,66.01237483978271,2.7422447377563612,23039.093129930894,1.7787514880183153,0.008680897241574712
Standard_GA_Ablation,schaffers_f7,50,128,200,1.0,1.0,0.3,0.5,66.01237483978271,2.7422447377563612,22899.75361422309,1.7060680199647322,0.008733718422008678
Standard_GA_Ablation,schaffers_f7,50,128,200,1.0,1.0,0.3,0.7,66.01237483978271,2.7422447377563612,23090.721049069947,1.709601615963038,0.008661487858043984
Standard_GA_Ablation,schaffers_f7,50,128,200,1.0,1.0,0.3,0.8,66.01237483978271,2.7422447377563612,22900.944047359546,1.7637904160073958,0.008733264427282847
Standard_GA_Ablation,schaffers_f7,50,128,200,1.0,1.0,0.3,0.9,66.01237483978271,2.7422447377563612,22935.419295216896,1.7514342229696922,0.008720137069467455
Standard_GA_Ablation,schaffers_f7,50,128,200,1.0,1.0,0.3,1.0,66.01237483978271,2.7422447377563612,23184.86318155088,1.7184190090047196,0.008626317888265476
Standard_GA_Ablation,schaffers_f7,50,128,200,1.0,1.0,0.6,0.5,66.01237483978271,2.7422447377563612,23550.247695612066,1.7801899540354498,0.008492479679407552
Standard_GA_Ablation,schaffers_f7,50,128,200,1.0,1.0,0.6,0.7,66.01237483978271,2.7422447377563612,23493.278798466858,1.7533199929748662,0.00851307310978882
Standard_GA_Ablation,schaffers_f7,50,128,200,1.0,1.0,0.6,0.8,66.01237483978271,2.7422447377563612,23685.348261139854,1.7537781869759783,0.008444038812303916
Standard_GA_Ablation,schaffers_f7,50,128,200,1.0,1.0,0.6,0.9,66.01237483978271,2.7422447377563612,24131.68146533823,1.805624403001275,0.008287860101554544
Standard_GA_Ablation,schaffers_f7,50,128,200,1.0,1.0,0.6,1.0,66.01237483978271,2.7422447377563612,23891.97272861381,1.7923180800280534,0.008371012401184999
Standard_GA_Ablation,schaffers_f7,50,128,200,1.0,1.0,0.7,0.5,66.01237483978271,2.7422447377563612,23974.43904105037,1.895433661993593,0.008342218128964305
Standard_GA_Ablation,schaffers_f7,50,128,200,1.0,1.0,0.7,0.7,66.01237483978271,2.7422447377563612,23439.539192783544,1.9239295099978335,0.008532590950489976
Standard_GA_Ablation,schaffers_f7,50,128,200,1.0,1.0,0.7,0.8,66.01237483978271,2.7422447377563612,23543.97139041056,1.894483003008645,0.00849474358779844
Standard_GA_Ablation,schaffers_f7,50,128,200,1.0,1.0,0.7,0.9,66.01237483978271,2.7422447377563612,23555.417550836042,1.8880071850144304,0.008490615781629457
Standard_GA_Ablation,schaffers_f7,50,128,200,1.0,1.0,0.7,1.0,66.01237483978271,2.7422447377563612,23510.720492365464,1.8166222469881177,0.008506757590221242
Standard_GA_Ablation,rastrigin,50,128,200,0.8,0.5,0.5,0.5,3140.6457641601564,412.4882110958359,25556.704011290305,1.524327502003871,0.007825735271326266
Standard_GA_Ablation,rastrigin,50,128,200,0.8,0.5,0.5,0.7,3140.6457641601564,412.4882110958359,25840.45634928511,1.559100785991177,0.007739801391144283
Standard_GA_Ablation,rastrigin,50,128,200,0.8,0.5,0.5,0.8,3140.6457641601564,412.4882110958359,25806.382359128365,1.5205766569706611,0.007750020797830075
Standard_GA_Ablation,rastrigin,50,128,200,0.8,0.5,0.5,0.9,3140.6457641601564,412.4882110958359,25866.443713869987,1.548406016023364,0.007732025407603942
Standard_GA_Ablation,rastrigin,50,128,200,0.8,0.5,0.5,1.0,3140.6457641601564,412.4882110958359,25939.565257585826,1.5568887800327502,0.007710229451186023
Standard_GA_Ablation,rastrigin,50,128,200,0.8,0.5,0.2,0.5,3140.6457641601564,412.4882110958359,25445.37066891389,1.6643447180395015,0.007859975891187787
Standard_GA_Ablation,rastrigin,50,128,200,0.8,0.5,0.2,0.7,3140.6457641601564,412.4882110958359,25521.70141465469,1.6816343470127322,0.007836468139430508
Standard_GA_Ablation,rastrigin,50,128,200,0.8,0.5,0.2,0.8,3140.6457641601564,412.4882110958359,25468.187981580442,1.6604784569935873,0.007852934026741422
Standard_GA_Ablation,rastrigin,50,128,200,0.8,0.5,0.2,0.9,3140.6457641601564,412.4882110958359,25515.908912135354,1.7149733189726248,0.0078382471378427
Standard_GA_Ablation,rastrigin,50,128,200,0.8,0.5,0.2,1.0,3140.6457641601564,412.4882110958359,25687.656118498206,1.639083873014897,0.007785840758588165
Standard_GA_Ablation,rastrigin,50,128,200,0.8,0.5,0.4,0.5,3140.6457641601564,412.4882110958359,25520.323018250518,1.6628554289927706,0.007836891400511376
Standard_GA_Ablation,rastrigin,50,128,200,0.8,0.5,0.4,0.7,3140.6457641601564,412.4882110958359,25243.488709006393,1.636180458997842,0.007922835163772107
Standard_GA_Ablation,rastrigin,50,128,200,0.8,0.5,0.4,0.8,3140.6457641601564,412.4882110958359,25311.631164991613,1.6732391139958054,0.007901505781919695
Standard_GA_Ablation,rastrigin,50,128,200,0.8,0.5,0.4,0.9,3140.6457641601564,412.4882110958359,25285.92249219732,1.707295827975031,0.007909539391403087
Standard_GA_Ablation,rastrigin,50,128,200,0.8,0.5,0.4,1.0,3140.6457641601564,412.4882110958359,25505.060288662902,1.6986711589852348,0.007841581150423736
Standard_GA_Ablation,rastrigin,50,128,200,0.8,0.5,0.3,0.5,3140.6457641601564,412.4882110958359,25225.098886383672,1.679047005949542,0.007928611138486303
Standard_GA_Ablation,rastrigin,50,128,200,0.8,0.5,0.3,0.7,3140.6457641601564,412.4882110958359,25403.738731490805,1.7450795270269737,0.00787285690952558
Standard_GA_Ablation,rastrigin,50,128,200,0.8,0.5,0.3,0.8,3140.6457641601564,412.4882110958359,25318.442585375484,1.7136103099910542,0.007899380039889365
Standard_GA_Ablation,rastrigin,50,128,200,0.8,0.5,0.3,0.9,3140.6457641601564,412.4882110958359,25062.81104148631,1.6635302159702405,0.007979950839071534
Standard_GA_Ablation,rastrigin,50,128,200,0.8,0.5,0.3,1.0,3140.6457641601564,412.4882110958359,25218.925463860935,1.678258987958543,0.007930552008911036
Standard_GA_Ablation,rastrigin,50,128,200,0.8,0.5,0.6,0.5,3140.6457641601564,412.4882110958359,25849.907088090942,1.7203649770235643,0.007736971715930849
Standard_GA_Ablation,rastrigin,50,128,200,0.8,0.5,0.6,0.7,3140.6457641601564,412.4882110958359,26149.134189402343,1.7078543569659814,0.007648436791496352
Standard_GA_Ablation,rastrigin,50,128,200,0.8,0.5,0.6,0.8,3140.6457641601564,412.4882110958359,26029.279441707073,1.7167031890130602,0.0076836548798019065
Standard_GA_Ablation,rastrigin,50,128,200,0.8,0.5,0.6,0.9,3140.6457641601564,412.4882110958359,26348.722885264786,1.6743996160221286,0.007590500718797557
Standard_GA_Ablation,rastrigin,50,128,200,0.8,0.5,0.6,1.0,3140.6457641601564,412.4882110958359,26254.988689760277,1.7141899489797652,0.007617599929799326
Standard_GA_Ablation,rastrigin,50,128,200,0.8,0.5,0.7,0.5,3140.6457641601564,412.4882110958359,26126.634665806607,1.8140095170238055,0.007655023410334252
Standard_GA_Ablation,rastrigin,50,128,200,0.8,0.5,0.7,0.7,3140.6457641601564,412.4882110958359,26388.947165521633,1.8120503099635243,0.007578930631279945
Standard_GA_Ablation,rastrigin,50,128,200,0.8,0.5,0.7,0.8,3140.6457641601564,412.4882110958359,26242.116491702545,1.8047481179819442,0.0076213364902650935
Standard_GA_Ablation,rastrigin,50,128,200,0.8,0.5,0.7,0.9,3140.6457641601564,412.4882110958359,26005.724994905377,1.7670017360360362,0.007690614279708825
Standard_GA_Ablation,rastrigin,50,128,200,0.8,0.5,0.7,1.0,3140.6457641601564,412.4882110958359,26015.514836716527,1.7961568639730103,0.007687720241374336
Standard_GA_Ablation,rastrigin,50,128,200,0.8,0.8,0.5,0.5,3140.6457641601564,412.4882110958359,25504.49016344456,1.5475066090002656,0.00784175644046627
Standard_GA_Ablation,rastrigin,50,128,200,0.8,0.8,0.5,0.7,3140.6457641601564,412.4882110958359,25775.357381541453,1.5585162130300887,0.007759349251282402
Standard_GA_Ablation,rastrigin,50,128,200,0.8,0.8,0.5,0.8,3140.6457641601564,412.4882110958359,25505.367779061165,1.5855944600189105,0.00784148661303334
Standard_GA_Ablation,rastrigin,50,128,200,0.8,0.8,0.5,0.9,3140.6457641601564,412.4882110958359,25410.390726934555,1.5053471400169656,0.007870795933413319
Standard_GA_Ablation,rastrigin,50,128,200,0.8,0.8,0.5,1.0,3140.6457641601564,412.4882110958359,25562.4165437007,1.5608248250209726,0.00782398642390035
Standard_GA_Ablation,rastrigin,50,128,200,0.8,0.8,0.2,0.5,3140.6457641601564,412.4882110958359,25214.58299535065,1.644468385959044,0.007931917812675238
Standard_GA_Ablation,rastrigin,50,128,200,0.8,0.8,0.2,0.7,3140.6457641601564,412.4882110958359,25331.168135004486,1.6815319809829816,0.007895411649951712
Standard_GA_Ablation,rastrigin,50,128,200,0.8,0.8,0.2,0.8,3140.6457641601564,412.4882110958359,25246.434893987738,1.6520072220009752,0.007921910592122003
Standard_GA_Ablation,rastrigin,50,128,200,0.8,0.8,0.2,0.9,3140.6457641601564,412.4882110958359,25477.892067769924,1.6818932340247557,0.007849942980683408
Standard_GA_Ablation,rastrigin,50,128,200,0.8,0.8,0.2,1.0,3140.6457641601564,412.4882110958359,25187.963065291064,1.619728559977375,0.007940300669870339
Standard_GA_Ablation,rastrigin,50,128,200,0.8,0.8,0.4,0.5,3140.6457641601564,412.4882110958359,25338.526537026166,1.6948396330117248,0.007893118793144822
Standard_GA_Ablation,rastrigin,50,128,200,0.8,0.8,0.4,0.7,3140.6457641601564,412.4882110958359,25394.688340172357,1.7074989089742303,0.007875662710284814
Standard_GA_Ablation,rastrigin,50,128,200,0.8,0.8,0.4,0.8,3140.6457641601564,412.4882110958359,25490.40392126979,1.7079117380199023,0.007846089870436118
Standard_GA_Ablation,rastrigin,50,128,200,0.8,0.8,0.4,0.9,3140.6457641601564,412.4882110958359,25450.661421321453,1.6865580909652635,0.007858341938117519
Standard_GA_Ablation,rastrigin,50,128,200,0.8,0.8,0.4,1.0,3140.6457641601564,412.4882110958359,25603.702376729812,1.6635339829954319,0.007811370287672616
Standard_GA_Ablation,rastrigin,50,128,200,0.8,0.8,0.3,0.5,3140.6457641601564,412.4882110958359,25509.31647306802,1.645752498996444,0.007840272796456701
Standard_GA_Ablation,rastrigin,50,128,200,0.8,0.8,0.3,0.7,3140.6457641601564,412.4882110958359,25440.293117648253,1.6338431460317224,0.0078615446400363
Standard_GA_Ablation,rastrigin,50,128,200,0.8,0.8,0.3,0.8,3140.6457641601564,412.4882110958359,25330.839350974875,1.6457387990085408,0.007895514129195362
Standard_GA_Ablation,rastrigin,50,128,200,0.8,0.8,0.3,0.9,3140.6457641601564,412.4882110958359,25131.506186505674,1.6432611269992776,0.007958138223621063
Standard_GA_Ablation,rastrigin,50,128,200,0.8,0.8,0.3,1.0,3140.6457641601564,412.4882110958359,25318.917112009323,1.6546930249896832,0.007899231989867986
Standard_GA_Ablation,rastrigin,50,128,200,0.8,0.8,0.6,0.5,3140.6457641601564,412.4882110958359,25893.460054964566,1.681117370026186,0.007723958079586737
Standard_GA_Ablation,rastrigin,50,128,200,0.8,0.8,0.6,0.7,3140.6457641601564,412.4882110958359,25944.749460302515,1.671529270010069,0.007708688816055655
Standard_GA_Ablation,rastrigin,50,128,200,0.8,0.8,0.6,0.8,3140.6457641601564,412.4882110958359,25877.119022129304,1.66831907001324,0.007728835649322719
Standard_GA_Ablation,rastrigin,50,128,200,0.8,0.8,0.6,0.9,3140.6457641601564,412.4882110958359,25820.169360048705,1.6893247399711981,0.0077458825777284804
Standard_GA_Ablation,rastrigin,50,128,200,0.8,0.8,0.6,1.0,3140.6457641601564,412.4882110958359,26124.521369843438,1.7032856190344319,0.007655642649624496
Standard_GA_Ablation,rastrigin,50,128,200,0.8,0.8,0.7,0.5,3140.6457641601564,412.4882110958359,25878.41324502318,1.765448378981091,0.007728449117275886
Standard_GA_Ablation,rastrigin,50,128,200,0.8,0.8,0.7,0.7,3140.6457641601564,412.4882110958359,25845.509425187465,1.7365692000021227,0.007738288176478818
Standard_GA_Ablation,rastrigin,50,128,200,0.8,0.8,0.7,0.8,3140.6457641601564,412.4882110958359,26089.246624379382,1.7628265119856223,0.007665993690025062
Standard_GA_Ablation,rastrigin,50,128,200,0.8,0.8,0.7,0.9,3140.6457641601564,412.4882110958359,25951.867693318465,1.7612826259573922,0.007706574430922046
Standard_GA_Ablation,rastrigin,50,128,200,0.8,0.8,0.7,1.0,3140.6457641601564,412.4882110958359,26102.89338711476,1.7453856509528123,0.007661985858576372
Standard_GA_Ablation,rastrigin,50,128,200,0.8,1.0,0.5,0.5,3140.6457641601564,412.4882110958359,25789.333186974498,1.5107269209693186,0.007755144289694727
Standard_GA_Ablation,rastrigin,50,128,200,0.8,1.0,0.5,0.7,3140.6457641601564,412.4882110958359,25577.23497035326,1.5540058379992843,0.007819453519186937
Standard_GA_Ablation,rastrigin,50,128,200,0.8,1.0,0.5,0.8,3140.6457641601564,412.4882110958359,25683.079428905312,1.5173319749883376,0.007787228184752166
Standard_GA_Ablation,rastrigin,50,128,200,0.8,1.0,0.5,0.9,3140.6457641601564,412.4882110958359,25761.8759618461,1.5614256259868853,0.007763409788021818
Standard_GA_Ablation,rastrigin,50,128,200,0.8,1.0,0.5,1.0,3140.6457641601564,412.4882110958359,25989.362796543537,1.5253934690263122,0.007695456082001328
Standard_GA_Ablation,rastrigin,50,128,200,0.8,1.0,0.2,0.5,3140.6457641601564,412.4882110958359,25701.187663992132,1.6468114070012234,0.007781741552753374
Standard_GA_Ablation,rastrigin,50,128,200,0.8,1.0,0.2,0.7,3140.6457641601564,412.4882110958359,25712.79862935988,1.6374254670226946,0.007778227601083927
Standard_GA_Ablation,rastrigin,50,128,200,0.8,1.0,0.2,0.8,3140.6457641601564,412.4882110958359,25389.42880861265,1.6836799220182002,0.00787729418836534
Standard_GA_Ablation,rastrigin,50,128,200,0.8,1.0,0.2,0.9,3140.6457641601564,412.4882110958359,25520.127893766778,1.6528952959924936,0.007836951320641675
Standard_GA_Ablation,rastrigin,50,128,200,0.8,1.0,0.2,1.0,3140.6457641601564,412.4882110958359,25640.730039678623,1.6965565539430827,0.0078000899229664356
Standard_GA_Ablation,rastrigin,50,128,200,0.8,1.0,0.4,0.5,3140.6457641601564,412.4882110958359,25336.534509190777,1.6265887339832261,0.007893739371793345
Standard_GA_Ablation,rastrigin,50,128,200,0.8,1.0,0.4,0.7,3140.6457641601564,412.4882110958359,25243.337211822858,1.6496389560052194,0.007922882712446153
Standard_GA_Ablation,rastrigin,50,128,200,0.8,1.0,0.4,0.8,3140.6457641601564,412.4882110958359,24997.77832954254,1.6588698769919574,0.008000710997730493
Standard_GA_Ablation,rastrigin,50,128,200,0.8,1.0,0.4,0.9,3140.6457641601564,412.4882110958359,25590.834520453223,1.673589134006761,0.007815298084169626
Standard_GA_Ablation,rastrigin,50,128,200,0.8,1.0,0.4,1.0,3140.6457641601564,412.4882110958359,25659.572372568127,4.496689894993324,0.007794362162239849
Standard_GA_Ablation,rastrigin,50,128,200,0.8,1.0,0.3,0.5,3140.6457641601564,412.4882110958359,25596.998644844418,1.6178233890095726,0.007813416048302315
Standard_GA_Ablation,rastrigin,50,128,200,0.8,1.0,0.3,0.7,3140.6457641601564,412.4882110958359,25671.73201948628,1.66762231499888,0.007790670292451978
Standard_GA_Ablation,rastrigin,50,128,200,0.8,1.0,0.3,0.8,3140.6457641601564,412.4882110958359,25284.633234071553,1.6602318420191295,0.007909942697151564
Standard_GA_Ablation,rastrigin,50,128,200,0.8,1.0,0.3,0.9,3140.6457641601564,412.4882110958359,25431.988381633015,1.6624551929999143,0.00786411180277355
Standard_GA_Ablation,rastrigin,50,128,200,0.8,1.0,0.3,1.0,3140.6457641601564,412.4882110958359,25209.70158099977,1.679238337033894,0.00793345368874725
Standard_GA_Ablation,rastrigin,50,128,200,0.8,1.0,0.6,0.5,3140.6457641601564,412.4882110958359,25928.320342764597,1.6525888200267218,0.0077135733189061285
Standard_GA_Ablation,rastrigin,50,128,200,0.8,1.0,0.6,0.7,3140.6457641601564,412.4882110958359,25771.337557154715,1.7253819950274192,0.007760559557937086
Standard_GA_Ablation,rastrigin,50,128,200,0.8,1.0,0.6,0.8,3140.6457641601564,412.4882110958359,25791.14385265241,1.6997488879715092,0.007754599840263836
Standard_GA_Ablation,rastrigin,50,128,200,0.8,1.0,0.6,0.9,3140.6457641601564,412.4882110958359,25890.777551232622,1.6607237600255758,0.007724758347030729
Standard_GA_Ablation,rastrigin,50,128,200,0.8,1.0,0.6,1.0,3140.6457641601564,412.4882110958359,25905.21634146494,1.747262951976154,0.00772045279853046
Standard_GA_Ablation,rastrigin,50,128,200,0.8,1.0,0.7,0.5,3140.6457641601564,412.4882110958359,25815.124196866956,1.7402559000183828,0.007747396389604546
Standard_GA_Ablation,rastrigin,50,128,200,0.8,1.0,0.7,0.7,3140.6457641601564,412.4882110958359,25770.968008472122,1.7782158259651624,0.007760670842253603
Standard_GA_Ablation,rastrigin,50,128,200,0.8,1.0,0.7,0.8,3140.6457641601564,412.4882110958359,26239.562551747178,1.8148442860110663,0.007622078287531622
Standard_GA_Ablation,rastrigin,50,128,200,0.8,1.0,0.7,0.9,3140.6457641601564,412.4882110958359,25947.054857207226,1.7474378980114125,0.007708003898733296
Standard_GA_Ablation,rastrigin,50,128,200,0.8,1.0,0.7,1.0,3140.6457641601564,412.4882110958359,25898.957166961223,1.8138159909867682,0.00772231865208596
Standard_GA_Ablation,rastrigin,50,128,200,0.9,0.5,0.5,0.5,3140.6457641601564,412.4882110958359,25693.80045694846,1.4985845299670473,0.007783978875959292
Standard_GA_Ablation,rastrigin,50,128,200,0.9,0.5,0.5,0.7,3140.6457641601564,412.4882110958359,25686.658085317817,1.5484773499774747,0.007786143270786852
Standard_GA_Ablation,rastrigin,50,128,200,0.9,0.5,0.5,0.8,3140.6457641601564,412.4882110958359,25630.402795453472,1.552518033015076,0.007803232808946632
Standard_GA_Ablation,rastrigin,50,128,200,0.9,0.5,0.5,0.9,3140.6457641601564,412.4882110958359,25482.704576935543,1.571324018004816,0.007848460488021373
Standard_GA_Ablation,rastrigin,50,128,200,0.9,0.5,0.5,1.0,3140.6457641601564,412.4882110958359,25851.84532258103,1.5246507980045862,0.007736391638754867
Standard_GA_Ablation,rastrigin,50,128,200,0.9,0.5,0.2,0.5,3140.6457641601564,412.4882110958359,25460.45755603582,1.673660672036931,0.00785531837202143
Standard_GA_Ablation,rastrigin,50,128,200,0.9,0.5,0.2,0.7,3140.6457641601564,412.4882110958359,25408.755201585052,1.652262622024864,0.007871302565326914
Standard_GA_Ablation,rastrigin,50,128,200,0.9,0.5,0.2,0.8,3140.6457641601564,412.4882110958359,25484.43435347635,1.7006581700406969,0.007847927767434157
Standard_GA_Ablation,rastrigin,50,128,200,0.9,0.5,0.2,0.9,3140.6457641601564,412.4882110958359,25158.96374086531,1.7082706849905662,0.007949453008477577
Standard_GA_Ablation,rastrigin,50,128,200,0.9,0.5,0.2,1.0,3140.6457641601564,412.4882110958359,25204.410447884395,1.6925615719519556,0.00793511914962437
Standard_GA_Ablation,rastrigin,50,128,200,0.9,0.5,0.4,0.5,3140.6457641601564,412.4882110958359,24938.786212927047,1.689297036966309,0.008019636492826976
Standard_GA_Ablation,rastrigin,50,128,200,0.9,0.5,0.4,0.7,3140.6457641601564,412.4882110958359,25075.472930151347,1.6320461860159412,0.007975921353790908
Standard_GA_Ablation,rastrigin,50,128,200,0.9,0.5,0.4,0.8,3140.6457641601564,412.4882110958359,24847.09315844103,1.6815204489976168,0.008049231301411055
Standard_GA_Ablation,rastrigin,50,128,200,0.9,0.5,0.4,0.9,3140.6457641601564,412.4882110958359,25249.097407686357,1.6500490249600261,0.007921075227786787
Standard_GA_Ablation,rastrigin,50,128,200,0.9,0.5,0.4,1.0,3140.6457641601564,412.4882110958359,25353.675251019024,1.6927951709949411,0.007888402687967755
Standard_GA_Ablation,rastrigin,50,128,200,0.9,0.5,0.3,0.5,3140.6457641601564,412.4882110958359,24834.82336600694,1.6915260129608214,0.008053208072087727
Standard_GA_Ablation,rastrigin,50,128,200,0.9,0.5,0.3,0.7,3140.6457641601564,412.4882110958359,25228.797375696377,1.6888252940261737,0.007927448820555582
Standard_GA_Ablation,rastrigin,50,128,200,0.9,0.5,0.3,0.8,3140.6457641601564,412.4882110958359,25196.448494295397,1.646083270024974,0.007937626608181744
Standard_GA_Ablation,rastrigin,50,128,200,0.9,0.5,0.3,0.9,3140.6457641601564,412.4882110958359,25540.34261065959,1.6810293659800664,0.007830748516134918
Standard_GA_Ablation,rastrigin,50,128,200,0.9,0.5,0.3,1.0,3140.6457641601564,412.4882110958359,25608.96029796831,1.684192584012635,0.007809766490827315
Standard_GA_Ablation,rastrigin,50,128,200,0.9,0.5,0.6,0.5,3140.6457641601564,412.4882110958359,26444.2155075066,1.7120767629821785,0.00756309068587143
Standard_GA_Ablation,rastrigin,50,128,200,0.9,0.5,0.6,0.7,3140.6457641601564,412.4882110958359,26231.855156981226,1.661555883998517,0.007624317792360671
Standard_GA_Ablation,rastrigin,50,128,200,0.9,0.5,0.6,0.8,3140.6457641601564,412.4882110958359,26130.1334753648,1.7013093400164507,0.007653998407186009
Standard_GA_Ablation,rastrigin,50,128,200,0.9,0.5,0.6,0.9,3140.6457641601564,412.4882110958359,26118.805184979217,1.755611851986032,0.007657318111741915
Standard_GA_Ablation,rastrigin,50,128,200,0.9,0.5,0.6,1.0,3140.6457641601564,412.4882110958359,26304.609606809943,1.6957210299442522,0.007603230117820203
Standard_GA_Ablation,rastrigin,50,128,200,0.9,0.5,0.7,0.5,3140.6457641601564,412.4882110958359,26128.691288238468,1.8045974189881235,0.0076544208737323064
Standard_GA_Ablation,rastrigin,50,128,200,0.9,0.5,0.7,0.7,3140.6457641601564,412.4882110958359,26302.657254817528,1.8042964240303263,0.007603794478345662
Standard_GA_Ablation,rastrigin,50,128,200,0.9,0.5,0.7,0.8,3140.6457641601564,412.4882110958359,26153.281030116374,1.8063838430098258,0.00764722406223882
Standard_GA_Ablation,rastrigin,50,128,200,0.9,0.5,0.7,0.9,3140.6457641601564,412.4882110958359,25989.8488107328,1.7793058560346253,0.007695312175783329
Standard_GA_Ablation,rastrigin,50,128,200,0.9,0.5,0.7,1.0,3140.6457641601564,412.4882110958359,26048.615915961323,1.752697072981391,0.007677951129735448
Standard_GA_Ablation,rastrigin,50,128,200,0.9,0.8,0.5,0.5,3140.6457641601564,412.4882110958359,25367.96444915606,1.5275211869738996,0.00788395932991989
Standard_GA_Ablation,rastrigin,50,128,200,0.9,0.8,0.5,0.7,3140.6457641601564,412.4882110958359,25553.02459538241,1.5097510609775782,0.00782686210994143
Standard_GA_Ablation,rastrigin,50,128,200,0.9,0.8,0.5,0.8,3140.6457641601564,412.4882110958359,25871.586158464816,1.5653867939836346,0.007730488528031856
Standard_GA_Ablation,rastrigin,50,128,200,0.9,0.8,0.5,0.9,3140.6457641601564,412.4882110958359,25800.798792250127,1.5259540939587168,0.0077516979846404864
Standard_GA_Ablation,rastrigin,50,128,200,0.9,0.8,0.5,1.0,3140.6457641601564,412.4882110958359,25771.15141006944,1.554402663023211,0.007760615613078698
Standard_GA_Ablation,rastrigin,50,128,200,0.9,0.8,0.2,0.5,3140.6457641601564,412.4882110958359,25541.38784244345,1.68028398999013,0.007830428057932295
Standard_GA_Ablation,rastrigin,50,128,200,0.9,0.8,0.2,0.7,3140.6457641601564,412.4882110958359,25519.51580393387,1.6897277539828792,0.00783713929122314
