Algorithm,Task,Dim,Pop_Size,Generations,hyperparam_mutation_rate,hyperparam_sigma,hyperparam_elite_ratio,hyperparam_crossover_rate,Mean_Fitness,Fitness_Std,Mean_GPS,Compile_Time,Mean_Exec_Time
Standard_GA,sphere,50,128,200,0.8,0.5,0.5,0.5,485.3296862792969,39.35403296133339,41536.15909941592,0.9343737240124028,0.004815081710403319
Standard_GA,sphere,50,128,200,0.8,0.5,0.5,0.7,485.3296862792969,39.35403296133339,41419.69088752359,0.8352173540042713,0.004828621259948704
Standard_GA,sphere,50,128,200,0.8,0.5,0.5,0.8,485.3296862792969,39.35403296133339,42269.03208252908,0.8439734439889435,0.00473159639921505
Standard_GA,sphere,50,128,200,0.8,0.5,0.5,0.9,485.3296862792969,39.35403296133339,42259.55788270059,0.8464452939806506,0.004732657179119997
Standard_GA,sphere,50,128,200,0.8,0.5,0.5,1.0,485.3296862792969,39.35403296133339,42120.19472913249,0.8445340049802326,0.004748316129262093
Standard_GA,sphere,50,128,200,0.8,0.5,0.2,0.5,485.3296862792969,39.35403296133339,41499.61033377851,1.0081769239914138,0.004819322359689977
Standard_GA,sphere,50,128,200,0.8,0.5,0.2,0.7,485.3296862792969,39.35403296133339,41108.62876566076,1.0026194480014965,0.004865158629836514
Standard_GA,sphere,50,128,200,0.8,0.5,0.2,0.8,485.3296862792969,39.35403296133339,41082.08494975777,1.0069660450099036,0.004868302089453209
Standard_GA,sphere,50,128,200,0.8,0.5,0.2,0.9,485.3296862792969,39.35403296133339,41885.92359121597,1.0178011059761047,0.004774873820424546
Standard_GA,sphere,50,128,200,0.8,0.5,0.2,1.0,485.3296862792969,39.35403296133339,41419.03141660577,1.0369634040107485,0.004828698140918277
Standard_GA,sphere,50,128,200,0.8,0.5,0.4,0.5,485.3296862792969,39.35403296133339,40532.38041456386,1.0426656699855812,0.004934326529910322
Standard_GA,sphere,50,128,200,0.8,0.5,0.4,0.7,485.3296862792969,39.35403296133339,41029.77278963698,1.0489595760009252,0.004874509079672862
Standard_GA,sphere,50,128,200,0.8,0.5,0.4,0.8,485.3296862792969,39.35403296133339,41195.4080980581,1.0199760489922483,0.004854910030844622
Standard_GA,sphere,50,128,200,0.8,0.5,0.4,0.9,485.3296862792969,39.35403296133339,41252.45948652028,1.0539413160004187,0.004848195780068636
Standard_GA,sphere,50,128,200,0.8,0.5,0.4,1.0,485.3296862792969,39.35403296133339,41312.92236253678,1.1518020489893388,0.004841100279591047
Standard_GA,sphere,50,128,200,0.8,0.5,0.3,0.5,485.3296862792969,39.35403296133339,41138.181928367376,1.0349190910055768,0.0048616635598591525
Standard_GA,sphere,50,128,200,0.8,0.5,0.3,0.7,485.3296862792969,39.35403296133339,40829.53771224848,1.0260133830015548,0.004898414510826114
Standard_GA,sphere,50,128,200,0.8,0.5,0.3,0.8,485.3296862792969,39.35403296133339,40997.341411400594,1.0258487050014082,0.004878365111362654
Standard_GA,sphere,50,128,200,0.8,0.5,0.3,0.9,485.3296862792969,39.35403296133339,41069.16247244367,0.9962775360036176,0.004869833908451256
Standard_GA,sphere,50,128,200,0.8,0.5,0.3,1.0,485.3296862792969,39.35403296133339,40667.384548207134,1.03382364398567,0.004917945971246809
Standard_GA,sphere,50,128,200,0.8,0.5,0.6,0.5,485.3296862792969,39.35403296133339,40235.99602418187,1.0926653310016263,0.004970673520292621
Standard_GA,sphere,50,128,200,0.8,0.5,0.6,0.7,485.3296862792969,39.35403296133339,40732.924553470555,1.000232248014072,0.0049100329080829395
Standard_GA,sphere,50,128,200,0.8,0.5,0.6,0.8,485.3296862792969,39.35403296133339,40851.139210239555,0.9823909660044592,0.004895824299310334
Standard_GA,sphere,50,128,200,0.8,0.5,0.6,0.9,485.3296862792969,39.35403296133339,40645.56240420635,1.029739185993094,0.004920586360967718
Standard_GA,sphere,50,128,200,0.8,0.5,0.6,1.0,485.3296862792969,39.35403296133339,40793.76633878247,1.0324701219797134,0.004902709848829545
Standard_GA,sphere,50,128,200,0.8,0.5,0.7,0.5,485.3296862792969,39.35403296133339,40783.914990213,1.0466045409848448,0.004903894097660668
Standard_GA,sphere,50,128,200,0.8,0.5,0.7,0.7,485.3296862792969,39.35403296133339,40298.66557882397,1.088919020985486,0.00496294349024538
Standard_GA,sphere,50,128,200,0.8,0.5,0.7,0.8,485.3296862792969,39.35403296133339,41004.947621438754,1.1019264990172815,0.004877460199350025
Standard_GA,sphere,50,128,200,0.8,0.5,0.7,0.9,485.3296862792969,39.35403296133339,41051.55705808123,1.1241480500029866,0.004871922390593681
Standard_GA,sphere,50,128,200,0.8,0.5,0.7,1.0,485.3296862792969,39.35403296133339,40866.92930618435,1.0864690559974406,0.004893932658887934
Standard_GA,sphere,50,128,200,0.8,0.8,0.5,0.5,485.3296862792969,39.35403296133339,41486.07955930309,0.839381728990702,0.004820894192089326
Standard_GA,sphere,50,128,200,0.8,0.8,0.5,0.7,485.3296862792969,39.35403296133339,41105.74569806999,0.8609549299872015,0.004865499861480203
Standard_GA,sphere,50,128,200,0.8,0.8,0.5,0.8,485.3296862792969,39.35403296133339,42058.789595925075,0.8558308600040618,0.004755248591827695
Standard_GA,sphere,50,128,200,0.8,0.8,0.5,0.9,485.3296862792969,39.35403296133339,42123.079714300104,0.9393965479976032,0.004747990919859149
Standard_GA,sphere,50,128,200,0.8,0.8,0.5,1.0,485.3296862792969,39.35403296133339,42057.462854411584,0.8505655959888827,0.004755398600536864
Standard_GA,sphere,50,128,200,0.8,0.8,0.2,0.5,485.3296862792969,39.35403296133339,40946.63066644139,1.0106028099835385,0.004884406769124325
Standard_GA,sphere,50,128,200,0.8,0.8,0.2,0.7,485.3296862792969,39.35403296133339,40808.11569585195,1.015854171011597,0.004900985909043812
Standard_GA,sphere,50,128,200,0.8,0.8,0.2,0.8,485.3296862792969,39.35403296133339,41189.02328906192,1.0175102739885915,0.0048556626020581466
Standard_GA,sphere,50,128,200,0.8,0.8,0.2,0.9,485.3296862792969,39.35403296133339,41096.03081375627,1.0278774469916243,0.004866650039912201
Standard_GA,sphere,50,128,200,0.8,0.8,0.2,1.0,485.3296862792969,39.35403296133339,41047.93732928391,0.9957378919934854,0.004872352011152543
Standard_GA,sphere,50,128,200,0.8,0.8,0.4,0.5,485.3296862792969,39.35403296133339,40828.060934376954,1.1437280850077514,0.004898591689707246
Standard_GA,sphere,50,128,200,0.8,0.8,0.4,0.7,485.3296862792969,39.35403296133339,40976.50400811956,1.0713905490119942,0.004880845861334819
Standard_GA,sphere,50,128,200,0.8,0.8,0.4,0.8,485.3296862792969,39.35403296133339,40583.55969088474,1.055543943977682,0.004928103929851204
Standard_GA,sphere,50,128,200,0.8,0.8,0.4,0.9,485.3296862792969,39.35403296133339,41384.632024897815,1.0511995959968772,0.0048327118114684705
Standard_GA,sphere,50,128,200,0.8,0.8,0.4,1.0,485.3296862792969,39.35403296133339,41324.52713590938,1.0367899170087185,0.004839740799507126
Standard_GA,sphere,50,128,200,0.8,0.8,0.3,0.5,485.3296862792969,39.35403296133339,40622.710906036904,1.0322298709943425,0.004923354338970966
Standard_GA,sphere,50,128,200,0.8,0.8,0.3,0.7,485.3296862792969,39.35403296133339,41141.69383929801,1.0112285699869972,0.004861248561646789
Standard_GA,sphere,50,128,200,0.8,0.8,0.3,0.8,485.3296862792969,39.35403296133339,41031.99571749144,1.0266888499900233,0.004874245000828523
Standard_GA,sphere,50,128,200,0.8,0.8,0.3,0.9,485.3296862792969,39.35403296133339,41694.13939386879,1.0316057500021998,0.004796837227186188
Standard_GA,sphere,50,128,200,0.8,0.8,0.3,1.0,485.3296862792969,39.35403296133339,41468.26022023547,1.028300976002356,0.00482296578004025
Standard_GA,sphere,50,128,200,0.8,0.8,0.6,0.5,485.3296862792969,39.35403296133339,41545.221776376595,1.0471933020162396,0.004814031348214485
Standard_GA,sphere,50,128,200,0.8,0.8,0.6,0.7,485.3296862792969,39.35403296133339,40773.47643061719,1.0156190280104056,0.004905149560654536
Standard_GA,sphere,50,128,200,0.8,0.8,0.6,0.8,485.3296862792969,39.35403296133339,40534.887671150245,1.0312176059815101,0.0049340213206596675
Standard_GA,sphere,50,128,200,0.8,0.8,0.6,0.9,485.3296862792969,39.35403296133339,41456.86658830216,1.0042387150169816,0.004824291280528996
Standard_GA,sphere,50,128,200,0.8,0.8,0.6,1.0,485.3296862792969,39.35403296133339,41939.666910648084,1.0175521269848105,0.004768755088734906
Standard_GA,sphere,50,128,200,0.8,0.8,0.7,0.5,485.3296862792969,39.35403296133339,41514.10923259901,1.1790987949934788,0.004817639200191479
Standard_GA,sphere,50,128,200,0.8,0.8,0.7,0.7,485.3296862792969,39.35403296133339,41345.091865356415,1.0982175840181299,0.004837333549803588
Standard_GA,sphere,50,128,200,0.8,0.8,0.7,0.8,485.3296862792969,39.35403296133339,40682.587255922444,1.0971509450173471,0.004916108180186712
Standard_GA,sphere,50,128,200,0.8,0.8,0.7,0.9,485.3296862792969,39.35403296133339,41749.89341906781,1.095697320997715,0.004790431390865706
Standard_GA,sphere,50,128,200,0.8,0.8,0.7,1.0,485.3296862792969,39.35403296133339,41702.68701138795,1.0705520670162514,0.004795854040421546
Standard_GA,sphere,50,128,200,0.8,1.0,0.5,0.5,485.3296862792969,39.35403296133339,42525.17437167309,0.8375216689892113,0.004703096529410687
Standard_GA,sphere,50,128,200,0.8,1.0,0.5,0.7,485.3296862792969,39.35403296133339,42841.184418656594,0.8502166739781387,0.00466840501059778
Standard_GA,sphere,50,128,200,0.8,1.0,0.5,0.8,485.3296862792969,39.35403296133339,42715.59655003427,0.8420980299997609,0.00468213056010427
Standard_GA,sphere,50,128,200,0.8,1.0,0.5,0.9,485.3296862792969,39.35403296133339,42713.48620193317,0.8559898489911575,0.004682361890445463
Standard_GA,sphere,50,128,200,0.8,1.0,0.5,1.0,485.3296862792969,39.35403296133339,42491.095371308744,0.8360558369895443,0.004706868539215065
Standard_GA,sphere,50,128,200,0.8,1.0,0.2,0.5,485.3296862792969,39.35403296133339,41418.370611167105,1.00105504898238,0.004828775179921649
Standard_GA,sphere,50,128,200,0.8,1.0,0.2,0.7,485.3296862792969,39.35403296133339,41822.96247890122,1.0198609130166005,0.00478206200961722
Standard_GA,sphere,50,128,200,0.8,1.0,0.2,0.8,485.3296862792969,39.35403296133339,41904.31757669781,1.010356087994296,0.004772777879843489
Standard_GA,sphere,50,128,200,0.8,1.0,0.2,0.9,485.3296862792969,39.35403296133339,41840.0310030561,1.027210558007937,0.00478011118073482
Standard_GA,sphere,50,128,200,0.8,1.0,0.2,1.0,485.3296862792969,39.35403296133339,42097.351694193305,1.013388422987191,0.004750892679730896
Standard_GA,sphere,50,128,200,0.8,1.0,0.4,0.5,485.3296862792969,39.35403296133339,42270.88886538334,1.0353114639874548,0.004731388560030609
Standard_GA,sphere,50,128,200,0.8,1.0,0.4,0.7,485.3296862792969,39.35403296133339,41759.014573110006,1.0881162789883092,0.004789385047624819
Standard_GA,sphere,50,128,200,0.8,1.0,0.4,0.8,485.3296862792969,39.35403296133339,41696.478347764154,1.044848499004729,0.004796568149758968
Standard_GA,sphere,50,128,200,0.8,1.0,0.4,0.9,485.3296862792969,39.35403296133339,41555.421334943705,1.0790850300109014,0.004812849769659806
Standard_GA,sphere,50,128,200,0.8,1.0,0.4,1.0,485.3296862792969,39.35403296133339,41691.045579571866,1.2337515279941726,0.004797193191479892
Standard_GA,sphere,50,128,200,0.8,1.0,0.3,0.5,485.3296862792969,39.35403296133339,41154.650417018885,1.003998371976195,0.004859718111401889
Standard_GA,sphere,50,128,200,0.8,1.0,0.3,0.7,485.3296862792969,39.35403296133339,41105.65099470822,1.02338814700488,0.0048655110711115414
Standard_GA,sphere,50,128,200,0.8,1.0,0.3,0.8,485.3296862792969,39.35403296133339,40598.31614795967,1.0269990229862742,0.004926312689203769
Standard_GA,sphere,50,128,200,0.8,1.0,0.3,0.9,485.3296862792969,39.35403296133339,40531.09753352126,1.0419888150063343,0.004934482710086741
Standard_GA,sphere,50,128,200,0.8,1.0,0.3,1.0,485.3296862792969,39.35403296133339,41453.23416149832,0.9940640820132103,0.004824714019196108
Standard_GA,sphere,50,128,200,0.8,1.0,0.6,0.5,485.3296862792969,39.35403296133339,40346.30696907202,1.04623715498019,0.004957083188637626
Standard_GA,sphere,50,128,200,0.8,1.0,0.6,0.7,485.3296862792969,39.35403296133339,40337.19702479705,1.0283970549935475,0.004958202719863038
Standard_GA,sphere,50,128,200,0.8,1.0,0.6,0.8,485.3296862792969,39.35403296133339,40695.51224885628,1.0511665120138787,0.00491454681236064
Standard_GA,sphere,50,128,200,0.8,1.0,0.6,0.9,485.3296862792969,39.35403296133339,41034.894054737735,1.0470575119834393,0.004873900727834553
Standard_GA,sphere,50,128,200,0.8,1.0,0.6,1.0,485.3296862792969,39.35403296133339,41713.89209937038,1.0487988170061726,0.004794565789343324
Standard_GA,sphere,50,128,200,0.8,1.0,0.7,0.5,485.3296862792969,39.35403296133339,41325.01690125179,1.0973356379836332,0.004839683441095985
Standard_GA,sphere,50,128,200,0.8,1.0,0.7,0.7,485.3296862792969,39.35403296133339,40939.022787327405,1.0662847349885851,0.0048853144599706865
Standard_GA,sphere,50,128,200,0.8,1.0,0.7,0.8,485.3296862792969,39.35403296133339,40975.796375226484,1.0822058700141497,0.004880930151266512
Standard_GA,sphere,50,128,200,0.8,1.0,0.7,0.9,485.3296862792969,39.35403296133339,40832.087875155405,1.0783789090055507,0.0048981085809646175
Standard_GA,sphere,50,128,200,0.8,1.0,0.7,1.0,485.3296862792969,39.35403296133339,41277.36837304627,1.0694568259932566,0.004845270129444543
Standard_GA,sphere,50,128,200,0.9,0.5,0.5,0.5,485.3296862792969,39.35403296133339,41977.91294364553,0.8468123159836978,0.00476441028091358
Standard_GA,sphere,50,128,200,0.9,0.5,0.5,0.7,485.3296862792969,39.35403296133339,41740.9540599715,0.8330416759999935,0.004791457323008217
Standard_GA,sphere,50,128,200,0.9,0.5,0.5,0.8,485.3296862792969,39.35403296133339,41601.65221052648,0.8454430339916144,0.004807501370087266
Standard_GA,sphere,50,128,200,0.9,0.5,0.5,0.9,485.3296862792969,39.35403296133339,41663.825544995525,0.8466571050230414,0.004800327319535427
Standard_GA,sphere,50,128,200,0.9,0.5,0.5,1.0,485.3296862792969,39.35403296133339,42308.47871016769,0.8391299679933582,0.0047271848598029464
Standard_GA,sphere,50,128,200,0.9,0.5,0.2,0.5,485.3296862792969,39.35403296133339,41931.02060500172,1.0567406349873636,0.004769738420727663
Standard_GA,sphere,50,128,200,0.9,0.5,0.2,0.7,485.3296862792969,39.35403296133339,42223.25502887297,1.0220385159773286,0.004736726239207201
Standard_GA,sphere,50,128,200,0.9,0.5,0.2,0.8,485.3296862792969,39.35403296133339,42235.661357848614,1.0309413250070065,0.004735334870347287
Standard_GA,sphere,50,128,200,0.9,0.5,0.2,0.9,485.3296862792969,39.35403296133339,42433.89040127395,1.0402890300028957,0.00471321385120973
Standard_GA,sphere,50,128,200,0.9,0.5,0.2,1.0,485.3296862792969,39.35403296133339,42487.202987167555,1.0144659310171846,0.004707299750007224
Standard_GA,sphere,50,128,200,0.9,0.5,0.4,0.5,485.3296862792969,39.35403296133339,41962.020197254,1.0948316730209626,0.004766214759438298
Standard_GA,sphere,50,128,200,0.9,0.5,0.4,0.7,485.3296862792969,39.35403296133339,42194.360691388,1.0788153749890625,0.0047399699088418856
Standard_GA,sphere,50,128,200,0.9,0.5,0.4,0.8,485.3296862792969,39.35403296133339,41793.29737807621,1.0031279789982364,0.004785456342215184
Standard_GA,sphere,50,128,200,0.9,0.5,0.4,0.9,485.3296862792969,39.35403296133339,41408.079263376196,1.0338364739727695,0.004829975298489444
Standard_GA,sphere,50,128,200,0.9,0.5,0.4,1.0,485.3296862792969,39.35403296133339,41427.307459429554,1.0378267150081228,0.004827733499114402
Standard_GA,sphere,50,128,200,0.9,0.5,0.3,0.5,485.3296862792969,39.35403296133339,41154.80295573351,1.0210872589959763,0.0048597000990412195
Standard_GA,sphere,50,128,200,0.9,0.5,0.3,0.7,485.3296862792969,39.35403296133339,42106.11120428946,1.0222890239965636,0.0047499043316929605
Standard_GA,sphere,50,128,200,0.9,0.5,0.3,0.8,485.3296862792969,39.35403296133339,42193.74292079448,1.0030765079718549,0.004740039308089763
Standard_GA,sphere,50,128,200,0.9,0.5,0.3,0.9,485.3296862792969,39.35403296133339,42055.60867990892,1.019013309996808,0.004755608259583824
Standard_GA,sphere,50,128,200,0.9,0.5,0.3,1.0,485.3296862792969,39.35403296133339,42170.76724717721,1.0291363799769897,0.004742621798359323
Standard_GA,sphere,50,128,200,0.9,0.5,0.6,0.5,485.3296862792969,39.35403296133339,42088.93629859032,1.0559585899754893,0.004751842588302679
Standard_GA,sphere,50,128,200,0.9,0.5,0.6,0.7,485.3296862792969,39.35403296133339,41062.655255286605,1.0481528879899997,0.004870605633186642
Standard_GA,sphere,50,128,200,0.9,0.5,0.6,0.8,485.3296862792969,39.35403296133339,41621.62867609156,1.0321057649853174,0.004805193990760018
Standard_GA,sphere,50,128,200,0.9,0.5,0.6,0.9,485.3296862792969,39.35403296133339,41421.730317153415,1.037723121989984,0.004828383519197814
Standard_GA,sphere,50,128,200,0.9,0.5,0.6,1.0,485.3296862792969,39.35403296133339,42374.357732551325,1.0222165700106416,0.004719835549185519
Standard_GA,sphere,50,128,200,0.9,0.5,0.7,0.5,485.3296862792969,39.35403296133339,42510.101611570964,1.072228264005389,0.00470476410118863
Standard_GA,sphere,50,128,200,0.9,0.5,0.7,0.7,485.3296862792969,39.35403296133339,41905.21445920294,1.0619388579798397,0.004772675729764159
Standard_GA,sphere,50,128,200,0.9,0.5,0.7,0.8,485.3296862792969,39.35403296133339,41529.27190758969,1.0897247070097364,0.00481588024093071
Standard_GA,sphere,50,128,200,0.9,0.5,0.7,0.9,485.3296862792969,39.35403296133339,41173.31310889906,1.1194720200146548,0.004857515339390375
Standard_GA,sphere,50,128,200,0.9,0.5,0.7,1.0,485.3296862792969,39.35403296133339,41073.275413377916,1.1184063050022814,0.004869346259511076
Standard_GA,sphere,50,128,200,0.9,0.8,0.5,0.5,485.3296862792969,39.35403296133339,41610.30741297774,0.8378607449994888,0.004806501379935071
Standard_GA,sphere,50,128,200,0.9,0.8,0.5,0.7,485.3296862792969,39.35403296133339,41503.623572170276,0.8505531459813938,0.004818856350029818
Standard_GA,sphere,50,128,200,0.9,0.8,0.5,0.8,485.3296862792969,39.35403296133339,41672.47374725956,0.8425821800192352,0.004799331117537804
Standard_GA,sphere,50,128,200,0.9,0.8,0.5,0.9,485.3296862792969,39.35403296133339,41890.57072551798,0.8492667109821923,0.004774344119359739
Standard_GA,sphere,50,128,200,0.9,0.8,0.5,1.0,485.3296862792969,39.35403296133339,41503.59065748977,0.8357203839987051,0.004818860171653796
Standard_GA,sphere,50,128,200,0.9,0.8,0.2,0.5,485.3296862792969,39.35403296133339,40783.50963005687,1.029537488007918,0.004903942839009687
Standard_GA,sphere,50,128,200,0.9,0.8,0.2,0.7,485.3296862792969,39.35403296133339,40729.127542329836,1.0543261090060696,0.004910490650509018
Standard_GA,sphere,50,128,200,0.9,0.8,0.2,0.8,485.3296862792969,39.35403296133339,41109.872588002734,1.028553345007822,0.004865011429355946
Standard_GA,sphere,50,128,200,0.9,0.8,0.2,0.9,485.3296862792969,39.35403296133339,41311.65375089668,1.0207060869724955,0.004841248941665981
Standard_GA,sphere,50,128,200,0.9,0.8,0.2,1.0,485.3296862792969,39.35403296133339,41269.143800862774,1.0507036640192382,0.004846235748555045
Standard_GA,sphere,50,128,200,0.9,0.8,0.4,0.5,485.3296862792969,39.35403296133339,41786.442539354146,1.0722563230083324,0.0047862413703114726
Standard_GA,sphere,50,128,200,0.9,0.8,0.4,0.7,485.3296862792969,39.35403296133339,41389.560115696375,1.0101553689746652,0.00483213639963651
Standard_GA,sphere,50,128,200,0.9,0.8,0.4,0.8,485.3296862792969,39.35403296133339,41311.45665081978,1.029475294984877,0.004841272039629985
Standard_GA,sphere,50,128,200,0.9,0.8,0.4,0.9,485.3296862792969,39.35403296133339,41204.68047918026,1.0730816640134435,0.004853817519615404
Standard_GA,sphere,50,128,200,0.9,0.8,0.4,1.0,485.3296862792969,39.35403296133339,41676.12965115925,1.0557492289808579,0.004798910111712757
Standard_GA,sphere,50,128,200,0.9,0.8,0.3,0.5,485.3296862792969,39.35403296133339,41390.206971431566,1.0282560490013566,0.004832060881890357
Standard_GA,sphere,50,128,200,0.9,0.8,0.3,0.7,485.3296862792969,39.35403296133339,41261.410258986594,1.0012889100180473,0.004847144068626221
Standard_GA,sphere,50,128,200,0.9,0.8,0.3,0.8,485.3296862792969,39.35403296133339,41156.09664484057,1.014454090007348,0.004859547340602149
Standard_GA,sphere,50,128,200,0.9,0.8,0.3,0.9,485.3296862792969,39.35403296133339,41185.57885279493,1.018022606993327,0.004856068691296968
Standard_GA,sphere,50,128,200,0.9,0.8,0.3,1.0,485.3296862792969,39.35403296133339,40638.54617744184,1.0239108050009236,0.004921435897995252
Standard_GA,sphere,50,128,200,0.9,0.8,0.6,0.5,485.3296862792969,39.35403296133339,41219.26198226642,1.0258126069966238,0.004852100459393114
Standard_GA,sphere,50,128,200,0.9,0.8,0.6,0.7,485.3296862792969,39.35403296133339,40905.0475763103,1.0541661349998321,0.004889372139878105
Standard_GA,sphere,50,128,200,0.9,0.8,0.6,0.8,485.3296862792969,39.35403296133339,41284.62613016816,1.0032324670173693,0.004844418340362608
Standard_GA,sphere,50,128,200,0.9,0.8,0.6,0.9,485.3296862792969,39.35403296133339,41181.15116930233,1.003283867990831,0.004856590802373831
Standard_GA,sphere,50,128,200,0.9,0.8,0.6,1.0,485.3296862792969,39.35403296133339,40648.512378726526,1.0074118379852735,0.004920229260460473
Standard_GA,sphere,50,128,200,0.9,0.8,0.7,0.5,485.3296862792969,39.35403296133339,40766.729479561094,1.0933691700047348,0.004905961369804573
Standard_GA,sphere,50,128,200,0.9,0.8,0.7,0.7,485.3296862792969,39.35403296133339,40360.655079833705,1.104094123991672,0.004955320958106313
Standard_GA,sphere,50,128,200,0.9,0.8,0.7,0.8,485.3296862792969,39.35403296133339,40651.390246709016,1.1075641580100637,0.00491988093854161
Standard_GA,sphere,50,128,200,0.9,0.8,0.7,0.9,485.3296862792969,39.35403296133339,40841.432101070175,1.1543689529935364,0.0048969879289506935
Standard_GA,sphere,50,128,200,0.9,0.8,0.7,1.0,485.3296862792969,39.35403296133339,41141.67618863149,1.0852368310152087,0.00486125064722728
Standard_GA,sphere,50,128,200,0.9,1.0,0.5,0.5,485.3296862792969,39.35403296133339,41909.93884016113,0.8596342210075818,0.004772137720428873
Standard_GA,sphere,50,128,200,0.9,1.0,0.5,0.7,485.3296862792969,39.35403296133339,41724.958362503654,0.8533098649932072,0.004793294178089127
Standard_GA,sphere,50,128,200,0.9,1.0,0.5,0.8,485.3296862792969,39.35403296133339,41655.0082916268,0.8557123930077069,0.004801343420695048
Standard_GA,sphere,50,128,200,0.9,1.0,0.5,0.9,485.3296862792969,39.35403296133339,41188.69902420582,0.8394310990115628,0.0048557008290663365
Standard_GA,sphere,50,128,200,0.9,1.0,0.5,1.0,485.3296862792969,39.35403296133339,41264.103391917204,0.8649641490192153,0.004846827716100961
Standard_GA,sphere,50,128,200,0.9,1.0,0.2,0.5,485.3296862792969,39.35403296133339,41078.99131886077,1.0386129660182633,0.004868668717972468
Standard_GA,sphere,50,128,200,0.9,1.0,0.2,0.7,485.3296862792969,39.35403296133339,40641.16815247443,0.9985728120082058,0.004921118390338961
Standard_GA,sphere,50,128,200,0.9,1.0,0.2,0.8,485.3296862792969,39.35403296133339,40705.159578353814,1.014635037019616,0.004913382039812859
Standard_GA,sphere,50,128,200,0.9,1.0,0.2,0.9,485.3296862792969,39.35403296133339,40959.68392822027,1.0348301120102406,0.004882850178983062
Standard_GA,sphere,50,128,200,0.9,1.0,0.2,1.0,485.3296862792969,39.35403296133339,41188.20295800907,1.0491345769842155,0.0048557593105942945
Standard_GA,sphere,50,128,200,0.9,1.0,0.4,0.5,485.3296862792969,39.35403296133339,41393.003892852044,1.0548383920104243,0.004831734379986301
Standard_GA,sphere,50,128,200,0.9,1.0,0.4,0.7,485.3296862792969,39.35403296133339,41517.4912113869,1.019183641008567,0.004817246759484988
Standard_GA,sphere,50,128,200,0.9,1.0,0.4,0.8,485.3296862792969,39.35403296133339,41247.97648856081,1.357441928004846,0.004848722701717633
Standard_GA,sphere,50,128,200,0.9,1.0,0.4,0.9,485.3296862792969,39.35403296133339,41486.67940363345,1.0728891089966055,0.004820824488124344
Standard_GA,sphere,50,128,200,0.9,1.0,0.4,1.0,485.3296862792969,39.35403296133339,41743.32992984127,1.0868334120023064,0.004791184611676726
Standard_GA,sphere,50,128,200,0.9,1.0,0.3,0.5,485.3296862792969,39.35403296133339,41301.3046565149,1.0277840459893923,0.004842462039960083
Standard_GA,sphere,50,128,200,0.9,1.0,0.3,0.7,485.3296862792969,39.35403296133339,41444.44767439256,1.0295626380247995,0.004825736889324616
Standard_GA,sphere,50,128,200,0.9,1.0,0.3,0.8,485.3296862792969,39.35403296133339,41973.833712160114,0.9960483070171904,0.004764873310632538
Standard_GA,sphere,50,128,200,0.9,1.0,0.3,0.9,485.3296862792969,39.35403296133339,41993.201966487104,1.0303864840243477,0.004762675638776272
Standard_GA,sphere,50,128,200,0.9,1.0,0.3,1.0,485.3296862792969,39.35403296133339,42006.91054602335,0.9968377030163538,0.004761121382180136
Standard_GA,sphere,50,128,200,0.9,1.0,0.6,0.5,485.3296862792969,39.35403296133339,41363.93908149886,1.0413459080155008,0.004835129449493252
Standard_GA,sphere,50,128,200,0.9,1.0,0.6,0.7,485.3296862792969,39.35403296133339,40889.438513557725,1.0335291959927417,0.004891238600248471
Standard_GA,sphere,50,128,200,0.9,1.0,0.6,0.8,485.3296862792969,39.35403296133339,40802.01692845122,1.016400426015025,0.004901718470209744
Standard_GA,sphere,50,128,200,0.9,1.0,0.6,0.9,485.3296862792969,39.35403296133339,40593.4313235392,1.033436030993471,0.0049269054987235
Standard_GA,sphere,50,128,200,0.9,1.0,0.6,1.0,485.3296862792969,39.35403296133339,41003.333550098934,1.0280385939986445,0.004877652197610587
Standard_GA,sphere,50,128,200,0.9,1.0,0.7,0.5,485.3296862792969,39.35403296133339,41286.86783966363,1.1267697330040392,0.004844155308092013
Standard_GA,sphere,50,128,200,0.9,1.0,0.7,0.7,485.3296862792969,39.35403296133339,40803.757056484515,1.105401384003926,0.004901509430201258
Standard_GA,sphere,50,128,200,0.9,1.0,0.7,0.8,485.3296862792969,39.35403296133339,40795.51888948558,1.0928655219904613,0.004902499231393449
Standard_GA,sphere,50,128,200,0.9,1.0,0.7,0.9,485.3296862792969,39.35403296133339,40617.43759300659,1.092792998009827,0.004923993532138411
Standard_GA,sphere,50,128,200,0.9,1.0,0.7,1.0,485.3296862792969,39.35403296133339,41079.64334814631,1.0908485839900095,0.004868591440899763
Standard_GA,sphere,50,128,200,1.0,0.5,0.5,0.5,485.3296862792969,39.35403296133339,41615.58917927085,0.8735269749886356,0.004805891348514706
Standard_GA,sphere,50,128,200,1.0,0.5,0.5,0.7,485.3296862792969,39.35403296133339,42204.88729695684,0.8426666089799255,0.00473878768098075
Standard_GA,sphere,50,128,200,1.0,0.5,0.5,0.8,485.3296862792969,39.35403296133339,42846.046144773434,0.87267846200848,0.004667875288287177
Standard_GA,sphere,50,128,200,1.0,0.5,0.5,0.9,485.3296862792969,39.35403296133339,42381.0545361299,0.8578013560036197,0.004719089748687111
Standard_GA,sphere,50,128,200,1.0,0.5,0.5,1.0,485.3296862792969,39.35403296133339,42392.879750468455,0.8663070290058386,0.00471777338971151
Standard_GA,sphere,50,128,200,1.0,0.5,0.2,0.5,485.3296862792969,39.35403296133339,41756.39559160742,1.03269292000914,0.0047896854401915335
Standard_GA,sphere,50,128,200,1.0,0.5,0.2,0.7,485.3296862792969,39.35403296133339,41278.47221037033,1.0561619119835086,0.00484514056093758
Standard_GA,sphere,50,128,200,1.0,0.5,0.2,0.8,485.3296862792969,39.35403296133339,41207.370006884616,1.0169012649857905,0.004853500720055308
Standard_GA,sphere,50,128,200,1.0,0.5,0.2,0.9,485.3296862792969,39.35403296133339,41671.59910839631,1.0430629769980442,0.004799431849969551
Standard_GA,sphere,50,128,200,1.0,0.5,0.2,1.0,485.3296862792969,39.35403296133339,41332.04767576588,1.0647834620031063,0.004838860188319813
Standard_GA,sphere,50,128,200,1.0,0.5,0.4,0.5,485.3296862792969,39.35403296133339,41257.16837074123,1.082680474006338,0.004847642431559507
Standard_GA,sphere,50,128,200,1.0,0.5,0.4,0.7,485.3296862792969,39.35403296133339,41830.49517528119,1.0391296089801472,0.004781200871802866
Standard_GA,sphere,50,128,200,1.0,0.5,0.4,0.8,485.3296862792969,39.35403296133339,41520.48685675318,1.0535060410038568,0.0048168992018327115
Standard_GA,sphere,50,128,200,1.0,0.5,0.4,0.9,485.3296862792969,39.35403296133339,41553.30216960369,1.0396748500061221,0.004813095218851231
Standard_GA,sphere,50,128,200,1.0,0.5,0.4,1.0,485.3296862792969,39.35403296133339,41762.47763133055,1.0704047459876165,0.0047889878987916745
Standard_GA,sphere,50,128,200,1.0,0.5,0.3,0.5,485.3296862792969,39.35403296133339,41464.56054382873,1.0161988489853684,0.004823396109277383
Standard_GA,sphere,50,128,200,1.0,0.5,0.3,0.7,485.3296862792969,39.35403296133339,41492.79334463675,1.0233161550131626,0.004820114142203238
Standard_GA,sphere,50,128,200,1.0,0.5,0.3,0.8,485.3296862792969,39.35403296133339,41529.64867824635,1.0013838429877069,0.004815836549678352
Standard_GA,sphere,50,128,200,1.0,0.5,0.3,0.9,485.3296862792969,39.35403296133339,41636.46512660403,1.360040397994453,0.004803481741109863
Standard_GA,sphere,50,128,200,1.0,0.5,0.3,1.0,485.3296862792969,39.35403296133339,40952.99075043916,1.0043498709856067,0.004883648210670799
Standard_GA,sphere,50,128,200,1.0,0.5,0.6,0.5,485.3296862792969,39.35403296133339,41891.20079981376,1.0155123549920972,0.004774272309732624
Standard_GA,sphere,50,128,200,1.0,0.5,0.6,0.7,485.3296862792969,39.35403296133339,41465.690321354814,1.0368728210160043,0.004823264690639917
Standard_GA,sphere,50,128,200,1.0,0.5,0.6,0.8,485.3296862792969,39.35403296133339,40633.11356613087,1.0494274140219204,0.004922093889617827
Standard_GA,sphere,50,128,200,1.0,0.5,0.6,0.9,485.3296862792969,39.35403296133339,40427.02368300092,1.0185467090050224,0.0049471858618198895
Standard_GA,sphere,50,128,200,1.0,0.5,0.6,1.0,485.3296862792969,39.35403296133339,40818.2331528629,1.027940739004407,0.004899771120690275
Standard_GA,sphere,50,128,200,1.0,0.5,0.7,0.5,485.3296862792969,39.35403296133339,41323.63633260644,1.1046539300004952,0.0048398451285902415
Standard_GA,sphere,50,128,200,1.0,0.5,0.7,0.7,485.3296862792969,39.35403296133339,40895.58208019698,1.1878532570262905,0.00489050381060224
Standard_GA,sphere,50,128,200,1.0,0.5,0.7,0.8,485.3296862792969,39.35403296133339,41038.39356473283,1.094057848007651,0.004873485110583715
Standard_GA,sphere,50,128,200,1.0,0.5,0.7,0.9,485.3296862792969,39.35403296133339,40997.5287235315,1.084222133998992,0.004878342822776176
Standard_GA,sphere,50,128,200,1.0,0.5,0.7,1.0,485.3296862792969,39.35403296133339,41316.314311004026,1.0992401109833736,0.004840702839428559
Standard_GA,sphere,50,128,200,1.0,0.8,0.5,0.5,485.3296862792969,39.35403296133339,41824.37828577286,0.8475667489983607,0.004781900130910799
Standard_GA,sphere,50,128,200,1.0,0.8,0.5,0.7,485.3296862792969,39.35403296133339,41566.9037644156,0.8435360759904142,0.00481152026943164
Standard_GA,sphere,50,128,200,1.0,0.8,0.5,0.8,485.3296862792969,39.35403296133339,41756.780057059455,0.8596913360233884,0.004789641340321396
Standard_GA,sphere,50,128,200,1.0,0.8,0.5,0.9,485.3296862792969,39.35403296133339,41783.3805412355,0.8592525420244783,0.00478659211890772
Standard_GA,sphere,50,128,200,1.0,0.8,0.5,1.0,485.3296862792969,39.35403296133339,41685.87900586839,0.8486604650097433,0.004797787758579943
Standard_GA,sphere,50,128,200,1.0,0.8,0.2,0.5,485.3296862792969,39.35403296133339,41243.06039511317,1.0177527269988786,0.0048493006601347585
Standard_GA,sphere,50,128,200,1.0,0.8,0.2,0.7,485.3296862792969,39.35403296133339,41239.667641106666,1.0008991450013127,0.004849699608166702
Standard_GA,sphere,50,128,200,1.0,0.8,0.2,0.8,485.3296862792969,39.35403296133339,41497.87844889233,1.3716624840162694,0.004819523490732535
Standard_GA,sphere,50,128,200,1.0,0.8,0.2,0.9,485.3296862792969,39.35403296133339,41305.62812549121,1.0321989280055277,0.0048419551784172656
Standard_GA,sphere,50,128,200,1.0,0.8,0.2,1.0,485.3296862792969,39.35403296133339,41603.60071376671,0.9839295849960763,0.004807276210922282
Standard_GA,sphere,50,128,200,1.0,0.8,0.4,0.5,485.3296862792969,39.35403296133339,41221.9941101949,1.0221622200042475,0.004851778869924601
Standard_GA,sphere,50,128,200,1.0,0.8,0.4,0.7,485.3296862792969,39.35403296133339,41430.0016688508,1.1353593950043432,0.004827419549692422
Standard_GA,sphere,50,128,200,1.0,0.8,0.4,0.8,485.3296862792969,39.35403296133339,41525.34434470418,1.0531288670026697,0.004816335737996269
Standard_GA,sphere,50,128,200,1.0,0.8,0.4,0.9,485.3296862792969,39.35403296133339,41074.02210079073,1.067210426001111,0.004869257739337627
Standard_GA,sphere,50,128,200,1.0,0.8,0.4,1.0,485.3296862792969,39.35403296133339,41384.6344449103,1.061919964995468,0.004832711528870277
Standard_GA,sphere,50,128,200,1.0,0.8,0.3,0.5,485.3296862792969,39.35403296133339,41123.85339261921,1.0434447799925692,0.004863357479916885
Standard_GA,sphere,50,128,200,1.0,0.8,0.3,0.7,485.3296862792969,39.35403296133339,41278.746895757984,1.0356775860127527,0.004845108319423161
Standard_GA,sphere,50,128,200,1.0,0.8,0.3,0.8,485.3296862792969,39.35403296133339,40870.95090134741,1.0263667209947016,0.004893451108655427
Standard_GA,sphere,50,128,200,1.0,0.8,0.3,0.9,485.3296862792969,39.35403296133339,40986.7073588436,1.0567502379999496,0.004879630809300579
Standard_GA,sphere,50,128,200,1.0,0.8,0.3,1.0,485.3296862792969,39.35403296133339,40811.43897505624,1.0408009499951731,0.004900586821313482
Standard_GA,sphere,50,128,200,1.0,0.8,0.6,0.5,485.3296862792969,39.35403296133339,41082.66552745274,1.0329386759840418,0.0048682332909083924
Standard_GA,sphere,50,128,200,1.0,0.8,0.6,0.7,485.3296862792969,39.35403296133339,40799.2667833842,1.0407834999787156,0.0049020488790119995
Standard_GA,sphere,50,128,200,1.0,0.8,0.6,0.8,485.3296862792969,39.35403296133339,40994.19860275295,1.0572815850027837,0.0048787391098449005
Standard_GA,sphere,50,128,200,1.0,0.8,0.6,0.9,485.3296862792969,39.35403296133339,40498.127350740964,1.0171320860099513,0.0049384999525500465
Standard_GA,sphere,50,128,200,1.0,0.8,0.6,1.0,485.3296862792969,39.35403296133339,41417.69754015446,0.9947472460044082,0.004828853651415557
Standard_GA,sphere,50,128,200,1.0,0.8,0.7,0.5,485.3296862792969,39.35403296133339,41467.72070094377,1.1068898850062396,0.004823028529644943
Standard_GA,sphere,50,128,200,1.0,0.8,0.7,0.7,485.3296862792969,39.35403296133339,41395.49691879998,1.1119339659926482,0.004831443390867207
Standard_GA,sphere,50,128,200,1.0,0.8,0.7,0.8,485.3296862792969,39.35403296133339,40579.30215644491,1.1206813290191349,0.004928620980936102
Standard_GA,sphere,50,128,200,1.0,0.8,0.7,0.9,485.3296862792969,39.35403296133339,41014.951134803974,1.0984383749892004,0.004876270590757486
Standard_GA,sphere,50,128,200,1.0,0.8,0.7,1.0,485.3296862792969,39.35403296133339,40751.92684551866,1.0991625430178829,0.0049077433996717445
Standard_GA,sphere,50,128,200,1.0,1.0,0.5,0.5,485.3296862792969,39.35403296133339,42190.58549644684,0.8534813159785699,0.0047403940392541696
Standard_GA,sphere,50,128,200,1.0,1.0,0.5,0.7,485.3296862792969,39.35403296133339,42090.99553456848,0.8425086509960238,0.0047516101118526425
Standard_GA,sphere,50,128,200,1.0,1.0,0.5,0.8,485.3296862792969,39.35403296133339,41942.63161485634,0.8551183340023272,0.004768418010498863
Standard_GA,sphere,50,128,200,1.0,1.0,0.5,0.9,485.3296862792969,39.35403296133339,41345.0771590927,0.8484123880043626,0.004837335270422045
Standard_GA,sphere,50,128,200,1.0,1.0,0.5,1.0,485.3296862792969,39.35403296133339,42317.645608645624,0.8535621439805254,0.004726160851423629
Standard_GA,sphere,50,128,200,1.0,1.0,0.2,0.5,485.3296862792969,39.35403296133339,42001.91166262179,1.065363736008294,0.0047616880299756305
Standard_GA,sphere,50,128,200,1.0,1.0,0.2,0.7,485.3296862792969,39.35403296133339,41075.143620306364,0.9927704759757034,0.004869124788674526
Standard_GA,sphere,50,128,200,1.0,1.0,0.2,0.8,485.3296862792969,39.35403296133339,41710.82122989416,1.0108148090075701,0.004794918778934516
Standard_GA,sphere,50,128,200,1.0,1.0,0.2,0.9,485.3296862792969,39.35403296133339,41366.19538389719,1.026387837016955,0.004834865719312802
Standard_GA,sphere,50,128,200,1.0,1.0,0.2,1.0,485.3296862792969,39.35403296133339,40828.478601081355,1.0259434949839488,0.004898541578149888
Standard_GA,sphere,50,128,200,1.0,1.0,0.4,0.5,485.3296862792969,39.35403296133339,41470.52689214221,1.0694846760015935,0.004822702169185504
Standard_GA,sphere,50,128,200,1.0,1.0,0.4,0.7,485.3296862792969,39.35403296133339,42232.11243510572,1.014584784017643,0.0047357327982899735
Standard_GA,sphere,50,128,200,1.0,1.0,0.4,0.8,485.3296862792969,39.35403296133339,41650.787889076695,1.0452926960133482,0.004801829932548571
Standard_GA,sphere,50,128,200,1.0,1.0,0.4,0.9,485.3296862792969,39.35403296133339,41616.1396451429,1.052144153014524,0.004805827779928222
Standard_GA,sphere,50,128,200,1.0,1.0,0.4,1.0,485.3296862792969,39.35403296133339,41325.04747065607,1.0608023469976615,0.004839679861033801
Standard_GA,sphere,50,128,200,1.0,1.0,0.3,0.5,485.3296862792969,39.35403296133339,40418.745228622545,1.0119700350041967,0.004948199130594731
Standard_GA,sphere,50,128,200,1.0,1.0,0.3,0.7,485.3296862792969,39.35403296133339,41125.325705828596,1.0137695809826255,0.004863183368579485
Standard_GA,sphere,50,128,200,1.0,1.0,0.3,0.8,485.3296862792969,39.35403296133339,40886.222204227335,1.0199083850020543,0.004891623368894216
Standard_GA,sphere,50,128,200,1.0,1.0,0.3,0.9,485.3296862792969,39.35403296133339,41258.34210914518,1.014954770973418,0.004847504523349926
Standard_GA,sphere,50,128,200,1.0,1.0,0.3,1.0,485.3296862792969,39.35403296133339,41295.17970862424,1.4166907159960829,0.004843180279422086
Standard_GA,sphere,50,128,200,1.0,1.0,0.6,0.5,485.3296862792969,39.35403296133339,40105.268070372884,1.0217282700177748,0.004986876029579435
Standard_GA,sphere,50,128,200,1.0,1.0,0.6,0.7,485.3296862792969,39.35403296133339,40689.06890675828,1.043193285993766,0.004915325058391318
Standard_GA,sphere,50,128,200,1.0,1.0,0.6,0.8,485.3296862792969,39.35403296133339,40792.273393226256,1.0038306310016196,0.004902889281802345
Standard_GA,sphere,50,128,200,1.0,1.0,0.6,0.9,485.3296862792969,39.35403296133339,40744.0934124768,1.0495630329824053,0.004908686959242914
Standard_GA,sphere,50,128,200,1.0,1.0,0.6,1.0,485.3296862792969,39.35403296133339,40124.70822276905,1.0548931529920083,0.004984459921543021
Standard_GA,sphere,50,128,200,1.0,1.0,0.7,0.5,485.3296862792969,39.35403296133339,40291.63901391494,1.1201731860055588,0.004963808991014958
Standard_GA,sphere,50,128,200,1.0,1.0,0.7,0.7,485.3296862792969,39.35403296133339,41308.21821701009,1.0981362599995919,0.004841651580063626
Standard_GA,sphere,50,128,200,1.0,1.0,0.7,0.8,485.3296862792969,39.35403296133339,40950.889141265005,1.1267971060005948,0.0048838988406350835
Standard_GA,sphere,50,128,200,1.0,1.0,0.7,0.9,485.3296862792969,39.35403296133339,40796.54545007818,1.0828253810177557,0.004902375870151445
Standard_GA,sphere,50,128,200,1.0,1.0,0.7,1.0,485.3296862792969,39.35403296133339,40909.123623650514,1.1147244900057558,0.004888884979300201
Standard_GA,rosenbrock,50,128,200,0.8,0.5,0.5,0.5,1141292.204375,185125.43610923222,41957.75329133795,0.8699523950053845,0.004766699461033568
Standard_GA,rosenbrock,50,128,200,0.8,0.5,0.5,0.7,1141292.204375,185125.43610923222,42227.07136195386,0.8600608940178063,0.004736298150673974
Standard_GA,rosenbrock,50,128,200,0.8,0.5,0.5,0.8,1141292.204375,185125.43610923222,41897.2901333387,0.8578538590227254,0.004773578419117257
Standard_GA,rosenbrock,50,128,200,0.8,0.5,0.5,0.9,1141292.204375,185125.43610923222,41323.62520749948,0.8641847870021593,0.0048398464315687305
Standard_GA,rosenbrock,50,128,200,0.8,0.5,0.5,1.0,1141292.204375,185125.43610923222,41244.574345815316,0.8641813499853015,0.004849122658488341
Standard_GA,rosenbrock,50,128,200,0.8,0.5,0.2,0.5,1141292.204375,185125.43610923222,40996.90980730852,1.0181431969976984,0.00487841646943707
Standard_GA,rosenbrock,50,128,200,0.8,0.5,0.2,0.7,1141292.204375,185125.43610923222,41758.063670221505,1.0536367800086737,0.004789494110154919
Standard_GA,rosenbrock,50,128,200,0.8,0.5,0.2,0.8,1141292.204375,185125.43610923222,41396.240373315566,1.0175156829936896,0.004831356620707083
Standard_GA,rosenbrock,50,128,200,0.8,0.5,0.2,0.9,1141292.204375,185125.43610923222,41577.46074885914,1.0455808200058527,0.004810298570373561
Standard_GA,rosenbrock,50,128,200,0.8,0.5,0.2,1.0,1141292.204375,185125.43610923222,41205.227019001686,1.0556231880036648,0.004853753139323089
Standard_GA,rosenbrock,50,128,200,0.8,0.5,0.4,0.5,1141292.204375,185125.43610923222,41083.330265959914,1.0660695740079973,0.004868154521682299
Standard_GA,rosenbrock,50,128,200,0.8,0.5,0.4,0.7,1141292.204375,185125.43610923222,40916.11609527773,1.0789299680036493,0.004888049479923211
Standard_GA,rosenbrock,50,128,200,0.8,0.5,0.4,0.8,1141292.204375,185125.43610923222,41661.0417230043,1.0433413119753823,0.004800648080999963
Standard_GA,rosenbrock,50,128,200,0.8,0.5,0.4,0.9,1141292.204375,185125.43610923222,41181.96626139159,1.0609656090091448,0.004856494678533636
Standard_GA,rosenbrock,50,128,200,0.8,0.5,0.4,1.0,1141292.204375,185125.43610923222,40842.0154144441,1.0747393389756326,0.004896917989244684
Standard_GA,rosenbrock,50,128,200,0.8,0.5,0.3,0.5,1141292.204375,185125.43610923222,41358.87803069823,1.025332424993394,0.004835721120180096
Standard_GA,rosenbrock,50,128,200,0.8,0.5,0.3,0.7,1141292.204375,185125.43610923222,40668.78863052794,1.058276007999666,0.004917776180082001
Standard_GA,rosenbrock,50,128,200,0.8,0.5,0.3,0.8,1141292.204375,185125.43610923222,40532.9953372318,1.0346314309863374,0.004934251671656966
Standard_GA,rosenbrock,50,128,200,0.8,0.5,0.3,0.9,1141292.204375,185125.43610923222,40563.647449771204,1.0224679810053203,0.004930523080984131
Standard_GA,rosenbrock,50,128,200,0.8,0.5,0.3,1.0,1141292.204375,185125.43610923222,40828.671704050204,1.0321618189918809,0.004898518410045654
Standard_GA,rosenbrock,50,128,200,0.8,0.5,0.6,0.5,1141292.204375,185125.43610923222,39990.506819195616,1.0299131239880808,0.005001186929293908
Standard_GA,rosenbrock,50,128,200,0.8,0.5,0.6,0.7,1141292.204375,185125.43610923222,40059.73481723108,1.0695615579898003,0.004992544281994924
Standard_GA,rosenbrock,50,128,200,0.8,0.5,0.6,0.8,1141292.204375,185125.43610923222,40941.45857519838,1.0581314100127202,0.0048850238110753706
Standard_GA,rosenbrock,50,128,200,0.8,0.5,0.6,0.9,1141292.204375,185125.43610923222,40664.07474953695,1.050650889024837,0.004918346260965336
Standard_GA,rosenbrock,50,128,200,0.8,0.5,0.6,1.0,1141292.204375,185125.43610923222,40412.19181956532,1.0549832429969683,0.0049490015511400995
Standard_GA,rosenbrock,50,128,200,0.8,0.5,0.7,0.5,1141292.204375,185125.43610923222,40511.6773985912,1.1118921159941237,0.004936848159413785
Standard_GA,rosenbrock,50,128,200,0.8,0.5,0.7,0.7,1141292.204375,185125.43610923222,41061.245723170556,1.1269691119960044,0.004870772829162888
Standard_GA,rosenbrock,50,128,200,0.8,0.5,0.7,0.8,1141292.204375,185125.43610923222,40568.10502675263,1.1411319480102975,0.004929981320747174
Standard_GA,rosenbrock,50,128,200,0.8,0.5,0.7,0.9,1141292.204375,185125.43610923222,42026.55942720843,1.1117018680088222,0.004758895392005798
Standard_GA,rosenbrock,50,128,200,0.8,0.5,0.7,1.0,1141292.204375,185125.43610923222,41427.21055931713,1.1221863529935945,0.004827744791400619
Standard_GA,rosenbrock,50,128,200,0.8,0.8,0.5,0.5,1141292.204375,185125.43610923222,41471.815136177516,0.8976669650000986,0.004822552361001726
Standard_GA,rosenbrock,50,128,200,0.8,0.8,0.5,0.7,1141292.204375,185125.43610923222,41864.74447260921,0.8846202759887092,0.004777289399935398
Standard_GA,rosenbrock,50,128,200,0.8,0.8,0.5,0.8,1141292.204375,185125.43610923222,41583.02181375325,0.8608415190246888,0.004809655269782525
Standard_GA,rosenbrock,50,128,200,0.8,0.8,0.5,0.9,1141292.204375,185125.43610923222,41894.43177330127,0.8870389759831596,0.004773904109315481
Standard_GA,rosenbrock,50,128,200,0.8,0.8,0.5,1.0,1141292.204375,185125.43610923222,41883.574544974595,0.8808910849911626,0.0047751416199025695
Standard_GA,rosenbrock,50,128,200,0.8,0.8,0.2,0.5,1141292.204375,185125.43610923222,40632.974377138475,1.5154597740038298,0.004922110750339925
Standard_GA,rosenbrock,50,128,200,0.8,0.8,0.2,0.7,1141292.204375,185125.43610923222,40711.37153879309,1.0741992090188432,0.004912632329505868
Standard_GA,rosenbrock,50,128,200,0.8,0.8,0.2,0.8,1141292.204375,185125.43610923222,41138.40362122119,1.0448349280050024,0.004861637360590976
Standard_GA,rosenbrock,50,128,200,0.8,0.8,0.2,0.9,1141292.204375,185125.43610923222,41103.354527522744,1.0283739530132152,0.004865782909910195
Standard_GA,rosenbrock,50,128,200,0.8,0.8,0.2,1.0,1141292.204375,185125.43610923222,40467.199140502555,1.017198692978127,0.004942274341883604
Standard_GA,rosenbrock,50,128,200,0.8,0.8,0.4,0.5,1141292.204375,185125.43610923222,40365.780412917,1.0807615219964646,0.004954691769962665
Standard_GA,rosenbrock,50,128,200,0.8,0.8,0.4,0.7,1141292.204375,185125.43610923222,40905.559095619756,1.0522563509875908,0.00488931099884212
Standard_GA,rosenbrock,50,128,200,0.8,0.8,0.4,0.8,1141292.204375,185125.43610923222,41250.46224467749,1.0510595059895422,0.004848430517304223
Standard_GA,rosenbrock,50,128,200,0.8,0.8,0.4,0.9,1141292.204375,185125.43610923222,40778.58104643373,1.058990065997932,0.004904535539681092
Standard_GA,rosenbrock,50,128,200,0.8,0.8,0.4,1.0,1141292.204375,185125.43610923222,40316.76120771187,1.0469151360157412,0.0049607159406878055
Standard_GA,rosenbrock,50,128,200,0.8,0.8,0.3,0.5,1141292.204375,185125.43610923222,40471.0915116022,1.0063253809930757,0.004941799010848627
Standard_GA,rosenbrock,50,128,200,0.8,0.8,0.3,0.7,1141292.204375,185125.43610923222,41057.781809360815,1.056292488006875,0.004871183760697022
Standard_GA,rosenbrock,50,128,200,0.8,0.8,0.3,0.8,1141292.204375,185125.43610923222,41689.7832234509,1.0303380679979455,0.004797338449279777
Standard_GA,rosenbrock,50,128,200,0.8,0.8,0.3,0.9,1141292.204375,185125.43610923222,41519.153862985004,1.0176162089919671,0.00481705385085661
Standard_GA,rosenbrock,50,128,200,0.8,0.8,0.3,1.0,1141292.204375,185125.43610923222,40753.432340845015,1.057135968003422,0.004907562099979259
Standard_GA,rosenbrock,50,128,200,0.8,0.8,0.6,0.5,1141292.204375,185125.43610923222,40273.54696683461,1.0140785230032634,0.004966038878192194
Standard_GA,rosenbrock,50,128,200,0.8,0.8,0.6,0.7,1141292.204375,185125.43610923222,40282.2148513353,1.0430403229838703,0.004964970291184727
Standard_GA,rosenbrock,50,128,200,0.8,0.8,0.6,0.8,1141292.204375,185125.43610923222,40236.65834772046,1.0531114919867832,0.004970591699529905
Standard_GA,rosenbrock,50,128,200,0.8,0.8,0.6,0.9,1141292.204375,185125.43610923222,40486.15204336649,1.0526475330116227,0.004939960700285156
Standard_GA,rosenbrock,50,128,200,0.8,0.8,0.6,1.0,1141292.204375,185125.43610923222,41094.285588213526,1.0409679969889112,0.00486685672076419
Standard_GA,rosenbrock,50,128,200,0.8,0.8,0.7,0.5,1141292.204375,185125.43610923222,40142.37915401855,1.093686765001621,0.0049822657305048776
Standard_GA,rosenbrock,50,128,200,0.8,0.8,0.7,0.7,1141292.204375,185125.43610923222,40532.95649445065,1.1387924779846799,0.0049342564001563
Standard_GA,rosenbrock,50,128,200,0.8,0.8,0.7,0.8,1141292.204375,185125.43610923222,40322.53398635784,1.1046812550048344,0.004960005739412736
Standard_GA,rosenbrock,50,128,200,0.8,0.8,0.7,0.9,1141292.204375,185125.43610923222,40548.4893694838,1.0890656069968827,0.004932366238790564
Standard_GA,rosenbrock,50,128,200,0.8,0.8,0.7,1.0,1141292.204375,185125.43610923222,40986.88130934743,1.1357848129991908,0.004879610099887941
Standard_GA,rosenbrock,50,128,200,0.8,1.0,0.5,0.5,1141292.204375,185125.43610923222,42194.42461357052,0.8596740800130647,0.004739962728053797
Standard_GA,rosenbrock,50,128,200,0.8,1.0,0.5,0.7,1141292.204375,185125.43610923222,42681.92878855486,0.8803641370031983,0.0046858238527784125
Standard_GA,rosenbrock,50,128,200,0.8,1.0,0.5,0.8,1141292.204375,185125.43610923222,43347.59716412453,1.3486659530026373,0.004613865890714806
Standard_GA,rosenbrock,50,128,200,0.8,1.0,0.5,0.9,1141292.204375,185125.43610923222,42326.56201696587,0.8856516870146152,0.004725165250129067
Standard_GA,rosenbrock,50,128,200,0.8,1.0,0.5,1.0,1141292.204375,185125.43610923222,43062.45857732166,0.875271294004051,0.004644416659139097
Standard_GA,rosenbrock,50,128,200,0.8,1.0,0.2,0.5,1141292.204375,185125.43610923222,41393.58138094697,1.0568575549987145,0.004831666971731465
Standard_GA,rosenbrock,50,128,200,0.8,1.0,0.2,0.7,1141292.204375,185125.43610923222,42138.22135821687,1.053299672988942,0.004746284811117221
Standard_GA,rosenbrock,50,128,200,0.8,1.0,0.2,0.8,1141292.204375,185125.43610923222,41662.81988866277,1.0573257649957668,0.00480044318974251
Standard_GA,rosenbrock,50,128,200,0.8,1.0,0.2,0.9,1141292.204375,185125.43610923222,41862.048722199026,1.0613700299873017,0.004777597038482782
Standard_GA,rosenbrock,50,128,200,0.8,1.0,0.2,1.0,1141292.204375,185125.43610923222,42080.841825028816,1.0734462310210802,0.004752756630477961
Standard_GA,rosenbrock,50,128,200,0.8,1.0,0.4,0.5,1141292.204375,185125.43610923222,41184.719060468546,1.0666115490021184,0.004856170068960637
Standard_GA,rosenbrock,50,128,200,0.8,1.0,0.4,0.7,1141292.204375,185125.43610923222,41744.42731197121,1.1012366169888992,0.004791058660484851
Standard_GA,rosenbrock,50,128,200,0.8,1.0,0.4,0.8,1141292.204375,185125.43610923222,41763.480842963305,1.060459176020231,0.0047888728612451815
Standard_GA,rosenbrock,50,128,200,0.8,1.0,0.4,0.9,1141292.204375,185125.43610923222,41713.930544344716,1.0994883599923924,0.004794561370508745
Standard_GA,rosenbrock,50,128,200,0.8,1.0,0.4,1.0,1141292.204375,185125.43610923222,41647.04379127912,1.067994898010511,0.00480226162035251
Standard_GA,rosenbrock,50,128,200,0.8,1.0,0.3,0.5,1141292.204375,185125.43610923222,41051.52149192799,1.0311353349825367,0.004871926611522213
Standard_GA,rosenbrock,50,128,200,0.8,1.0,0.3,0.7,1141292.204375,185125.43610923222,41688.46314298564,1.0785165389825124,0.004797490358760115
Standard_GA,rosenbrock,50,128,200,0.8,1.0,0.3,0.8,1141292.204375,185125.43610923222,40826.15388464706,1.0649724309914745,0.004898820510134101
Standard_GA,rosenbrock,50,128,200,0.8,1.0,0.3,0.9,1141292.204375,185125.43610923222,41292.41330484301,1.054272124019917,0.004843504750460852
Standard_GA,rosenbrock,50,128,200,0.8,1.0,0.3,1.0,1141292.204375,185125.43610923222,41155.38136353191,1.0581450180034153,0.004859631799627095
Standard_GA,rosenbrock,50,128,200,0.8,1.0,0.6,0.5,1141292.204375,185125.43610923222,41021.55661941711,1.0665341209969483,0.004875485390657559
Standard_GA,rosenbrock,50,128,200,0.8,1.0,0.6,0.7,1141292.204375,185125.43610923222,41438.008547305944,1.0540884530055337,0.004826486769306939
Standard_GA,rosenbrock,50,128,200,0.8,1.0,0.6,0.8,1141292.204375,185125.43610923222,41552.20981056205,1.0779410350078251,0.004813221749500372
Standard_GA,rosenbrock,50,128,200,0.8,1.0,0.6,0.9,1141292.204375,185125.43610923222,40883.420313311726,1.0600210780103225,0.004891958609805442
Standard_GA,rosenbrock,50,128,200,0.8,1.0,0.6,1.0,1141292.204375,185125.43610923222,41093.701620162305,1.0639542320277542,0.004866925881942734
Standard_GA,rosenbrock,50,128,200,0.8,1.0,0.7,0.5,1141292.204375,185125.43610923222,40539.21502263691,1.1490176570077892,0.004933494639408309
Standard_GA,rosenbrock,50,128,200,0.8,1.0,0.7,0.7,1141292.204375,185125.43610923222,41135.72774470061,1.112287144002039,0.004861953609797638
Standard_GA,rosenbrock,50,128,200,0.8,1.0,0.7,0.8,1141292.204375,185125.43610923222,40499.85374835696,1.1431837309792172,0.004938289437850471
Standard_GA,rosenbrock,50,128,200,0.8,1.0,0.7,0.9,1141292.204375,185125.43610923222,40867.59292420963,1.1746035550022498,0.004893853190005757
Standard_GA,rosenbrock,50,128,200,0.8,1.0,0.7,1.0,1141292.204375,185125.43610923222,41453.39842882925,1.1457612889935263,0.004824694900307804
Standard_GA,rosenbrock,50,128,200,0.9,0.5,0.5,0.5,1141292.204375,185125.43610923222,41883.66163719708,0.908148610003991,0.004775131690548733
Standard_GA,rosenbrock,50,128,200,0.9,0.5,0.5,0.7,1141292.204375,185125.43610923222,42758.004148131295,0.8866654229932465,0.004677486800064798
Standard_GA,rosenbrock,50,128,200,0.9,0.5,0.5,0.8,1141292.204375,185125.43610923222,42350.49733231745,0.8852182620030362,0.004722494719026145
Standard_GA,rosenbrock,50,128,200,0.9,0.5,0.5,0.9,1141292.204375,185125.43610923222,42067.146156183604,0.8797434489824809,0.00475430397054879
Standard_GA,rosenbrock,50,128,200,0.9,0.5,0.5,1.0,1141292.204375,185125.43610923222,42947.39669160688,0.8834055280021857,0.00465685967967147
Standard_GA,rosenbrock,50,128,200,0.9,0.5,0.2,0.5,1141292.204375,185125.43610923222,41484.057661615014,1.0467037629859988,0.00482112915837206
Standard_GA,rosenbrock,50,128,200,0.9,0.5,0.2,0.7,1141292.204375,185125.43610923222,41346.7272288376,1.0708101080090273,0.0048371422215132045
Standard_GA,rosenbrock,50,128,200,0.9,0.5,0.2,0.8,1141292.204375,185125.43610923222,41210.80377481802,1.0650031030236278,0.004853096316510346
Standard_GA,rosenbrock,50,128,200,0.9,0.5,0.2,0.9,1141292.204375,185125.43610923222,41254.104286720496,1.0474062819848768,0.004848002482613083
Standard_GA,rosenbrock,50,128,200,0.9,0.5,0.2,1.0,1141292.204375,185125.43610923222,40710.311974714044,1.0684252929931972,0.004912760190200061
Standard_GA,rosenbrock,50,128,200,0.9,0.5,0.4,0.5,1141292.204375,185125.43610923222,40925.46514313377,1.072080222016666,0.0048869328497676175
Standard_GA,rosenbrock,50,128,200,0.9,0.5,0.4,0.7,1141292.204375,185125.43610923222,41102.37126874924,1.0854740689974278,0.00486589931009803
Standard_GA,rosenbrock,50,128,200,0.9,0.5,0.4,0.8,1141292.204375,185125.43610923222,40875.80868595647,1.077259376004804,0.004892869558534585
Standard_GA,rosenbrock,50,128,200,0.9,0.5,0.4,0.9,1141292.204375,185125.43610923222,40151.05106594323,1.0766547870007344,0.004981189649843145
Standard_GA,rosenbrock,50,128,200,0.9,0.5,0.4,1.0,1141292.204375,185125.43610923222,40412.28166244994,1.0858140459749848,0.004948990548728034
Standard_GA,rosenbrock,50,128,200,0.9,0.5,0.3,0.5,1141292.204375,185125.43610923222,41083.37331951652,1.0382666880032048,0.004868149420071859
Standard_GA,rosenbrock,50,128,200,0.9,0.5,0.3,0.7,1141292.204375,185125.43610923222,41374.14517555012,1.0302636419946793,0.00483393672911916
Standard_GA,rosenbrock,50,128,200,0.9,0.5,0.3,0.8,1141292.204375,185125.43610923222,40766.2701226038,1.0584894329949748,0.0049060166504932565
Standard_GA,rosenbrock,50,128,200,0.9,0.5,0.3,0.9,1141292.204375,185125.43610923222,40812.04425933089,1.0605563150020316,0.004900514140608721
Standard_GA,rosenbrock,50,128,200,0.9,0.5,0.3,1.0,1141292.204375,185125.43610923222,41262.90188572002,1.06194629802485,0.004846968847559765
Standard_GA,rosenbrock,50,128,200,0.9,0.5,0.6,0.5,1141292.204375,185125.43610923222,40510.23214061506,1.0612614180136006,0.004937024288228713
Standard_GA,rosenbrock,50,128,200,0.9,0.5,0.6,0.7,1141292.204375,185125.43610923222,41438.74150284236,1.0515144899836741,0.004826401399914176
Standard_GA,rosenbrock,50,128,200,0.9,0.5,0.6,0.8,1141292.204375,185125.43610923222,41250.71133497571,1.088119195017498,0.004848401240305975
Standard_GA,rosenbrock,50,128,200,0.9,0.5,0.6,0.9,1141292.204375,185125.43610923222,41211.543125944416,1.0914594779897016,0.004853009250073228
Standard_GA,rosenbrock,50,128,200,0.9,0.5,0.6,1.0,1141292.204375,185125.43610923222,42029.244116545844,1.0829931700136513,0.004758591409481597
Standard_GA,rosenbrock,50,128,200,0.9,0.5,0.7,0.5,1141292.204375,185125.43610923222,41571.919595305284,1.110680373996729,0.004810939738817978
Standard_GA,rosenbrock,50,128,200,0.9,0.5,0.7,0.7,1141292.204375,185125.43610923222,41489.23390216475,1.1411996929964516,0.004820527669216972
Standard_GA,rosenbrock,50,128,200,0.9,0.5,0.7,0.8,1141292.204375,185125.43610923222,40756.34002559137,1.1385547239915468,0.004907211979152635
Standard_GA,rosenbrock,50,128,200,0.9,0.5,0.7,0.9,1141292.204375,185125.43610923222,41403.43500804912,1.1414716530125588,0.004830517080554273
Standard_GA,rosenbrock,50,128,200,0.9,0.5,0.7,1.0,1141292.204375,185125.43610923222,41471.44236240119,1.1534424999845214,0.004822595709410962
Standard_GA,rosenbrock,50,128,200,0.9,0.8,0.5,0.5,1141292.204375,185125.43610923222,41343.4867951302,0.9029465490020812,0.004837521348672453
Standard_GA,rosenbrock,50,128,200,0.9,0.8,0.5,0.7,1141292.204375,185125.43610923222,42160.15159278923,0.8947586900030728,0.0047438159599551
Standard_GA,rosenbrock,50,128,200,0.9,0.8,0.5,0.8,1141292.204375,185125.43610923222,42131.23153507239,0.8723051290144213,0.004747072248137556
Standard_GA,rosenbrock,50,128,200,0.9,0.8,0.5,0.9,1141292.204375,185125.43610923222,42704.45348015238,0.8796105369983707,0.004683352290012408
Standard_GA,rosenbrock,50,128,200,0.9,0.8,0.5,1.0,1141292.204375,185125.43610923222,40882.51407101791,0.8732844960177317,0.004892067049804609
Standard_GA,rosenbrock,50,128,200,0.9,0.8,0.2,0.5,1141292.204375,185125.43610923222,40494.36458641949,1.0497834630077705,0.004938958841376006
Standard_GA,rosenbrock,50,128,200,0.9,0.8,0.2,0.7,1141292.204375,185125.43610923222,40603.57209824743,1.0603435290104244,0.004925675000122282
Standard_GA,rosenbrock,50,128,200,0.9,0.8,0.2,0.8,1141292.204375,185125.43610923222,41066.570549538774,1.0662451900134329,0.0048701412687660196
Standard_GA,rosenbrock,50,128,200,0.9,0.8,0.2,0.9,1141292.204375,185125.43610923222,40994.980720377585,1.0312303639948368,0.004878646031429525
Standard_GA,rosenbrock,50,128,200,0.9,0.8,0.2,1.0,1141292.204375,185125.43610923222,40255.02526394572,1.0422704789962154,0.004968323797802441
Standard_GA,rosenbrock,50,128,200,0.9,0.8,0.4,0.5,1141292.204375,185125.43610923222,40760.48217081518,1.1100241649837699,0.004906713300442789
Standard_GA,rosenbrock,50,128,200,0.9,0.8,0.4,0.7,1141292.204375,185125.43610923222,41228.730361341564,1.0680686720006634,0.004850986150850076
Standard_GA,rosenbrock,50,128,200,0.9,0.8,0.4,0.8,1141292.204375,185125.43610923222,41093.06070117997,1.0622525359794963,0.004867001790262293
Standard_GA,rosenbrock,50,128,200,0.9,0.8,0.4,0.9,1141292.204375,185125.43610923222,41036.65856341989,1.0821435219841078,0.004873691158136353
Standard_GA,rosenbrock,50,128,200,0.9,0.8,0.4,1.0,1141292.204375,185125.43610923222,41200.18114476248,1.0662634170148522,0.004854347588843666
Standard_GA,rosenbrock,50,128,200,0.9,0.8,0.3,0.5,1141292.204375,185125.43610923222,41022.70698376797,1.0752419699856546,0.004875348671630491
Standard_GA,rosenbrock,50,128,200,0.9,0.8,0.3,0.7,1141292.204375,185125.43610923222,40949.608381668324,1.0494581200182438,0.004884051591798198
Standard_GA,rosenbrock,50,128,200,0.9,0.8,0.3,0.8,1141292.204375,185125.43610923222,40611.45771303986,1.074978693999583,0.004924718571128323
Standard_GA,rosenbrock,50,128,200,0.9,0.8,0.3,0.9,1141292.204375,185125.43610923222,40639.1716894072,1.0453675290045794,0.004921360148000531
Standard_GA,rosenbrock,50,128,200,0.9,0.8,0.3,1.0,1141292.204375,185125.43610923222,41410.908229332126,1.0603342939866707,0.004829645341087599
Standard_GA,rosenbrock,50,128,200,0.9,0.8,0.6,0.5,1141292.204375,185125.43610923222,40780.47350213458,1.0351904710114468,0.004904307940159924
Standard_GA,rosenbrock,50,128,200,0.9,0.8,0.6,0.7,1141292.204375,185125.43610923222,40135.38525687782,1.0743261429888662,0.004983133928326424
Standard_GA,rosenbrock,50,128,200,0.9,0.8,0.6,0.8,1141292.204375,185125.43610923222,40082.39594396059,1.0864263710100204,0.00498972167930333
Standard_GA,rosenbrock,50,128,200,0.9,0.8,0.6,0.9,1141292.204375,185125.43610923222,41559.62681286196,1.0560692040016875,0.004812362750526517
Standard_GA,rosenbrock,50,128,200,0.9,0.8,0.6,1.0,1141292.204375,185125.43610923222,41549.81871367698,1.0634625039820094,0.004813498739385977
Standard_GA,rosenbrock,50,128,200,0.9,0.8,0.7,0.5,1141292.204375,185125.43610923222,40713.13552953029,1.1018670749908779,0.004912419478350785
Standard_GA,rosenbrock,50,128,200,0.9,0.8,0.7,0.7,1141292.204375,185125.43610923222,40950.39268120676,1.135835674998816,0.00488395805034088
Standard_GA,rosenbrock,50,128,200,0.9,0.8,0.7,0.8,1141292.204375,185125.43610923222,41720.22978975485,1.1159336600103416,0.004793837450270075
Standard_GA,rosenbrock,50,128,200,0.9,0.8,0.7,0.9,1141292.204375,185125.43610923222,41654.195310578514,1.1424385890131816,0.004801437130372506
Standard_GA,rosenbrock,50,128,200,0.9,0.8,0.7,1.0,1141292.204375,185125.43610923222,41881.085880205406,1.132177085004514,0.004775425369152799
Standard_GA,rosenbrock,50,128,200,0.9,1.0,0.5,0.5,1141292.204375,185125.43610923222,41719.38230995317,0.8846874500159174,0.004793934831395745
Standard_GA,rosenbrock,50,128,200,0.9,1.0,0.5,0.7,1141292.204375,185125.43610923222,42500.40914361371,0.8774682039802428,0.004705837050278205
Standard_GA,rosenbrock,50,128,200,0.9,1.0,0.5,0.8,1141292.204375,185125.43610923222,41936.75244860869,0.8923318730085157,0.0047690865010372365
Standard_GA,rosenbrock,50,128,200,0.9,1.0,0.5,0.9,1141292.204375,185125.43610923222,42792.33527577273,0.8896065299923066,0.004673734179523308
Standard_GA,rosenbrock,50,128,200,0.9,1.0,0.5,1.0,1141292.204375,185125.43610923222,41765.00934947758,0.899953442014521,0.004788697599142324
Standard_GA,rosenbrock,50,128,200,0.9,1.0,0.2,0.5,1141292.204375,185125.43610923222,40825.48510923239,1.0432426279876381,0.004898900759289972
Standard_GA,rosenbrock,50,128,200,0.9,1.0,0.2,0.7,1141292.204375,185125.43610923222,41813.74703749742,1.0794966680114157,0.004783115940808784
Standard_GA,rosenbrock,50,128,200,0.9,1.0,0.2,0.8,1141292.204375,185125.43610923222,41626.24264699716,1.0438309430028312,0.0048046613694168626
Standard_GA,rosenbrock,50,128,200,0.9,1.0,0.2,0.9,1141292.204375,185125.43610923222,41966.621173533946,1.0540667080204003,0.0047656922193709764
Standard_GA,rosenbrock,50,128,200,0.9,1.0,0.2,1.0,1141292.204375,185125.43610923222,40867.089127343555,1.0551603400090244,0.004893913519917987
Standard_GA,rosenbrock,50,128,200,0.9,1.0,0.4,0.5,1141292.204375,185125.43610923222,40282.50767535876,1.1053103329904843,0.004964934199524578
Standard_GA,rosenbrock,50,128,200,0.9,1.0,0.4,0.7,1141292.204375,185125.43610923222,41373.47842587668,1.0881938080128748,0.004834014629886951
Standard_GA,rosenbrock,50,128,200,0.9,1.0,0.4,0.8,1141292.204375,185125.43610923222,41940.478407973955,1.098562461003894,0.00476866281911498
Standard_GA,rosenbrock,50,128,200,0.9,1.0,0.4,0.9,1141292.204375,185125.43610923222,41327.39030359074,1.0720693129987922,0.004839405501552391
Standard_GA,rosenbrock,50,128,200,0.9,1.0,0.4,1.0,1141292.204375,185125.43610923222,41515.91743779653,1.1033982139779255,0.004817429370305036
Standard_GA,rosenbrock,50,128,200,0.9,1.0,0.3,0.5,1141292.204375,185125.43610923222,41154.84394100113,1.0378289590007626,0.004859695259365253
Standard_GA,rosenbrock,50,128,200,0.9,1.0,0.3,0.7,1141292.204375,185125.43610923222,42066.01398649359,1.0415256879932713,0.004754431928449776
Standard_GA,rosenbrock,50,128,200,0.9,1.0,0.3,0.8,1141292.204375,185125.43610923222,41727.65954498729,1.0831698260153644,0.004792983890802134
Standard_GA,rosenbrock,50,128,200,0.9,1.0,0.3,0.9,1141292.204375,185125.43610923222,40705.04773156118,1.0770028150000144,0.004913395540497732
Standard_GA,rosenbrock,50,128,200,0.9,1.0,0.3,1.0,1141292.204375,185125.43610923222,41571.561939699524,1.0738279730139766,0.004810981129121501
Standard_GA,rosenbrock,50,128,200,0.9,1.0,0.6,0.5,1141292.204375,185125.43610923222,41545.600863451065,1.0290998349955771,0.004813987422094215
Standard_GA,rosenbrock,50,128,200,0.9,1.0,0.6,0.7,1141292.204375,185125.43610923222,42100.09840251861,1.0878929260070436,0.004750582720444072
Standard_GA,rosenbrock,50,128,200,0.9,1.0,0.6,0.8,1141292.204375,185125.43610923222,41384.49160484315,1.0823583960009273,0.004832728209148627
Standard_GA,rosenbrock,50,128,200,0.9,1.0,0.6,0.9,1141292.204375,185125.43610923222,41311.17181716342,1.0479231099889148,0.004841305419395212
Standard_GA,rosenbrock,50,128,200,0.9,1.0,0.6,1.0,1141292.204375,185125.43610923222,41463.88157753134,1.0795642010052688,0.004823475091834553
Standard_GA,rosenbrock,50,128,200,0.9,1.0,0.7,0.5,1141292.204375,185125.43610923222,41377.98301154578,1.1367693259962834,0.004833488378208131
Standard_GA,rosenbrock,50,128,200,0.9,1.0,0.7,0.7,1141292.204375,185125.43610923222,42317.689917361124,1.1127333710028324,0.004726155902899336
Standard_GA,rosenbrock,50,128,200,0.9,1.0,0.7,0.8,1141292.204375,185125.43610923222,41961.09128293908,1.124690839991672,0.004766320271592121
Standard_GA,rosenbrock,50,128,200,0.9,1.0,0.7,0.9,1141292.204375,185125.43610923222,41472.69059925576,1.1222074370016344,0.004822450559877325
Standard_GA,rosenbrock,50,128,200,0.9,1.0,0.7,1.0,1141292.204375,185125.43610923222,41488.46101358016,1.113004531012848,0.004820617470832076
Standard_GA,rosenbrock,50,128,200,1.0,0.5,0.5,0.5,1141292.204375,185125.43610923222,41581.72170257239,0.8943206099793315,0.004809805650438648
Standard_GA,rosenbrock,50,128,200,1.0,0.5,0.5,0.7,1141292.204375,185125.43610923222,42222.78375252027,0.9279189599910751,0.00473677910893457
Standard_GA,rosenbrock,50,128,200,1.0,0.5,0.5,0.8,1141292.204375,185125.43610923222,42896.19299466978,0.9018144739966374,0.004662418411462568
Standard_GA,rosenbrock,50,128,200,1.0,0.5,0.5,0.9,1141292.204375,185125.43610923222,42134.354919171,0.9129156470007729,0.004746720351686235
Standard_GA,rosenbrock,50,128,200,1.0,0.5,0.5,1.0,1141292.204375,185125.43610923222,41795.51090000614,0.8930490970087703,0.004785202900820878
Standard_GA,rosenbrock,50,128,200,1.0,0.5,0.2,0.5,1141292.204375,185125.43610923222,40829.474280470735,1.0436452349822503,0.004898422120895703
Standard_GA,rosenbrock,50,128,200,1.0,0.5,0.2,0.7,1141292.204375,185125.43610923222,40988.088215507865,1.0577129480079748,0.004879466418351512
Standard_GA,rosenbrock,50,128,200,1.0,0.5,0.2,0.8,1141292.204375,185125.43610923222,41103.609399508736,1.0657929250155576,0.004865752738551237
Standard_GA,rosenbrock,50,128,200,1.0,0.5,0.2,0.9,1141292.204375,185125.43610923222,40512.676902988285,1.043180932989344,0.0049367263604653995
Standard_GA,rosenbrock,50,128,200,1.0,0.5,0.2,1.0,1141292.204375,185125.43610923222,40457.07169384315,1.0837409390078392,0.004943511520395987
Standard_GA,rosenbrock,50,128,200,1.0,0.5,0.4,0.5,1141292.204375,185125.43610923222,40532.574595004844,1.0856648559856694,0.004934302890906111
Standard_GA,rosenbrock,50,128,200,1.0,0.5,0.4,0.7,1141292.204375,185125.43610923222,40901.34865997357,1.0883175380004104,0.004889814310590736
Standard_GA,rosenbrock,50,128,200,1.0,0.5,0.4,0.8,1141292.204375,185125.43610923222,41492.03594360913,1.086660964996554,0.004820202129194513
Standard_GA,rosenbrock,50,128,200,1.0,0.5,0.4,0.9,1141292.204375,185125.43610923222,40346.43117018682,1.1157747360120993,0.004957067928917241
Standard_GA,rosenbrock,50,128,200,1.0,0.5,0.4,1.0,1141292.204375,185125.43610923222,40505.067728962546,1.1286446890153456,0.004937653760716785
Standard_GA,rosenbrock,50,128,200,1.0,0.5,0.3,0.5,1141292.204375,185125.43610923222,40818.542901755296,1.0424854200100526,0.004899733939091675
Standard_GA,rosenbrock,50,128,200,1.0,0.5,0.3,0.7,1141292.204375,185125.43610923222,41162.19252198882,1.0794468779931776,0.00485882767039584
Standard_GA,rosenbrock,50,128,200,1.0,0.5,0.3,0.8,1141292.204375,185125.43610923222,41144.878640829585,1.0790667000110261,0.004860872278804891
Standard_GA,rosenbrock,50,128,200,1.0,0.5,0.3,0.9,1141292.204375,185125.43610923222,42093.01771242376,1.0480655840074178,0.004751381841197144
Standard_GA,rosenbrock,50,128,200,1.0,0.5,0.3,1.0,1141292.204375,185125.43610923222,41613.6765054849,1.0732274119800422,0.004806112239893991
Standard_GA,rosenbrock,50,128,200,1.0,0.5,0.6,0.5,1141292.204375,185125.43610923222,41420.746437698355,1.0263684899837244,0.004828498209244572
Standard_GA,rosenbrock,50,128,200,1.0,0.5,0.6,0.7,1141292.204375,185125.43610923222,40936.74480008645,1.067887270997744,0.00488558631070191
Standard_GA,rosenbrock,50,128,200,1.0,0.5,0.6,0.8,1141292.204375,185125.43610923222,41058.80012881738,1.0769362690043636,0.004871062948077451
Standard_GA,rosenbrock,50,128,200,1.0,0.5,0.6,0.9,1141292.204375,185125.43610923222,41952.036386826396,1.066988615988521,0.004767349030589685
Standard_GA,rosenbrock,50,128,200,1.0,0.5,0.6,1.0,1141292.204375,185125.43610923222,40617.21224395828,1.0659701590193436,0.004924020851030946
Standard_GA,rosenbrock,50,128,200,1.0,0.5,0.7,0.5,1141292.204375,185125.43610923222,40299.94549139286,1.14815645001363,0.004962785868847277
Standard_GA,rosenbrock,50,128,200,1.0,0.5,0.7,0.7,1141292.204375,185125.43610923222,40725.70283873503,1.1285740520106629,0.004910903583222535
Standard_GA,rosenbrock,50,128,200,1.0,0.5,0.7,0.8,1141292.204375,185125.43610923222,40677.344992970764,1.1498489569930825,0.0049167417400167324
Standard_GA,rosenbrock,50,128,200,1.0,0.5,0.7,0.9,1141292.204375,185125.43610923222,41375.788401134916,1.115859821002232,0.004833744750940241
Standard_GA,rosenbrock,50,128,200,1.0,0.5,0.7,1.0,1141292.204375,185125.43610923222,40131.90956180999,1.1560096960165538,0.0049835655014612715
Standard_GA,rosenbrock,50,128,200,1.0,0.8,0.5,0.5,1141292.204375,185125.43610923222,40913.96997429124,0.8887265980010852,0.004888305880012922
Standard_GA,rosenbrock,50,128,200,1.0,0.8,0.5,0.7,1141292.204375,185125.43610923222,41265.21594095683,0.892105637001805,0.0048466970410663635
Standard_GA,rosenbrock,50,128,200,1.0,0.8,0.5,0.8,1141292.204375,185125.43610923222,42081.96543340867,0.9066232219920494,0.004752629729628097
Standard_GA,rosenbrock,50,128,200,1.0,0.8,0.5,0.9,1141292.204375,185125.43610923222,41395.38211388872,0.8957192309899256,0.0048314567902707495
Standard_GA,rosenbrock,50,128,200,1.0,0.8,0.5,1.0,1141292.204375,185125.43610923222,41583.68426503047,0.8983253960032016,0.004809578649292235
Standard_GA,rosenbrock,50,128,200,1.0,0.8,0.2,0.5,1141292.204375,185125.43610923222,40512.63423476097,1.063674112985609,0.004936731559864711
Standard_GA,rosenbrock,50,128,200,1.0,0.8,0.2,0.7,1141292.204375,185125.43610923222,40942.202009428,1.0935325780010317,0.004884935108129866
Standard_GA,rosenbrock,50,128,200,1.0,0.8,0.2,0.8,1141292.204375,185125.43610923222,40915.92559194222,1.045874363015173,0.004888072238536552
Standard_GA,rosenbrock,50,128,200,1.0,0.8,0.2,0.9,1141292.204375,185125.43610923222,41069.48630602143,1.0507695380074438,0.004869795509730466
Standard_GA,rosenbrock,50,128,200,1.0,0.8,0.2,1.0,1141292.204375,185125.43610923222,40678.54390001936,1.0486287209787406,0.0049165968302986585
Standard_GA,rosenbrock,50,128,200,1.0,0.8,0.4,0.5,1141292.204375,185125.43610923222,40339.106338771955,1.085890674003167,0.004957968040253035
Standard_GA,rosenbrock,50,128,200,1.0,0.8,0.4,0.7,1141292.204375,185125.43610923222,40886.022097953595,1.1017032770032529,0.004891647309705149
Standard_GA,rosenbrock,50,128,200,1.0,0.8,0.4,0.8,1141292.204375,185125.43610923222,40016.65026533936,1.0847073500044644,0.004997919582820032
Standard_GA,rosenbrock,50,128,200,1.0,0.8,0.4,0.9,1141292.204375,185125.43610923222,40424.81270863861,1.1061389289970975,0.004947456440713722
Standard_GA,rosenbrock,50,128,200,1.0,0.8,0.4,1.0,1141292.204375,185125.43610923222,40835.23648421208,1.0906617769796867,0.004897730911325198
Standard_GA,rosenbrock,50,128,200,1.0,0.8,0.3,0.5,1141292.204375,185125.43610923222,40432.45878040418,1.0546062259818427,0.004946520840749144
Standard_GA,rosenbrock,50,128,200,1.0,0.8,0.3,0.7,1141292.204375,185125.43610923222,40185.52710051475,1.0419194679998327,0.004976916179293767
Standard_GA,rosenbrock,50,128,200,1.0,0.8,0.3,0.8,1141292.204375,185125.43610923222,40759.884074621405,1.0807347689988092,0.004906785299826879
Standard_GA,rosenbrock,50,128,200,1.0,0.8,0.3,0.9,1141292.204375,185125.43610923222,40692.657651058435,1.0701986119966023,0.004914891568769235
Standard_GA,rosenbrock,50,128,200,1.0,0.8,0.3,1.0,1141292.204375,185125.43610923222,41682.83812674494,1.0404148959787562,0.004798137770558241
Standard_GA,rosenbrock,50,128,200,1.0,0.8,0.6,0.5,1141292.204375,185125.43610923222,41543.85058626148,1.0603872899955604,0.0048141902394127105
Standard_GA,rosenbrock,50,128,200,1.0,0.8,0.6,0.7,1141292.204375,185125.43610923222,41537.29788128259,1.067138004989829,0.004814949700667057
Standard_GA,rosenbrock,50,128,200,1.0,0.8,0.6,0.8,1141292.204375,185125.43610923222,41477.74779727069,1.0929111409932375,0.00482186257984722
Standard_GA,rosenbrock,50,128,200,1.0,0.8,0.6,0.9,1141292.204375,185125.43610923222,41099.08564577678,1.0724266890028957,0.0048662883092765695
Standard_GA,rosenbrock,50,128,200,1.0,0.8,0.6,1.0,1141292.204375,185125.43610923222,41220.65378374432,1.0801873250165954,0.004851936629856937
Standard_GA,rosenbrock,50,128,200,1.0,0.8,0.7,0.5,1141292.204375,185125.43610923222,40798.33128282458,1.1498049740039278,0.004902161282370798
Standard_GA,rosenbrock,50,128,200,1.0,0.8,0.7,0.7,1141292.204375,185125.43610923222,41509.71875883205,1.1799592619936448,0.004818148760823533
Standard_GA,rosenbrock,50,128,200,1.0,0.8,0.7,0.8,1141292.204375,185125.43610923222,41463.27048384443,1.1629071780189406,0.004823546181141864
Standard_GA,rosenbrock,50,128,200,1.0,0.8,0.7,0.9,1141292.204375,185125.43610923222,41247.69954359897,1.1466291680117138,0.004848755256971344
Standard_GA,rosenbrock,50,128,200,1.0,0.8,0.7,1.0,1141292.204375,185125.43610923222,40955.28497397534,1.1557168170111254,0.004883374639612157
Standard_GA,rosenbrock,50,128,200,1.0,1.0,0.5,0.5,1141292.204375,185125.43610923222,41126.205451976406,0.9058254929841496,0.004863079338392708
Standard_GA,rosenbrock,50,128,200,1.0,1.0,0.5,0.7,1141292.204375,185125.43610923222,41423.978583428776,0.8977573680167552,0.004828121461032424
Standard_GA,rosenbrock,50,128,200,1.0,1.0,0.5,0.8,1141292.204375,185125.43610923222,41905.77947260112,0.9187971279898193,0.0047726113800308665
Standard_GA,rosenbrock,50,128,200,1.0,1.0,0.5,0.9,1141292.204375,185125.43610923222,42123.088136866274,0.9051504620001651,0.004747989970492199
Standard_GA,rosenbrock,50,128,200,1.0,1.0,0.5,1.0,1141292.204375,185125.43610923222,41665.71250639967,0.9067940349923447,0.0048001099217799496
Standard_GA,rosenbrock,50,128,200,1.0,1.0,0.2,0.5,1141292.204375,185125.43610923222,40778.34614546961,1.0924619549768977,0.004904563791933469
Standard_GA,rosenbrock,50,128,200,1.0,1.0,0.2,0.7,1141292.204375,185125.43610923222,41427.77734898851,1.0868535500194412,0.004827678741130512
Standard_GA,rosenbrock,50,128,200,1.0,1.0,0.2,0.8,1141292.204375,185125.43610923222,40866.552699362575,1.079088746017078,0.0048939777590567245
Standard_GA,rosenbrock,50,128,200,1.0,1.0,0.2,0.9,1141292.204375,185125.43610923222,40946.142934161544,1.0922244210087229,0.004884464950009715
Standard_GA,rosenbrock,50,128,200,1.0,1.0,0.2,1.0,1141292.204375,185125.43610923222,40511.2383824626,1.0569679660256952,0.004936901659530122
Standard_GA,rosenbrock,50,128,200,1.0,1.0,0.4,0.5,1141292.204375,185125.43610923222,40641.0082740001,1.1095029620046262,0.004921137749624905
Standard_GA,rosenbrock,50,128,200,1.0,1.0,0.4,0.7,1141292.204375,185125.43610923222,41142.71070434547,1.0631600639899261,0.004861128413176629
Standard_GA,rosenbrock,50,128,200,1.0,1.0,0.4,0.8,1141292.204375,185125.43610923222,41048.696253090406,1.0933827580010984,0.004872261929267552
Standard_GA,rosenbrock,50,128,200,1.0,1.0,0.4,0.9,1141292.204375,185125.43610923222,41364.18852580334,1.0962519129971042,0.00483510029152967
Standard_GA,rosenbrock,50,128,200,1.0,1.0,0.4,1.0,1141292.204375,185125.43610923222,40925.76418631429,1.081534158991417,0.004886897141113877
Standard_GA,rosenbrock,50,128,200,1.0,1.0,0.3,0.5,1141292.204375,185125.43610923222,41458.478763400366,1.0539812899951357,0.004824103680730332
Standard_GA,rosenbrock,50,128,200,1.0,1.0,0.3,0.7,1141292.204375,185125.43610923222,42150.08786384591,1.07348996802466,0.004744948590523563
Standard_GA,rosenbrock,50,128,200,1.0,1.0,0.3,0.8,1141292.204375,185125.43610923222,41069.154446437,1.0634589940018486,0.004869834860146511
Standard_GA,rosenbrock,50,128,200,1.0,1.0,0.3,0.9,1141292.204375,185125.43610923222,41185.785565126396,1.0615650320251007,0.004856044318585191
Standard_GA,rosenbrock,50,128,200,1.0,1.0,0.3,1.0,1141292.204375,185125.43610923222,41026.59394421289,1.063230380997993,0.0048748867691028866
Standard_GA,rosenbrock,50,128,200,1.0,1.0,0.6,0.5,1141292.204375,185125.43610923222,41666.60068454742,1.0775423189916182,0.004800007601152174
Standard_GA,rosenbrock,50,128,200,1.0,1.0,0.6,0.7,1141292.204375,185125.43610923222,41858.7719152124,1.0744674309971742,0.004777971040457487
Standard_GA,rosenbrock,50,128,200,1.0,1.0,0.6,0.8,1141292.204375,185125.43610923222,42493.612552622355,1.0471710189885926,0.004706589719862677
Standard_GA,rosenbrock,50,128,200,1.0,1.0,0.6,0.9,1141292.204375,185125.43610923222,42019.13082931882,1.030031490023248,0.004759736721171066
Standard_GA,rosenbrock,50,128,200,1.0,1.0,0.6,1.0,1141292.204375,185125.43610923222,41787.89492368187,1.0770250929926988,0.0047860750192194245
Standard_GA,rosenbrock,50,128,200,1.0,1.0,0.7,0.5,1141292.204375,185125.43610923222,41263.41214639114,1.1582447310211137,0.004846908910258208
Standard_GA,rosenbrock,50,128,200,1.0,1.0,0.7,0.7,1141292.204375,185125.43610923222,41307.336032442865,1.14139842701843,0.004841754981316626
Standard_GA,rosenbrock,50,128,200,1.0,1.0,0.7,0.8,1141292.204375,185125.43610923222,42225.51226777966,1.1186175479961094,0.004736473029188346
Standard_GA,rosenbrock,50,128,200,1.0,1.0,0.7,0.9,1141292.204375,185125.43610923222,41474.144480826726,1.2029912379803136,0.004822281508240849
Standard_GA,rosenbrock,50,128,200,1.0,1.0,0.7,1.0,1141292.204375,185125.43610923222,41431.53192829131,1.1540796760236844,0.004827241250604857
Standard_GA,schaffers_f7,50,128,200,0.8,0.5,0.5,0.5,66.01237483978271,2.7422447377563612,27619.23942670212,1.8210517539991997,0.0072413290210533885
Standard_GA,schaffers_f7,50,128,200,0.8,0.5,0.5,0.7,66.01237483978271,2.7422447377563612,27574.785686465664,1.1869218999927398,0.007253002880024724
Standard_GA,schaffers_f7,50,128,200,0.8,0.5,0.5,0.8,66.01237483978271,2.7422447377563612,27354.324930730585,1.1484425659873523,0.007311458078620489
Standard_GA,schaffers_f7,50,128,200,0.8,0.5,0.5,0.9,66.01237483978271,2.7422447377563612,27322.833698042396,1.1452879299758933,0.007319884980097413
Standard_GA,schaffers_f7,50,128,200,0.8,0.5,0.5,1.0,66.01237483978271,2.7422447377563612,27383.534522284488,1.159139318013331,0.00730365905968938
Standard_GA,schaffers_f7,50,128,200,0.8,0.5,0.2,0.5,66.01237483978271,2.7422447377563612,28292.8100301071,1.4103540719952434,0.0070689337604562755
Standard_GA,schaffers_f7,50,128,200,0.8,0.5,0.2,0.7,66.01237483978271,2.7422447377563612,28460.819173465257,1.4100287609908264,0.007027204620535485
Standard_GA,schaffers_f7,50,128,200,0.8,0.5,0.2,0.8,66.01237483978271,2.7422447377563612,28850.562673117965,1.32581264100736,0.006932273809215985
Standard_GA,schaffers_f7,50,128,200,0.8,0.5,0.2,0.9,66.01237483978271,2.7422447377563612,28723.871816962353,1.331452940008603,0.006962849621195346
Standard_GA,schaffers_f7,50,128,200,0.8,0.5,0.2,1.0,66.01237483978271,2.7422447377563612,28780.39914438926,1.2888461649999954,0.0069491739498334934
Standard_GA,schaffers_f7,50,128,200,0.8,0.5,0.4,0.5,66.01237483978271,2.7422447377563612,28692.841638388472,1.3592581129923929,0.006970379668928217
Standard_GA,schaffers_f7,50,128,200,0.8,0.5,0.4,0.7,66.01237483978271,2.7422447377563612,28731.179228016503,1.3154612179787364,0.00696107870870037
Standard_GA,schaffers_f7,50,128,200,0.8,0.5,0.4,0.8,66.01237483978271,2.7422447377563612,28739.260647659015,2.05964455998037,0.006959121268009767
Standard_GA,schaffers_f7,50,128,200,0.8,0.5,0.4,0.9,66.01237483978271,2.7422447377563612,28537.65075782448,1.3600361309945583,0.007008285359479487
Standard_GA,schaffers_f7,50,128,200,0.8,0.5,0.4,1.0,66.01237483978271,2.7422447377563612,28745.485688509503,1.3772338170092553,0.006957614220445976
Standard_GA,schaffers_f7,50,128,200,0.8,0.5,0.3,0.5,66.01237483978271,2.7422447377563612,28175.948784741595,1.3532779189990833,0.007098252538999077
Standard_GA,schaffers_f7,50,128,200,0.8,0.5,0.3,0.7,66.01237483978271,2.7422447377563612,28364.354280545635,1.3022918280039448,0.007051103579578921
Standard_GA,schaffers_f7,50,128,200,0.8,0.5,0.3,0.8,66.01237483978271,2.7422447377563612,28470.47479288476,1.363201369997114,0.007024821379163768
Standard_GA,schaffers_f7,50,128,200,0.8,0.5,0.3,0.9,66.01237483978271,2.7422447377563612,28406.656172461935,1.3323537290270906,0.007040603398927488
Standard_GA,schaffers_f7,50,128,200,0.8,0.5,0.3,1.0,66.01237483978271,2.7422447377563612,28254.252150083088,1.2938850969949272,0.00707858055975521
Standard_GA,schaffers_f7,50,128,200,0.8,0.5,0.6,0.5,66.01237483978271,2.7422447377563612,28613.154678162642,1.3149991650134325,0.006989792011736427
Standard_GA,schaffers_f7,50,128,200,0.8,0.5,0.6,0.7,66.01237483978271,2.7422447377563612,28421.801873099856,1.3292001929949038,0.007036851530137937
Standard_GA,schaffers_f7,50,128,200,0.8,0.5,0.6,0.8,66.01237483978271,2.7422447377563612,28259.6785440255,1.3412827599968296,0.007077221338113305
Standard_GA,schaffers_f7,50,128,200,0.8,0.5,0.6,0.9,66.01237483978271,2.7422447377563612,28277.735249489888,1.315430443995865,0.007072702189034317
Standard_GA,schaffers_f7,50,128,200,0.8,0.5,0.6,1.0,66.01237483978271,2.7422447377563612,28441.227876373698,1.3184041009808425,0.007032045201049187
Standard_GA,schaffers_f7,50,128,200,0.8,0.5,0.7,0.5,66.01237483978271,2.7422447377563612,28664.36182227976,1.4109677279775497,0.006977305172185879
Standard_GA,schaffers_f7,50,128,200,0.8,0.5,0.7,0.7,66.01237483978271,2.7422447377563612,28542.34139784248,1.4037614699918777,0.007007133619918022
Standard_GA,schaffers_f7,50,128,200,0.8,0.5,0.7,0.8,66.01237483978271,2.7422447377563612,28510.188925309867,1.4117993710096925,0.0070150359411491085
Standard_GA,schaffers_f7,50,128,200,0.8,0.5,0.7,0.9,66.01237483978271,2.7422447377563612,28773.741268717848,1.4164712759957183,0.006950781899795402
Standard_GA,schaffers_f7,50,128,200,0.8,0.5,0.7,1.0,66.01237483978271,2.7422447377563612,28485.64839265647,1.3998880260041915,0.007021079430705868
Standard_GA,schaffers_f7,50,128,200,0.8,0.8,0.5,0.5,66.01237483978271,2.7422447377563612,27358.254489611572,1.126587420993019,0.007310407909099013
Standard_GA,schaffers_f7,50,128,200,0.8,0.8,0.5,0.7,66.01237483978271,2.7422447377563612,27193.358392805127,1.1325578870018944,0.007354737032146659
Standard_GA,schaffers_f7,50,128,200,0.8,0.8,0.5,0.8,66.01237483978271,2.7422447377563612,27505.046595994034,1.1395715760008898,0.0072713928806479085
Standard_GA,schaffers_f7,50,128,200,0.8,0.8,0.5,0.9,66.01237483978271,2.7422447377563612,27095.067945143157,1.1486982009955682,0.007381417179130949
Standard_GA,schaffers_f7,50,128,200,0.8,0.8,0.5,1.0,66.01237483978271,2.7422447377563612,27129.572482389285,1.1473939070128836,0.007372029180696699
Standard_GA,schaffers_f7,50,128,200,0.8,0.8,0.2,0.5,66.01237483978271,2.7422447377563612,28704.248178361024,1.3373695650079753,0.0069676097683259285
Standard_GA,schaffers_f7,50,128,200,0.8,0.8,0.2,0.7,66.01237483978271,2.7422447377563612,28637.76632333859,1.3292731329856906,0.006983784899348393
Standard_GA,schaffers_f7,50,128,200,0.8,0.8,0.2,0.8,66.01237483978271,2.7422447377563612,28566.168024498493,1.3030427350022364,0.007001289071340579
Standard_GA,schaffers_f7,50,128,200,0.8,0.8,0.2,0.9,66.01237483978271,2.7422447377563612,28504.21371884954,1.2954143779934384,0.007016506470681634
Standard_GA,schaffers_f7,50,128,200,0.8,0.8,0.2,1.0,66.01237483978271,2.7422447377563612,28580.151843468786,1.286806363001233,0.006997863450669684
Standard_GA,schaffers_f7,50,128,200,0.8,0.8,0.4,0.5,66.01237483978271,2.7422447377563612,28486.938308590274,1.317041728994809,0.007020761509484146
Standard_GA,schaffers_f7,50,128,200,0.8,0.8,0.4,0.7,66.01237483978271,2.7422447377563612,28448.156376083076,1.3123657690011896,0.007030332558497321
Standard_GA,schaffers_f7,50,128,200,0.8,0.8,0.4,0.8,66.01237483978271,2.7422447377563612,28357.72708922223,1.3238889430067502,0.007052751420123968
Standard_GA,schaffers_f7,50,128,200,0.8,0.8,0.4,0.9,66.01237483978271,2.7422447377563612,28495.39727366966,1.3236670879996382,0.0070186773702153
Standard_GA,schaffers_f7,50,128,200,0.8,0.8,0.4,1.0,66.01237483978271,2.7422447377563612,28516.950158019255,1.2998529360047542,0.0070133727096254005
Standard_GA,schaffers_f7,50,128,200,0.8,0.8,0.3,0.5,66.01237483978271,2.7422447377563612,28410.442947257834,1.3212404549994972,0.007039664970070589
Standard_GA,schaffers_f7,50,128,200,0.8,0.8,0.3,0.7,66.01237483978271,2.7422447377563612,28578.818200389745,2.09012012599851,0.00699819000903517
Standard_GA,schaffers_f7,50,128,200,0.8,0.8,0.3,0.8,66.01237483978271,2.7422447377563612,28468.479828134976,1.2898752390174195,0.007025313652411569
Standard_GA,schaffers_f7,50,128,200,0.8,0.8,0.3,0.9,66.01237483978271,2.7422447377563612,28696.3665308937,1.331360351992771,0.0069695234685787
Standard_GA,schaffers_f7,50,128,200,0.8,0.8,0.3,1.0,66.01237483978271,2.7422447377563612,28638.371955014736,1.3297216820064932,0.006983637209341396
Standard_GA,schaffers_f7,50,128,200,0.8,0.8,0.6,0.5,66.01237483978271,2.7422447377563612,28583.15831521212,1.312461560999509,0.006997127392096445
Standard_GA,schaffers_f7,50,128,200,0.8,0.8,0.6,0.7,66.01237483978271,2.7422447377563612,28681.958093949026,1.3304038300120737,0.006973024622129742
Standard_GA,schaffers_f7,50,128,200,0.8,0.8,0.6,0.8,66.01237483978271,2.7422447377563612,28512.33379131239,1.3088005330064334,0.007014508228749037
Standard_GA,schaffers_f7,50,128,200,0.8,0.8,0.6,0.9,66.01237483978271,2.7422447377563612,28633.490471010253,1.3419697239878587,0.006984827791166026
Standard_GA,schaffers_f7,50,128,200,0.8,0.8,0.6,1.0,66.01237483978271,2.7422447377563612,28614.558606837785,1.3199961229984183,0.00698944906849647
Standard_GA,schaffers_f7,50,128,200,0.8,0.8,0.7,0.5,66.01237483978271,2.7422447377563612,28698.35529329987,1.372062737995293,0.006969040488766041
Standard_GA,schaffers_f7,50,128,200,0.8,0.8,0.7,0.7,66.01237483978271,2.7422447377563612,28635.562284666503,1.3725616270094179,0.00698432243138086
Standard_GA,schaffers_f7,50,128,200,0.8,0.8,0.7,0.8,66.01237483978271,2.7422447377563612,28670.116970379935,1.4036147990263999,0.0069759045701357535
Standard_GA,schaffers_f7,50,128,200,0.8,0.8,0.7,0.9,66.01237483978271,2.7422447377563612,28590.729551298147,1.349642457003938,0.006995274452201557
Standard_GA,schaffers_f7,50,128,200,0.8,0.8,0.7,1.0,66.01237483978271,2.7422447377563612,28614.418795651287,1.3674738830013666,0.006989483219222166
Standard_GA,schaffers_f7,50,128,200,0.8,1.0,0.5,0.5,66.01237483978271,2.7422447377563612,27358.720493745815,1.1534539720159955,0.0073102833901066335
Standard_GA,schaffers_f7,50,128,200,0.8,1.0,0.5,0.7,66.01237483978271,2.7422447377563612,27345.19049731215,1.1537992819794454,0.0073139004103722986
Standard_GA,schaffers_f7,50,128,200,0.8,1.0,0.5,0.8,66.01237483978271,2.7422447377563612,27349.999323583834,1.1504697060154285,0.007312614440452308
Standard_GA,schaffers_f7,50,128,200,0.8,1.0,0.5,0.9,66.01237483978271,2.7422447377563612,27284.53068573426,1.167071923991898,0.007330160899728071
Standard_GA,schaffers_f7,50,128,200,0.8,1.0,0.5,1.0,66.01237483978271,2.7422447377563612,27341.719244678876,1.157071730995085,0.007314828969247174
Standard_GA,schaffers_f7,50,128,200,0.8,1.0,0.2,0.5,66.01237483978271,2.7422447377563612,28515.608086682136,1.3151971570041496,0.0070137027901364495
Standard_GA,schaffers_f7,50,128,200,0.8,1.0,0.2,0.7,66.01237483978271,2.7422447377563612,28550.85604821041,1.301072389993351,0.007005043899989687
Standard_GA,schaffers_f7,50,128,200,0.8,1.0,0.2,0.8,66.01237483978271,2.7422447377563612,28704.877411689184,1.3099705899949186,0.0069674570328788835
Standard_GA,schaffers_f7,50,128,200,0.8,1.0,0.2,0.9,66.01237483978271,2.7422447377563612,28379.335693932888,1.2987909789953846,0.007047381311422214
Standard_GA,schaffers_f7,50,128,200,0.8,1.0,0.2,1.0,66.01237483978271,2.7422447377563612,28319.482272522826,1.3010908119904343,0.0070622760005062445
Standard_GA,schaffers_f7,50,128,200,0.8,1.0,0.4,0.5,66.01237483978271,2.7422447377563612,28211.489784134723,1.354728355014231,0.007089310119044967
Standard_GA,schaffers_f7,50,128,200,0.8,1.0,0.4,0.7,66.01237483978271,2.7422447377563612,28532.281835097936,1.2951210849860217,0.007009604109334759
Standard_GA,schaffers_f7,50,128,200,0.8,1.0,0.4,0.8,66.01237483978271,2.7422447377563612,28394.06036607969,1.3312733130005654,0.007043726660485845
Standard_GA,schaffers_f7,50,128,200,0.8,1.0,0.4,0.9,66.01237483978271,2.7422447377563612,28481.69650180775,1.3811204179946799,0.00702205361914821
Standard_GA,schaffers_f7,50,128,200,0.8,1.0,0.4,1.0,66.01237483978271,2.7422447377563612,28660.488914551024,1.3492254269949626,0.006978248019295279
Standard_GA,schaffers_f7,50,128,200,0.8,1.0,0.3,0.5,66.01237483978271,2.7422447377563612,28297.661790372204,1.3255125189898536,0.007067721760249696
Standard_GA,schaffers_f7,50,128,200,0.8,1.0,0.3,0.7,66.01237483978271,2.7422447377563612,28381.98901401123,1.305670821981039,0.007046722479572054
Standard_GA,schaffers_f7,50,128,200,0.8,1.0,0.3,0.8,66.01237483978271,2.7422447377563612,28339.93053153552,1.3278378889954183,0.007057180319388862
Standard_GA,schaffers_f7,50,128,200,0.8,1.0,0.3,0.9,66.01237483978271,2.7422447377563612,28486.209071927202,1.292841997987125,0.007020941238442902
Standard_GA,schaffers_f7,50,128,200,0.8,1.0,0.3,1.0,66.01237483978271,2.7422447377563612,28721.94473384071,1.3291263740102295,0.006963316789770033
Standard_GA,schaffers_f7,50,128,200,0.8,1.0,0.6,0.5,66.01237483978271,2.7422447377563612,28890.02090576194,1.3078823649848346,0.006922805651556701
Standard_GA,schaffers_f7,50,128,200,0.8,1.0,0.6,0.7,66.01237483978271,2.7422447377563612,28935.338152444936,1.3019649180059787,0.006911963459569961
Standard_GA,schaffers_f7,50,128,200,0.8,1.0,0.6,0.8,66.01237483978271,2.7422447377563612,28763.771116322874,1.2962153900007252,0.006953191192878876
Standard_GA,schaffers_f7,50,128,200,0.8,1.0,0.6,0.9,66.01237483978271,2.7422447377563612,28849.202084546523,1.3035413230245467,0.006932600749714766
Standard_GA,schaffers_f7,50,128,200,0.8,1.0,0.6,1.0,66.01237483978271,2.7422447377563612,29079.60188309876,1.3331750029756222,0.006877673250273802
Standard_GA,schaffers_f7,50,128,200,0.8,1.0,0.7,0.5,66.01237483978271,2.7422447377563612,29023.45414680582,1.4163713000016287,0.006890978550945875
Standard_GA,schaffers_f7,50,128,200,0.8,1.0,0.7,0.7,66.01237483978271,2.7422447377563612,28795.885718451933,1.3646767320169602,0.00694543664867524
Standard_GA,schaffers_f7,50,128,200,0.8,1.0,0.7,0.8,66.01237483978271,2.7422447377563612,28530.270799924263,1.348528263013577,0.007010098200698849
Standard_GA,schaffers_f7,50,128,200,0.8,1.0,0.7,0.9,66.01237483978271,2.7422447377563612,28438.25793569,1.4108760039962362,0.007032779590517748
Standard_GA,schaffers_f7,50,128,200,0.8,1.0,0.7,1.0,66.01237483978271,2.7422447377563612,28558.98983690661,1.383094002987491,0.0070030488172778856
Standard_GA,schaffers_f7,50,128,200,0.9,0.5,0.5,0.5,66.01237483978271,2.7422447377563612,27312.603772138256,1.1754166910250206,0.0073226266403798946
Standard_GA,schaffers_f7,50,128,200,0.9,0.5,0.5,0.7,66.01237483978271,2.7422447377563612,27562.21160938955,1.1414623699965887,0.007256311751552858
Standard_GA,schaffers_f7,50,128,200,0.9,0.5,0.5,0.8,66.01237483978271,2.7422447377563612,27286.13309097692,1.1747573640022893,0.0073297304287552835
Standard_GA,schaffers_f7,50,128,200,0.9,0.5,0.5,0.9,66.01237483978271,2.7422447377563612,27207.122255196642,1.1445050280017313,0.0073510163303581065
Standard_GA,schaffers_f7,50,128,200,0.9,0.5,0.5,1.0,66.01237483978271,2.7422447377563612,27555.27597580028,1.1533989690069575,0.0072581381574855185
Standard_GA,schaffers_f7,50,128,200,0.9,0.5,0.2,0.5,66.01237483978271,2.7422447377563612,28956.359147041745,1.3272265159757808,0.00690694568969775
Standard_GA,schaffers_f7,50,128,200,0.9,0.5,0.2,0.7,66.01237483978271,2.7422447377563612,28779.686638867748,1.3300143960223068,0.006949345992179588
Standard_GA,schaffers_f7,50,128,200,0.9,0.5,0.2,0.8,66.01237483978271,2.7422447377563612,28312.13516138131,1.3254156989860348,0.007064108689082787
Standard_GA,schaffers_f7,50,128,200,0.9,0.5,0.2,0.9,66.01237483978271,2.7422447377563612,28702.671243335764,1.3407645169936586,0.006967992571298964
Standard_GA,schaffers_f7,50,128,200,0.9,0.5,0.2,1.0,66.01237483978271,2.7422447377563612,28845.215992299116,1.3264849400147796,0.006933558759046718
Standard_GA,schaffers_f7,50,128,200,0.9,0.5,0.4,0.5,66.01237483978271,2.7422447377563612,28319.598364481157,1.3629166620085016,0.007062247049761936
Standard_GA,schaffers_f7,50,128,200,0.9,0.5,0.4,0.7,66.01237483978271,2.7422447377563612,28423.30287681023,1.34235808197991,0.007036479921662248
Standard_GA,schaffers_f7,50,128,200,0.9,0.5,0.4,0.8,66.01237483978271,2.7422447377563612,28664.76070562983,1.3123224430019036,0.006977208079770207
Standard_GA,schaffers_f7,50,128,200,0.9,0.5,0.4,0.9,66.01237483978271,2.7422447377563612,28581.28736610433,1.3514651239966042,0.006997585428471211
Standard_GA,schaffers_f7,50,128,200,0.9,0.5,0.4,1.0,66.01237483978271,2.7422447377563612,28683.51983661545,1.3702939009817783,0.006972644959168974
Standard_GA,schaffers_f7,50,128,200,0.9,0.5,0.3,0.5,66.01237483978271,2.7422447377563612,28673.28201212966,1.3363705329829827,0.006975134549138602
Standard_GA,schaffers_f7,50,128,200,0.9,0.5,0.3,0.7,66.01237483978271,2.7422447377563612,28411.705270525243,1.327543339022668,0.00703935219993582
Standard_GA,schaffers_f7,50,128,200,0.9,0.5,0.3,0.8,66.01237483978271,2.7422447377563612,28455.5785134411,1.2911383490136359,0.007028498819854576
Standard_GA,schaffers_f7,50,128,200,0.9,0.5,0.3,0.9,66.01237483978271,2.7422447377563612,28537.295275980425,1.3235920460138004,0.007008372659911401
Standard_GA,schaffers_f7,50,128,200,0.9,0.5,0.3,1.0,66.01237483978271,2.7422447377563612,28440.853452209165,1.334078343003057,0.007032137778005563
Standard_GA,schaffers_f7,50,128,200,0.9,0.5,0.6,0.5,66.01237483978271,2.7422447377563612,28607.937849156777,1.321616000001086,0.006991066642221995
Standard_GA,schaffers_f7,50,128,200,0.9,0.5,0.6,0.7,66.01237483978271,2.7422447377563612,28600.580863674862,1.3237362339859828,0.006992864968487993
Standard_GA,schaffers_f7,50,128,200,0.9,0.5,0.6,0.8,66.01237483978271,2.7422447377563612,28539.679812586917,1.324373089009896,0.007007787098991684
Standard_GA,schaffers_f7,50,128,200,0.9,0.5,0.6,0.9,66.01237483978271,2.7422447377563612,28543.93302054439,1.3397160659951624,0.007006742898956872
Standard_GA,schaffers_f7,50,128,200,0.9,0.5,0.6,1.0,66.01237483978271,2.7422447377563612,28721.705121541767,1.351534838002408,0.0069633748815977016
Standard_GA,schaffers_f7,50,128,200,0.9,0.5,0.7,0.5,66.01237483978271,2.7422447377563612,28886.93093192558,1.369182781985728,0.006923546169418842
Standard_GA,schaffers_f7,50,128,200,0.9,0.5,0.7,0.7,66.01237483978271,2.7422447377563612,28288.12317592781,1.369699175003916,0.007070104960876051
Standard_GA,schaffers_f7,50,128,200,0.9,0.5,0.7,0.8,66.01237483978271,2.7422447377563612,28583.890247281674,1.3589007270056754,0.006996948220476042
Standard_GA,schaffers_f7,50,128,200,0.9,0.5,0.7,0.9,66.01237483978271,2.7422447377563612,28836.86536174912,1.367644821992144,0.006935566591273527
Standard_GA,schaffers_f7,50,128,200,0.9,0.5,0.7,1.0,66.01237483978271,2.7422447377563612,28550.441961990382,1.3439252090174705,0.007005145498842466
Standard_GA,schaffers_f7,50,128,200,0.9,0.8,0.5,0.5,66.01237483978271,2.7422447377563612,27225.91468699101,1.1676378629927058,0.007345942360407207
Standard_GA,schaffers_f7,50,128,200,0.9,0.8,0.5,0.7,66.01237483978271,2.7422447377563612,27198.523196588605,1.1340802290069405,0.007353340420522727
Standard_GA,schaffers_f7,50,128,200,0.9,0.8,0.5,0.8,66.01237483978271,2.7422447377563612,27247.48031670015,1.1548168379813433,0.007340128249488771
Standard_GA,schaffers_f7,50,128,200,0.9,0.8,0.5,0.9,66.01237483978271,2.7422447377563612,27229.692481427748,1.1331997280067299,0.007344923198688775
Standard_GA,schaffers_f7,50,128,200,0.9,0.8,0.5,1.0,66.01237483978271,2.7422447377563612,27585.92400418541,1.1456757450068835,0.007250074348412454
Standard_GA,schaffers_f7,50,128,200,0.9,0.8,0.2,0.5,66.01237483978271,2.7422447377563612,28766.812024938354,1.30489281899645,0.006952456178551074
Standard_GA,schaffers_f7,50,128,200,0.9,0.8,0.2,0.7,66.01237483978271,2.7422447377563612,28596.086203662453,1.2787915359949693,0.006993964089197106
Standard_GA,schaffers_f7,50,128,200,0.9,0.8,0.2,0.8,66.01237483978271,2.7422447377563612,28730.481334916847,1.3201164189958945,0.006961247800500132
Standard_GA,schaffers_f7,50,128,200,0.9,0.8,0.2,0.9,66.01237483978271,2.7422447377563612,28751.265153108252,1.3176820380031131,0.00695621562859742
Standard_GA,schaffers_f7,50,128,200,0.9,0.8,0.2,1.0,66.01237483978271,2.7422447377563612,28598.19787344396,1.31487726198975,0.006993447660061065
Standard_GA,schaffers_f7,50,128,200,0.9,0.8,0.4,0.5,66.01237483978271,2.7422447377563612,28685.166446356718,1.31047203700291,0.006972244709613733
Standard_GA,schaffers_f7,50,128,200,0.9,0.8,0.4,0.7,66.01237483978271,2.7422447377563612,28622.02785578154,1.3295518930244725,0.0069876250909874215
Standard_GA,schaffers_f7,50,128,200,0.9,0.8,0.4,0.8,66.01237483978271,2.7422447377563612,28521.258696055273,1.3800170710019302,0.007012313240848016
Standard_GA,schaffers_f7,50,128,200,0.9,0.8,0.4,0.9,66.01237483978271,2.7422447377563612,28509.568953000486,1.358131287008291,0.007015188490913715
Standard_GA,schaffers_f7,50,128,200,0.9,0.8,0.4,1.0,66.01237483978271,2.7422447377563612,28521.179143992824,1.3160894339962397,0.007012332799786236
Standard_GA,schaffers_f7,50,128,200,0.9,0.8,0.3,0.5,66.01237483978271,2.7422447377563612,28865.380290901812,1.2952948340098374,0.006928715228568762
Standard_GA,schaffers_f7,50,128,200,0.9,0.8,0.3,0.7,66.01237483978271,2.7422447377563612,28718.939581630406,1.3554237030039076,0.006964045431814157
Standard_GA,schaffers_f7,50,128,200,0.9,0.8,0.3,0.8,66.01237483978271,2.7422447377563612,28857.446592731536,1.329197668004781,0.006930620121129323
Standard_GA,schaffers_f7,50,128,200,0.9,0.8,0.3,0.9,66.01237483978271,2.7422447377563612,28475.91797978232,1.2999015050008893,0.007023478580813389
Standard_GA,schaffers_f7,50,128,200,0.9,0.8,0.3,1.0,66.01237483978271,2.7422447377563612,28674.365328659256,1.2951914069999475,0.006974871028796769
Standard_GA,schaffers_f7,50,128,200,0.9,0.8,0.6,0.5,66.01237483978271,2.7422447377563612,28638.75168864698,1.3379793209896889,0.006983544610266108
Standard_GA,schaffers_f7,50,128,200,0.9,0.8,0.6,0.7,66.01237483978271,2.7422447377563612,28965.257418855894,1.3264355820138007,0.006904823841468896
Standard_GA,schaffers_f7,50,128,200,0.9,0.8,0.6,0.8,66.01237483978271,2.7422447377563612,28682.483342438634,1.31795824598521,0.006972896928491536
Standard_GA,schaffers_f7,50,128,200,0.9,0.8,0.6,0.9,66.01237483978271,2.7422447377563612,28908.143195369175,1.3426770489895716,0.00691846579866251
Standard_GA,schaffers_f7,50,128,200,0.9,0.8,0.6,1.0,66.01237483978271,2.7422447377563612,28837.535207132318,1.3209340379980858,0.006935405490221456
Standard_GA,schaffers_f7,50,128,200,0.9,0.8,0.7,0.5,66.01237483978271,2.7422447377563612,28638.265538358897,1.421385433000978,0.006983663159771823
Standard_GA,schaffers_f7,50,128,200,0.9,0.8,0.7,0.7,66.01237483978271,2.7422447377563612,28755.066635763345,1.344709865981713,0.006955296001688111
Standard_GA,schaffers_f7,50,128,200,0.9,0.8,0.7,0.8,66.01237483978271,2.7422447377563612,28463.537688504355,1.406939849985065,0.007026533461466897
Standard_GA,schaffers_f7,50,128,200,0.9,0.8,0.7,0.9,66.01237483978271,2.7422447377563612,28515.94765968365,1.3788190800114535,0.007013619269710034
Standard_GA,schaffers_f7,50,128,200,0.9,0.8,0.7,1.0,66.01237483978271,2.7422447377563612,28630.456267356065,1.3840711150260177,0.00698556803050451
Standard_GA,schaffers_f7,50,128,200,0.9,1.0,0.5,0.5,66.01237483978271,2.7422447377563612,27065.008195957937,1.1587185700191185,0.007389615349529777
Standard_GA,schaffers_f7,50,128,200,0.9,1.0,0.5,0.7,66.01237483978271,2.7422447377563612,27256.336755629072,1.1540788230195176,0.0073377432115376
Standard_GA,schaffers_f7,50,128,200,0.9,1.0,0.5,0.8,66.01237483978271,2.7422447377563612,27275.809021173867,1.1653611059882678,0.00733250477904221
Standard_GA,schaffers_f7,50,128,200,0.9,1.0,0.5,0.9,66.01237483978271,2.7422447377563612,27303.179196544104,1.179578327020863,0.007325154281861614
Standard_GA,schaffers_f7,50,128,200,0.9,1.0,0.5,1.0,66.01237483978271,2.7422447377563612,27339.45223540791,1.1409486439952161,0.0073154355207225305
Standard_GA,schaffers_f7,50,128,200,0.9,1.0,0.2,0.5,66.01237483978271,2.7422447377563612,28663.65119829074,1.2682851350109559,0.00697747815225739
Standard_GA,schaffers_f7,50,128,200,0.9,1.0,0.2,0.7,66.01237483978271,2.7422447377563612,28738.214658916888,1.3219592050008941,0.0069593745601014235
Standard_GA,schaffers_f7,50,128,200,0.9,1.0,0.2,0.8,66.01237483978271,2.7422447377563612,28539.59288493837,1.3318825360038318,0.0070078084437409415
Standard_GA,schaffers_f7,50,128,200,0.9,1.0,0.2,0.9,66.01237483978271,2.7422447377563612,28777.65098800888,1.3156784739985596,0.006949837569554802
Standard_GA,schaffers_f7,50,128,200,0.9,1.0,0.2,1.0,66.01237483978271,2.7422447377563612,28760.13462458199,1.330081715976121,0.006954070368956309
Standard_GA,schaffers_f7,50,128,200,0.9,1.0,0.4,0.5,66.01237483978271,2.7422447377563612,28508.275124125685,1.3584370379976463,0.007015506870520767
Standard_GA,schaffers_f7,50,128,200,0.9,1.0,0.4,0.7,66.01237483978271,2.7422447377563612,28306.766530467234,1.3471643270167988,0.00706544846034376
Standard_GA,schaffers_f7,50,128,200,0.9,1.0,0.4,0.8,66.01237483978271,2.7422447377563612,28381.096948413262,1.3742231900105253,0.00704694396990817
Standard_GA,schaffers_f7,50,128,200,0.9,1.0,0.4,0.9,66.01237483978271,2.7422447377563612,28759.176194557615,1.3572139070020057,0.006954302120720968
Standard_GA,schaffers_f7,50,128,200,0.9,1.0,0.4,1.0,66.01237483978271,2.7422447377563612,28640.679777993802,1.3676386130100582,0.006983074478339404
Standard_GA,schaffers_f7,50,128,200,0.9,1.0,0.3,0.5,66.01237483978271,2.7422447377563612,28674.977723842723,1.321786926011555,0.006974722070444841
Standard_GA,schaffers_f7,50,128,200,0.9,1.0,0.3,0.7,66.01237483978271,2.7422447377563612,28564.764125112273,1.4326169680280145,0.007001633170293644
Standard_GA,schaffers_f7,50,128,200,0.9,1.0,0.3,0.8,66.01237483978271,2.7422447377563612,28579.722490486674,1.3500201679999009,0.006997968579526059
Standard_GA,schaffers_f7,50,128,200,0.9,1.0,0.3,0.9,66.01237483978271,2.7422447377563612,28829.184465313472,1.362261945992941,0.006937414419080596
Standard_GA,schaffers_f7,50,128,200,0.9,1.0,0.3,1.0,66.01237483978271,2.7422447377563612,28690.455640079064,1.3483765370037872,0.006970959350001067
Standard_GA,schaffers_f7,50,128,200,0.9,1.0,0.6,0.5,66.01237483978271,2.7422447377563612,28475.18671021266,1.360320395004237,0.007023658950347453
Standard_GA,schaffers_f7,50,128,200,0.9,1.0,0.6,0.7,66.01237483978271,2.7422447377563612,28397.120674421807,1.3367776609957218,0.007042967570305337
Standard_GA,schaffers_f7,50,128,200,0.9,1.0,0.6,0.8,66.01237483978271,2.7422447377563612,28769.201707697455,1.3381080770050175,0.006951878680265509
Standard_GA,schaffers_f7,50,128,200,0.9,1.0,0.6,0.9,66.01237483978271,2.7422447377563612,28755.77774947092,1.3533386439958122,0.006955124001251534
Standard_GA,schaffers_f7,50,128,200,0.9,1.0,0.6,1.0,66.01237483978271,2.7422447377563612,28790.6572915255,1.3337140360090416,0.006946697950479574
Standard_GA,schaffers_f7,50,128,200,0.9,1.0,0.7,0.5,66.01237483978271,2.7422447377563612,28753.71682947308,1.4020415770064574,0.006955622509121895
Standard_GA,schaffers_f7,50,128,200,0.9,1.0,0.7,0.7,66.01237483978271,2.7422447377563612,28741.421105634396,1.3860413809888996,0.006958598159253597
Standard_GA,schaffers_f7,50,128,200,0.9,1.0,0.7,0.8,66.01237483978271,2.7422447377563612,28410.149885168084,1.4130804410087876,0.0070397375870379615
Standard_GA,schaffers_f7,50,128,200,0.9,1.0,0.7,0.9,66.01237483978271,2.7422447377563612,28765.05636056716,1.3934952009876724,0.006952880519093014
Standard_GA,schaffers_f7,50,128,200,0.9,1.0,0.7,1.0,66.01237483978271,2.7422447377563612,28581.644221777937,1.4152043609938119,0.006997498060227372
Standard_GA,schaffers_f7,50,128,200,1.0,0.5,0.5,0.5,66.01237483978271,2.7422447377563612,27197.489870278318,1.1508587750140578,0.007353619799250737
Standard_GA,schaffers_f7,50,128,200,1.0,0.5,0.5,0.7,66.01237483978271,2.7422447377563612,27491.53443327707,1.1453760669974145,0.007274966789700557
Standard_GA,schaffers_f7,50,128,200,1.0,0.5,0.5,0.8,66.01237483978271,2.7422447377563612,27263.375473347634,1.1560306200117338,0.007335848790826276
Standard_GA,schaffers_f7,50,128,200,1.0,0.5,0.5,0.9,66.01237483978271,2.7422447377563612,27352.1870128628,1.1750505859963596,0.0073120295611443
Standard_GA,schaffers_f7,50,128,200,1.0,0.5,0.5,1.0,66.01237483978271,2.7422447377563612,27280.988628907,1.161935086012818,0.007331112619140185
Standard_GA,schaffers_f7,50,128,200,1.0,0.5,0.2,0.5,66.01237483978271,2.7422447377563612,28812.006760082983,1.3033317200024612,0.006941550502378959
Standard_GA,schaffers_f7,50,128,200,1.0,0.5,0.2,0.7,66.01237483978271,2.7422447377563612,28820.614403985623,1.317893588973675,0.006939477319829166
Standard_GA,schaffers_f7,50,128,200,1.0,0.5,0.2,0.8,66.01237483978271,2.7422447377563612,28682.76457698206,1.3277325439848937,0.006972828559228219
Standard_GA,schaffers_f7,50,128,200,1.0,0.5,0.2,0.9,66.01237483978271,2.7422447377563612,28912.3545481537,1.3253299269999843,0.006917458059906494
Standard_GA,schaffers_f7,50,128,200,1.0,0.5,0.2,1.0,66.01237483978271,2.7422447377563612,28676.624751875715,1.322948307992192,0.006974321480665822
Standard_GA,schaffers_f7,50,128,200,1.0,0.5,0.4,0.5,66.01237483978271,2.7422447377563612,28589.642221911206,1.3578041690052487,0.006995540498464834
Standard_GA,schaffers_f7,50,128,200,1.0,0.5,0.4,0.7,66.01237483978271,2.7422447377563612,28743.21374373889,1.3521240809932351,0.006958164169918746
Standard_GA,schaffers_f7,50,128,200,1.0,0.5,0.4,0.8,66.01237483978271,2.7422447377563612,28700.093427417218,1.3447732850036118,0.006968618429964408
Standard_GA,schaffers_f7,50,128,200,1.0,0.5,0.4,0.9,66.01237483978271,2.7422447377563612,28551.294316016814,1.3494693159882445,0.007004936371231452
Standard_GA,schaffers_f7,50,128,200,1.0,0.5,0.4,1.0,66.01237483978271,2.7422447377563612,28782.57730379289,1.330795454006875,0.006948648061952553
Standard_GA,schaffers_f7,50,128,200,1.0,0.5,0.3,0.5,66.01237483978271,2.7422447377563612,28794.456862068673,1.3433117670065258,0.006945781299436931
Standard_GA,schaffers_f7,50,128,200,1.0,0.5,0.3,0.7,66.01237483978271,2.7422447377563612,28893.875849685643,1.334913130995119,0.006921882029273547
Standard_GA,schaffers_f7,50,128,200,1.0,0.5,0.3,0.8,66.01237483978271,2.7422447377563612,28870.03434326917,1.2765902440005448,0.006927598270995077
Standard_GA,schaffers_f7,50,128,200,1.0,0.5,0.3,0.9,66.01237483978271,2.7422447377563612,28672.698492601845,1.3347266179916915,0.00697527650045231
Standard_GA,schaffers_f7,50,128,200,1.0,0.5,0.3,1.0,66.01237483978271,2.7422447377563612,28716.724988353413,1.3064950449916068,0.006964582489163149
Standard_GA,schaffers_f7,50,128,200,1.0,0.5,0.6,0.5,66.01237483978271,2.7422447377563612,28775.939003858348,1.3097106149944011,0.006950251040398143
Standard_GA,schaffers_f7,50,128,200,1.0,0.5,0.6,0.7,66.01237483978271,2.7422447377563612,28570.30518826257,1.335757619002834,0.007000275239697658
Standard_GA,schaffers_f7,50,128,200,1.0,0.5,0.6,0.8,66.01237483978271,2.7422447377563612,28613.905256455095,1.3164960689900909,0.00698960866080597
Standard_GA,schaffers_f7,50,128,200,1.0,0.5,0.6,0.9,66.01237483978271,2.7422447377563612,28522.430336352936,1.3201725999824703,0.007012025190051645
Standard_GA,schaffers_f7,50,128,200,1.0,0.5,0.6,1.0,66.01237483978271,2.7422447377563612,28580.911554807277,1.320322612999007,0.006997677439940162
Standard_GA,schaffers_f7,50,128,200,1.0,0.5,0.7,0.5,66.01237483978271,2.7422447377563612,28510.08928924547,1.3915604450157844,0.007015060457051732
Standard_GA,schaffers_f7,50,128,200,1.0,0.5,0.7,0.7,66.01237483978271,2.7422447377563612,28626.637213171874,1.3937651669839397,0.0069864999689161775
Standard_GA,schaffers_f7,50,128,200,1.0,0.5,0.7,0.8,66.01237483978271,2.7422447377563612,28793.861482243916,1.3724032870086376,0.006945924919564277
Standard_GA,schaffers_f7,50,128,200,1.0,0.5,0.7,0.9,66.01237483978271,2.7422447377563612,28677.020593500492,1.3644349520036485,0.006974225211015437
Standard_GA,schaffers_f7,50,128,200,1.0,0.5,0.7,1.0,66.01237483978271,2.7422447377563612,28330.884627311116,1.3981172679923475,0.007059433640388306
Standard_GA,schaffers_f7,50,128,200,1.0,0.8,0.5,0.5,66.01237483978271,2.7422447377563612,27517.685503971894,1.1505232159979641,0.007268053120642434
Standard_GA,schaffers_f7,50,128,200,1.0,0.8,0.5,0.7,66.01237483978271,2.7422447377563612,27581.069181949868,1.1593293930054642,0.00725135050714016
Standard_GA,schaffers_f7,50,128,200,1.0,0.8,0.5,0.8,66.01237483978271,2.7422447377563612,27494.614708199868,1.1438964279950596,0.007274151761084795
Standard_GA,schaffers_f7,50,128,200,1.0,0.8,0.5,0.9,66.01237483978271,2.7422447377563612,27371.812251868298,1.1554489629925229,0.007306786929548253
Standard_GA,schaffers_f7,50,128,200,1.0,0.8,0.5,1.0,66.01237483978271,2.7422447377563612,27484.546188797067,1.178260508022504,0.00727681652904721
Standard_GA,schaffers_f7,50,128,200,1.0,0.8,0.2,0.5,66.01237483978271,2.7422447377563612,28677.05049687243,1.325481342006242,0.006974217938550282
Standard_GA,schaffers_f7,50,128,200,1.0,0.8,0.2,0.7,66.01237483978271,2.7422447377563612,28407.04043437062,1.3056247690110467,0.007040508160716854
Standard_GA,schaffers_f7,50,128,200,1.0,0.8,0.2,0.8,66.01237483978271,2.7422447377563612,28919.22881272561,1.3512910369900055,0.006915813740924932
Standard_GA,schaffers_f7,50,128,200,1.0,0.8,0.2,0.9,66.01237483978271,2.7422447377563612,28893.935918112948,1.2928457410016563,0.006921867639175616
Standard_GA,schaffers_f7,50,128,200,1.0,0.8,0.2,1.0,66.01237483978271,2.7422447377563612,28832.993786540454,1.3453714460192714,0.006936497870483436
Standard_GA,schaffers_f7,50,128,200,1.0,0.8,0.4,0.5,66.01237483978271,2.7422447377563612,28879.604100650227,1.3584692919976078,0.00692530269123381
Standard_GA,schaffers_f7,50,128,200,1.0,0.8,0.4,0.7,66.01237483978271,2.7422447377563612,28602.463469538918,1.3295115359942429,0.006992404700140469
Standard_GA,schaffers_f7,50,128,200,1.0,0.8,0.4,0.8,66.01237483978271,2.7422447377563612,28333.771050823932,1.3439158370019868,0.0070587144803721455
Standard_GA,schaffers_f7,50,128,200,1.0,0.8,0.4,0.9,66.01237483978271,2.7422447377563612,28746.806134091235,1.3699523090035655,0.006957294631865807
Standard_GA,schaffers_f7,50,128,200,1.0,0.8,0.4,1.0,66.01237483978271,2.7422447377563612,28616.731259821012,1.3165254999767058,0.0069889184122439475
Standard_GA,schaffers_f7,50,128,200,1.0,0.8,0.3,0.5,66.01237483978271,2.7422447377563612,28757.65691104455,1.3166564209968783,0.006954669520491734
Standard_GA,schaffers_f7,50,128,200,1.0,0.8,0.3,0.7,66.01237483978271,2.7422447377563612,29061.868403018558,1.2843929069931619,0.0068818699894472955
Standard_GA,schaffers_f7,50,128,200,1.0,0.8,0.3,0.8,66.01237483978271,2.7422447377563612,29102.890341593695,1.2940561330178753,0.006872169659181963
Standard_GA,schaffers_f7,50,128,200,1.0,0.8,0.3,0.9,66.01237483978271,2.7422447377563612,28658.079998990153,1.3143899390124716,0.0069788345906999895
Standard_GA,schaffers_f7,50,128,200,1.0,0.8,0.3,1.0,66.01237483978271,2.7422447377563612,28776.128010739343,1.2966124069935177,0.006950205389875919
Standard_GA,schaffers_f7,50,128,200,1.0,0.8,0.6,0.5,66.01237483978271,2.7422447377563612,28480.73021462702,1.2764886899967678,0.007022291861649137
Standard_GA,schaffers_f7,50,128,200,1.0,0.8,0.6,0.7,66.01237483978271,2.7422447377563612,28709.346474759637,1.3484436589933466,0.0069663724381825885
Standard_GA,schaffers_f7,50,128,200,1.0,0.8,0.6,0.8,66.01237483978271,2.7422447377563612,28836.93043548357,1.347863414004678,0.006935550940397661
Standard_GA,schaffers_f7,50,128,200,1.0,0.8,0.6,0.9,66.01237483978271,2.7422447377563612,28689.94250264251,1.34458768699551,0.0069710840299376286
Standard_GA,schaffers_f7,50,128,200,1.0,0.8,0.6,1.0,66.01237483978271,2.7422447377563612,28683.252562499623,1.3483810889883898,0.006972709931142162
Standard_GA,schaffers_f7,50,128,200,1.0,0.8,0.7,0.5,66.01237483978271,2.7422447377563612,28407.102447125744,1.4252390099863987,0.007040492791275028
Standard_GA,schaffers_f7,50,128,200,1.0,0.8,0.7,0.7,66.01237483978271,2.7422447377563612,28432.729173447424,1.3888872649986297,0.007034147118974943
Standard_GA,schaffers_f7,50,128,200,1.0,0.8,0.7,0.8,66.01237483978271,2.7422447377563612,28764.17343458069,1.3952443670132197,0.006953093940101098
Standard_GA,schaffers_f7,50,128,200,1.0,0.8,0.7,0.9,66.01237483978271,2.7422447377563612,29057.730100232387,1.4133223479730077,0.006882850081892684
Standard_GA,schaffers_f7,50,128,200,1.0,0.8,0.7,1.0,66.01237483978271,2.7422447377563612,28609.948642745687,1.367921953991754,0.006990575288946275
Standard_GA,schaffers_f7,50,128,200,1.0,1.0,0.5,0.5,66.01237483978271,2.7422447377563612,27486.74355501965,1.1497813049936667,0.007276234800228849
Standard_GA,schaffers_f7,50,128,200,1.0,1.0,0.5,0.7,66.01237483978271,2.7422447377563612,27388.815666588045,1.1692605999996886,0.007302250759385061
Standard_GA,schaffers_f7,50,128,200,1.0,1.0,0.5,0.8,66.01237483978271,2.7422447377563612,27497.263983594414,1.1539167459995952,0.0072734509193105625
Standard_GA,schaffers_f7,50,128,200,1.0,1.0,0.5,0.9,66.01237483978271,2.7422447377563612,27404.628067454865,1.1688071509997826,0.007298037379223387
Standard_GA,schaffers_f7,50,128,200,1.0,1.0,0.5,1.0,66.01237483978271,2.7422447377563612,27288.011038548,1.1478448669950012,0.007329226000292692
Standard_GA,schaffers_f7,50,128,200,1.0,1.0,0.2,0.5,66.01237483978271,2.7422447377563612,28523.617692615673,1.31590876399423,0.007011733299586922
Standard_GA,schaffers_f7,50,128,200,1.0,1.0,0.2,0.7,66.01237483978271,2.7422447377563612,28539.277282999115,1.3307239919959102,0.007007885939674452
Standard_GA,schaffers_f7,50,128,200,1.0,1.0,0.2,0.8,66.01237483978271,2.7422447377563612,28744.572855011284,1.3393059839727357,0.0069578351714881135
Standard_GA,schaffers_f7,50,128,200,1.0,1.0,0.2,0.9,66.01237483978271,2.7422447377563612,28745.91537693929,1.340817716991296,0.00695751021936303
Standard_GA,schaffers_f7,50,128,200,1.0,1.0,0.2,1.0,66.01237483978271,2.7422447377563612,28643.298500541332,1.3147163239773363,0.006982436048565433
Standard_GA,schaffers_f7,50,128,200,1.0,1.0,0.4,0.5,66.01237483978271,2.7422447377563612,28502.398701894785,1.3501056559907738,0.007016953277925495
Standard_GA,schaffers_f7,50,128,200,1.0,1.0,0.4,0.7,66.01237483978271,2.7422447377563612,28655.126748248153,1.3003001500037499,0.006979553842393215
Standard_GA,schaffers_f7,50,128,200,1.0,1.0,0.4,0.8,66.01237483978271,2.7422447377563612,28474.12159666327,1.3812469019903801,0.007023921679938212
Standard_GA,schaffers_f7,50,128,200,1.0,1.0,0.4,0.9,66.01237483978271,2.7422447377563612,28719.14117378546,1.36430338898208,0.006963996548147406
Standard_GA,schaffers_f7,50,128,200,1.0,1.0,0.4,1.0,66.01237483978271,2.7422447377563612,28791.85320540786,1.3547265529923607,0.006946409408701584
Standard_GA,schaffers_f7,50,128,200,1.0,1.0,0.3,0.5,66.01237483978271,2.7422447377563612,28485.163925446122,1.3270976280036848,0.007021198843140155
Standard_GA,schaffers_f7,50,128,200,1.0,1.0,0.3,0.7,66.01237483978271,2.7422447377563612,28576.265144221074,1.3171912289981265,0.006998815240222029
Standard_GA,schaffers_f7,50,128,200,1.0,1.0,0.3,0.8,66.01237483978271,2.7422447377563612,28610.7026466324,1.3153065320220776,0.006990391059953254
Standard_GA,schaffers_f7,50,128,200,1.0,1.0,0.3,0.9,66.01237483978271,2.7422447377563612,28396.115783545105,1.333037598989904,0.007043216809106525
Standard_GA,schaffers_f7,50,128,200,1.0,1.0,0.3,1.0,66.01237483978271,2.7422447377563612,28611.274962644256,2.2552951799880248,0.006990251230017747
Standard_GA,schaffers_f7,50,128,200,1.0,1.0,0.6,0.5,66.01237483978271,2.7422447377563612,28564.7329902621,1.3543776799924672,0.007001640801900066
Standard_GA,schaffers_f7,50,128,200,1.0,1.0,0.6,0.7,66.01237483978271,2.7422447377563612,28441.34274388455,1.3210698880138807,0.007032016800367274
Standard_GA,schaffers_f7,50,128,200,1.0,1.0,0.6,0.8,66.01237483978271,2.7422447377563612,28232.66582610703,1.319303658005083,0.007083992749103345
Standard_GA,schaffers_f7,50,128,200,1.0,1.0,0.6,0.9,66.01237483978271,2.7422447377563612,28710.71997962523,1.3350009210116696,0.006966039170802105
Standard_GA,schaffers_f7,50,128,200,1.0,1.0,0.6,1.0,66.01237483978271,2.7422447377563612,28707.696300003856,1.30756937499973,0.006966772878949996
Standard_GA,schaffers_f7,50,128,200,1.0,1.0,0.7,0.5,66.01237483978271,2.7422447377563612,28546.267694037633,1.4271894170087762,0.007006169848318677
Standard_GA,schaffers_f7,50,128,200,1.0,1.0,0.7,0.7,66.01237483978271,2.7422447377563612,28603.577187446273,1.383290533995023,0.006992132441664581
Standard_GA,schaffers_f7,50,128,200,1.0,1.0,0.7,0.8,66.01237483978271,2.7422447377563612,28606.973873706513,1.3627489099744707,0.006991302221722435
Standard_GA,schaffers_f7,50,128,200,1.0,1.0,0.7,0.9,66.01237483978271,2.7422447377563612,28735.899678208047,1.4436608430114575,0.00695993521134369
Standard_GA,schaffers_f7,50,128,200,1.0,1.0,0.7,1.0,66.01237483978271,2.7422447377563612,28924.101795339397,1.4045183170237578,0.006914648600504733
Standard_GA,rastrigin,50,128,200,0.8,0.5,0.5,0.5,3140.6457312011717,412.48819637229144,32517.056623303513,1.0956697530054953,0.006150618191459217
Standard_GA,rastrigin,50,128,200,0.8,0.5,0.5,0.7,3140.6457312011717,412.48819637229144,32368.143984645856,1.0312733920000028,0.006178914679039736
Standard_GA,rastrigin,50,128,200,0.8,0.5,0.5,0.8,3140.6457312011717,412.48819637229144,32215.053525091524,1.0265447790152393,0.006208277749537956
Standard_GA,rastrigin,50,128,200,0.8,0.5,0.5,0.9,3140.6457312011717,412.48819637229144,32377.28352245296,1.0418799409817439,0.006177170480077621
Standard_GA,rastrigin,50,128,200,0.8,0.5,0.5,1.0,3140.6457312011717,412.48819637229144,32410.218732347726,1.0414411910169292,0.006170893249800429
Standard_GA,rastrigin,50,128,200,0.8,0.5,0.2,0.5,3140.6457312011717,412.48819637229144,32092.123649251662,1.2090321430005133,0.006232058750174474
Standard_GA,rastrigin,50,128,200,0.8,0.5,0.2,0.7,3140.6457312011717,412.48819637229144,32312.91224225532,1.2448339519905858,0.006189476160507183
Standard_GA,rastrigin,50,128,200,0.8,0.5,0.2,0.8,3140.6457312011717,412.48819637229144,31942.47655809241,1.2174498399836011,0.006261255279823672
Standard_GA,rastrigin,50,128,200,0.8,0.5,0.2,0.9,3140.6457312011717,412.48819637229144,31575.010763590522,1.1972895660146605,0.006334122939733788
Standard_GA,rastrigin,50,128,200,0.8,0.5,0.2,1.0,3140.6457312011717,412.48819637229144,32102.38693511669,1.1842984710237943,0.006230066331336275
Standard_GA,rastrigin,50,128,200,0.8,0.5,0.4,0.5,3140.6457312011717,412.48819637229144,31861.746579647184,1.2270396150124725,0.006277119790029246
Standard_GA,rastrigin,50,128,200,0.8,0.5,0.4,0.7,3140.6457312011717,412.48819637229144,31861.104295637866,1.2502084409934469,0.006277246329700574
Standard_GA,rastrigin,50,128,200,0.8,0.5,0.4,0.8,3140.6457312011717,412.48819637229144,31859.71616270493,1.2613529220107011,0.006277519830327947
Standard_GA,rastrigin,50,128,200,0.8,0.5,0.4,0.9,3140.6457312011717,412.48819637229144,31962.04735385899,1.2616157509910408,0.00625742142816307
Standard_GA,rastrigin,50,128,200,0.8,0.5,0.4,1.0,3140.6457312011717,412.48819637229144,32011.331031662445,1.2825210110167973,0.006247787691245321
Standard_GA,rastrigin,50,128,200,0.8,0.5,0.3,0.5,3140.6457312011717,412.48819637229144,31742.463335385997,1.2165678890014533,0.006300708230701275
Standard_GA,rastrigin,50,128,200,0.8,0.5,0.3,0.7,3140.6457312011717,412.48819637229144,31690.188702879474,1.2641315039945766,0.00631110158021329
Standard_GA,rastrigin,50,128,200,0.8,0.5,0.3,0.8,3140.6457312011717,412.48819637229144,31657.729488061043,1.2001766680041328,0.006317572461266536
Standard_GA,rastrigin,50,128,200,0.8,0.5,0.3,0.9,3140.6457312011717,412.48819637229144,31557.733123197017,1.1807639550243039,0.006337590828188695
Standard_GA,rastrigin,50,128,200,0.8,0.5,0.3,1.0,3140.6457312011717,412.48819637229144,31945.022459532083,1.2337163850024808,0.0062607562806806525
Standard_GA,rastrigin,50,128,200,0.8,0.5,0.6,0.5,3140.6457312011717,412.48819637229144,31601.57012818663,1.2265768779907376,0.006328799461189191
Standard_GA,rastrigin,50,128,200,0.8,0.5,0.6,0.7,3140.6457312011717,412.48819637229144,31694.67946286768,1.1912509129906539,0.006310207372007426
Standard_GA,rastrigin,50,128,200,0.8,0.5,0.6,0.8,3140.6457312011717,412.48819637229144,31675.40663750491,1.2400003859947901,0.006314046802581288
Standard_GA,rastrigin,50,128,200,0.8,0.5,0.6,0.9,3140.6457312011717,412.48819637229144,31777.36216046226,1.2396241210226435,0.006293788609327749
Standard_GA,rastrigin,50,128,200,0.8,0.5,0.6,1.0,3140.6457312011717,412.48819637229144,31597.785618157686,1.2386754119943362,0.006329557470162399
Standard_GA,rastrigin,50,128,200,0.8,0.5,0.7,0.5,3140.6457312011717,412.48819637229144,31623.43211076243,1.2743143160187174,0.006324424221238587
Standard_GA,rastrigin,50,128,200,0.8,0.5,0.7,0.7,3140.6457312011717,412.48819637229144,32077.959357254822,1.2619308950088453,0.006234810567984823
Standard_GA,rastrigin,50,128,200,0.8,0.5,0.7,0.8,3140.6457312011717,412.48819637229144,31499.126233047456,1.2708252769953106,0.006349382472399157
Standard_GA,rastrigin,50,128,200,0.8,0.5,0.7,0.9,3140.6457312011717,412.48819637229144,31700.208146171066,1.2974265060038306,0.006309106838598382
Standard_GA,rastrigin,50,128,200,0.8,0.5,0.7,1.0,3140.6457312011717,412.48819637229144,31810.699065446253,1.2961388340045232,0.0062871928588720035
Standard_GA,rastrigin,50,128,200,0.8,0.8,0.5,0.5,3140.6457312011717,412.48819637229144,32265.61253132507,1.04691336399992,0.0061985496108536604
Standard_GA,rastrigin,50,128,200,0.8,0.8,0.5,0.7,3140.6457312011717,412.48819637229144,32345.194277108774,1.053706411010353,0.006183298770338297
Standard_GA,rastrigin,50,128,200,0.8,0.8,0.5,0.8,3140.6457312011717,412.48819637229144,31975.02760809791,1.0411534989834763,0.006254881229542661
Standard_GA,rastrigin,50,128,200,0.8,0.8,0.5,0.9,3140.6457312011717,412.48819637229144,32166.37716522668,1.0261882259801496,0.006217672539642081
Standard_GA,rastrigin,50,128,200,0.8,0.8,0.5,1.0,3140.6457312011717,412.48819637229144,32256.64594570306,1.0580816050060093,0.0062002726612263356
Standard_GA,rastrigin,50,128,200,0.8,0.8,0.2,0.5,3140.6457312011717,412.48819637229144,31556.752547642893,1.2062937550072093,0.006337787758675404
Standard_GA,rastrigin,50,128,200,0.8,0.8,0.2,0.7,3140.6457312011717,412.48819637229144,31798.45179165933,1.2120341240079142,0.0062896143909893
Standard_GA,rastrigin,50,128,200,0.8,0.8,0.2,0.8,3140.6457312011717,412.48819637229144,31895.60716567373,1.175703082990367,0.006270455958438106
Standard_GA,rastrigin,50,128,200,0.8,0.8,0.2,0.9,3140.6457312011717,412.48819637229144,31678.41975029123,1.2077181749918964,0.006313446238054894
Standard_GA,rastrigin,50,128,200,0.8,0.8,0.2,1.0,3140.6457312011717,412.48819637229144,31796.12578886722,1.2336551929765847,0.006290074499265757
Standard_GA,rastrigin,50,128,200,0.8,0.8,0.4,0.5,3140.6457312011717,412.48819637229144,31877.360149243184,1.2389903829898685,0.0062740452491561885
Standard_GA,rastrigin,50,128,200,0.8,0.8,0.4,0.7,3140.6457312011717,412.48819637229144,31685.406250387943,1.2491826370242052,0.006312054149457253
Standard_GA,rastrigin,50,128,200,0.8,0.8,0.4,0.8,3140.6457312011717,412.48819637229144,31793.83120805034,2.303644922998501,0.006290528457902837
Standard_GA,rastrigin,50,128,200,0.8,0.8,0.4,0.9,3140.6457312011717,412.48819637229144,31507.001329757157,1.2653956940048374,0.006347795460023917
Standard_GA,rastrigin,50,128,200,0.8,0.8,0.4,1.0,3140.6457312011717,412.48819637229144,31955.823800365313,1.2272609479841776,0.006258640091691632
Standard_GA,rastrigin,50,128,200,0.8,0.8,0.3,0.5,3140.6457312011717,412.48819637229144,31821.93286996268,1.2362888339848723,0.006284973348956555
Standard_GA,rastrigin,50,128,200,0.8,0.8,0.3,0.7,3140.6457312011717,412.48819637229144,31496.266356375883,1.2184593589918222,0.0063499589994899
Standard_GA,rastrigin,50,128,200,0.8,0.8,0.3,0.8,3140.6457312011717,412.48819637229144,31695.363691122657,1.22887366800569,0.006310071149491705
Standard_GA,rastrigin,50,128,200,0.8,0.8,0.3,0.9,3140.6457312011717,412.48819637229144,31706.286656088927,1.1990255179989617,0.006307897300284821
Standard_GA,rastrigin,50,128,200,0.8,0.8,0.3,1.0,3140.6457312011717,412.48819637229144,31795.691218716867,1.2150013180216774,0.006290160469361581
Standard_GA,rastrigin,50,128,200,0.8,0.8,0.6,0.5,3140.6457312011717,412.48819637229144,31694.66475261424,1.20107473799726,0.006310210300725884
Standard_GA,rastrigin,50,128,200,0.8,0.8,0.6,0.7,3140.6457312011717,412.48819637229144,32096.406821338613,1.1972061900014523,0.0062312271000701
Standard_GA,rastrigin,50,128,200,0.8,0.8,0.6,0.8,3140.6457312011717,412.48819637229144,31871.471131885188,1.1933038689894602,0.006275204529229086
Standard_GA,rastrigin,50,128,200,0.8,0.8,0.6,0.9,3140.6457312011717,412.48819637229144,31955.40656243303,1.2380559489829466,0.006258721810008865
Standard_GA,rastrigin,50,128,200,0.8,0.8,0.6,1.0,3140.6457312011717,412.48819637229144,32244.357345257275,1.2352973929955624,0.006202635638182983
Standard_GA,rastrigin,50,128,200,0.8,0.8,0.7,0.5,3140.6457312011717,412.48819637229144,31987.81975579976,1.271982025995385,0.006252379859797656
Standard_GA,rastrigin,50,128,200,0.8,0.8,0.7,0.7,3140.6457312011717,412.48819637229144,31890.491017156826,1.2975994780135807,0.006271461919241119
Standard_GA,rastrigin,50,128,200,0.8,0.8,0.7,0.8,3140.6457312011717,412.48819637229144,32100.762854036082,1.2591700479970314,0.006230381530476734
Standard_GA,rastrigin,50,128,200,0.8,0.8,0.7,0.9,3140.6457312011717,412.48819637229144,31590.18423465029,1.2673615549865644,0.0063310805190121755
Standard_GA,rastrigin,50,128,200,0.8,0.8,0.7,1.0,3140.6457312011717,412.48819637229144,31913.363851343114,1.2969272920163348,0.006266967059054877
Standard_GA,rastrigin,50,128,200,0.8,1.0,0.5,0.5,3140.6457312011717,412.48819637229144,32506.758136940367,1.0291402310249396,0.00615256677265279
Standard_GA,rastrigin,50,128,200,0.8,1.0,0.5,0.7,3140.6457312011717,412.48819637229144,32452.457663641348,1.0244109240011312,0.006162861440971028
Standard_GA,rastrigin,50,128,200,0.8,1.0,0.5,0.8,3140.6457312011717,412.48819637229144,32188.26980075227,1.0472162939840928,0.006213443631422706
Standard_GA,rastrigin,50,128,200,0.8,1.0,0.5,0.9,3140.6457312011717,412.48819637229144,32577.126038624072,1.0500291339994874,0.006139276981120929
Standard_GA,rastrigin,50,128,200,0.8,1.0,0.5,1.0,3140.6457312011717,412.48819637229144,32615.83805276396,1.0363247960049193,0.006131990221329034
Standard_GA,rastrigin,50,128,200,0.8,1.0,0.2,0.5,3140.6457312011717,412.48819637229144,32058.060526064965,1.2238072979962453,0.006238680591341108
Standard_GA,rastrigin,50,128,200,0.8,1.0,0.2,0.7,3140.6457312011717,412.48819637229144,31924.975031263442,1.1656278070004191,0.006264687750081066
Standard_GA,rastrigin,50,128,200,0.8,1.0,0.2,0.8,3140.6457312011717,412.48819637229144,32005.032633350074,1.2024197349965107,0.006249017218360678
Standard_GA,rastrigin,50,128,200,0.8,1.0,0.2,0.9,3140.6457312011717,412.48819637229144,31770.779272198994,1.213184940017527,0.0062950926789199
Standard_GA,rastrigin,50,128,200,0.8,1.0,0.2,1.0,3140.6457312011717,412.48819637229144,31957.400077387247,1.2069142749824096,0.00625833138852613
Standard_GA,rastrigin,50,128,200,0.8,1.0,0.4,0.5,3140.6457312011717,412.48819637229144,32234.863616198174,1.2642839209875092,0.00620446242246544
Standard_GA,rastrigin,50,128,200,0.8,1.0,0.4,0.7,3140.6457312011717,412.48819637229144,32035.052145310074,1.2537081030022819,0.006243161368765868
Standard_GA,rastrigin,50,128,200,0.8,1.0,0.4,0.8,3140.6457312011717,412.48819637229144,32174.89065644296,1.2556560039811302,0.006216027340560686
Standard_GA,rastrigin,50,128,200,0.8,1.0,0.4,0.9,3140.6457312011717,412.48819637229144,32052.450530919217,1.270485690998612,0.006239772519329563
Standard_GA,rastrigin,50,128,200,0.8,1.0,0.4,1.0,3140.6457312011717,412.48819637229144,31738.55264028937,1.2344422669848427,0.0063014845782890915
Standard_GA,rastrigin,50,128,200,0.8,1.0,0.3,0.5,3140.6457312011717,412.48819637229144,32103.956293270836,1.197039118007524,0.00622976178303361
Standard_GA,rastrigin,50,128,200,0.8,1.0,0.3,0.7,3140.6457312011717,412.48819637229144,32063.575554927633,1.1966937179968227,0.006237607520015445
Standard_GA,rastrigin,50,128,200,0.8,1.0,0.3,0.8,3140.6457312011717,412.48819637229144,32086.402689987302,1.2232260440068785,0.006233169917250052
Standard_GA,rastrigin,50,128,200,0.8,1.0,0.3,0.9,3140.6457312011717,412.48819637229144,31837.896261405847,1.2442108410177752,0.006281822088931221
Standard_GA,rastrigin,50,128,200,0.8,1.0,0.3,1.0,3140.6457312011717,412.48819637229144,31901.563774881302,1.2361483720014803,0.006269285148882773
Standard_GA,rastrigin,50,128,200,0.8,1.0,0.6,0.5,3140.6457312011717,412.48819637229144,31938.930051988787,1.215025618992513,0.006261950531043112
Standard_GA,rastrigin,50,128,200,0.8,1.0,0.6,0.7,3140.6457312011717,412.48819637229144,31513.574275041137,1.1916895049798768,0.0063464714682777415
Standard_GA,rastrigin,50,128,200,0.8,1.0,0.6,0.8,3140.6457312011717,412.48819637229144,31736.87751752022,1.2132722189999186,0.006301817180647049
Standard_GA,rastrigin,50,128,200,0.8,1.0,0.6,0.9,3140.6457312011717,412.48819637229144,31725.936088982475,1.2466133399866521,0.0063039905091864055
Standard_GA,rastrigin,50,128,200,0.8,1.0,0.6,1.0,3140.6457312011717,412.48819637229144,32050.668007072625,1.1950364179792814,0.0062401195493293924
Standard_GA,rastrigin,50,128,200,0.8,1.0,0.7,0.5,3140.6457312011717,412.48819637229144,31925.557926637794,1.29171456900076,0.006264573369699065
Standard_GA,rastrigin,50,128,200,0.8,1.0,0.7,0.7,3140.6457312011717,412.48819637229144,32286.26219623945,1.2931338649941608,0.006194585139164701
Standard_GA,rastrigin,50,128,200,0.8,1.0,0.7,0.8,3140.6457312011717,412.48819637229144,31790.78908917819,1.32288608700037,0.006291130410099868
Standard_GA,rastrigin,50,128,200,0.8,1.0,0.7,0.9,3140.6457312011717,412.48819637229144,31784.761276311827,1.3172239559935406,0.0062923234899062664
Standard_GA,rastrigin,50,128,200,0.8,1.0,0.7,1.0,3140.6457312011717,412.48819637229144,32010.411582284094,2.39143401599722,0.006247967149247416
Standard_GA,rastrigin,50,128,200,0.9,0.5,0.5,0.5,3140.6457312011717,412.48819637229144,32467.619540398795,1.0351375929894857,0.006159983479883522
Standard_GA,rastrigin,50,128,200,0.9,0.5,0.5,0.7,3140.6457312011717,412.48819637229144,32427.604553438097,1.0452796519966796,0.006167584770882968
Standard_GA,rastrigin,50,128,200,0.9,0.5,0.5,0.8,3140.6457312011717,412.48819637229144,32475.258315720766,1.0484498899895698,0.006158534538990353
Standard_GA,rastrigin,50,128,200,0.9,0.5,0.5,0.9,3140.6457312011717,412.48819637229144,32377.520866018993,1.037641345988959,0.006177125198300928
Standard_GA,rastrigin,50,128,200,0.9,0.5,0.5,1.0,3140.6457312011717,412.48819637229144,32299.553916474408,1.0213622570154257,0.00619203598034801
Standard_GA,rastrigin,50,128,200,0.9,0.5,0.2,0.5,3140.6457312011717,412.48819637229144,31743.938414297947,1.2180824980023317,0.006300415449077263
Standard_GA,rastrigin,50,128,200,0.9,0.5,0.2,0.7,3140.6457312011717,412.48819637229144,31907.092714760867,1.204203758010408,0.006268198791658506
Standard_GA,rastrigin,50,128,200,0.9,0.5,0.2,0.8,3140.6457312011717,412.48819637229144,31702.031139099196,1.2321737459860742,0.006308744039852172
Standard_GA,rastrigin,50,128,200,0.9,0.5,0.2,0.9,3140.6457312011717,412.48819637229144,31671.312433915493,1.2128431239980273,0.006314863029983826
Standard_GA,rastrigin,50,128,200,0.9,0.5,0.2,1.0,3140.6457312011717,412.48819637229144,32195.549481643782,1.2295704139978625,0.006212038720259443
Standard_GA,rastrigin,50,128,200,0.9,0.5,0.4,0.5,3140.6457312011717,412.48819637229144,31708.43751281058,1.244291359995259,0.006307469421008136
Standard_GA,rastrigin,50,128,200,0.9,0.5,0.4,0.7,3140.6457312011717,412.48819637229144,31653.31331774686,1.2555742580152582,0.006318453869025689
Standard_GA,rastrigin,50,128,200,0.9,0.5,0.4,0.8,3140.6457312011717,412.48819637229144,31989.977153250034,1.2652133989904542,0.006251958200591616
Standard_GA,rastrigin,50,128,200,0.9,0.5,0.4,0.9,3140.6457312011717,412.48819637229144,31737.33924540141,1.2663544769748114,0.0063017254992155354
Standard_GA,rastrigin,50,128,200,0.9,0.5,0.4,1.0,3140.6457312011717,412.48819637229144,32134.057626504,1.222533307998674,0.006223926101229154
Standard_GA,rastrigin,50,128,200,0.9,0.5,0.3,0.5,3140.6457312011717,412.48819637229144,31922.360642325475,1.2008094390039332,0.0062652008177246895
Standard_GA,rastrigin,50,128,200,0.9,0.5,0.3,0.7,3140.6457312011717,412.48819637229144,32000.20019984325,1.2209733279887587,0.006249960898712743
Standard_GA,rastrigin,50,128,200,0.9,0.5,0.3,0.8,3140.6457312011717,412.48819637229144,32121.185953186803,1.2320227200107183,0.006226420166785829
Standard_GA,rastrigin,50,128,200,0.9,0.5,0.3,0.9,3140.6457312011717,412.48819637229144,31909.820660868983,1.1978055289946496,0.006267662928148638
Standard_GA,rastrigin,50,128,200,0.9,0.5,0.3,1.0,3140.6457312011717,412.48819637229144,31876.907650740184,1.2349233640125021,0.006274134310369845
Standard_GA,rastrigin,50,128,200,0.9,0.5,0.6,0.5,3140.6457312011717,412.48819637229144,32219.332567327245,1.2067660879984032,0.006207453229581006
Standard_GA,rastrigin,50,128,200,0.9,0.5,0.6,0.7,3140.6457312011717,412.48819637229144,32214.893286371556,1.2001494250143878,0.0062083086298662235
Standard_GA,rastrigin,50,128,200,0.9,0.5,0.6,0.8,3140.6457312011717,412.48819637229144,31789.524520753133,1.2299791350087617,0.006291380667535123
Standard_GA,rastrigin,50,128,200,0.9,0.5,0.6,0.9,3140.6457312011717,412.48819637229144,31886.855529428725,1.2270983910129871,0.006272176941856742
Standard_GA,rastrigin,50,128,200,0.9,0.5,0.6,1.0,3140.6457312011717,412.48819637229144,31860.831073492565,1.187971232982818,0.006277300160145387
Standard_GA,rastrigin,50,128,200,0.9,0.5,0.7,0.5,3140.6457312011717,412.48819637229144,32022.664573918097,1.2993249720020685,0.006245576458459254
Standard_GA,rastrigin,50,128,200,0.9,0.5,0.7,0.7,3140.6457312011717,412.48819637229144,31848.132565091342,1.3102006549888756,0.00627980304940138
Standard_GA,rastrigin,50,128,200,0.9,0.5,0.7,0.8,3140.6457312011717,412.48819637229144,31900.400467841446,1.2934984610183164,0.00626951376994839
Standard_GA,rastrigin,50,128,200,0.9,0.5,0.7,0.9,3140.6457312011717,412.48819637229144,31780.999929760957,1.2733530149853323,0.00629306819930207
Standard_GA,rastrigin,50,128,200,0.9,0.5,0.7,1.0,3140.6457312011717,412.48819637229144,31719.11959666311,1.2977027650049422,0.00630534524738323
Standard_GA,rastrigin,50,128,200,0.9,0.8,0.5,0.5,3140.6457312011717,412.48819637229144,32675.099341163008,1.0687329700158443,0.006120868919533677
Standard_GA,rastrigin,50,128,200,0.9,0.8,0.5,0.7,3140.6457312011717,412.48819637229144,32632.332577943373,1.0469060019822791,0.006128890710533597
Standard_GA,rastrigin,50,128,200,0.9,0.8,0.5,0.8,3140.6457312011717,412.48819637229144,32434.68602745652,1.050332051992882,0.0061662382003851235
Standard_GA,rastrigin,50,128,200,0.9,0.8,0.5,0.9,3140.6457312011717,412.48819637229144,32433.489569271085,1.0574719829892274,0.006166465670394246
Standard_GA,rastrigin,50,128,200,0.9,0.8,0.5,1.0,3140.6457312011717,412.48819637229144,32368.07483048843,1.0553429749852512,0.006178927880246193
Standard_GA,rastrigin,50,128,200,0.9,0.8,0.2,0.5,3140.6457312011717,412.48819637229144,32000.472068299954,1.2138976560090668,0.006249907800520304
Standard_GA,rastrigin,50,128,200,0.9,0.8,0.2,0.7,3140.6457312011717,412.48819637229144,31827.959029731162,1.2021292219869792,0.006283783380931709
Standard_GA,rastrigin,50,128,200,0.9,0.8,0.2,0.8,3140.6457312011717,412.48819637229144,31817.711041357492,1.1814058999880217,0.006285807289532386
Standard_GA,rastrigin,50,128,200,0.9,0.8,0.2,0.9,3140.6457312011717,412.48819637229144,31601.263160281218,1.2291814380150754,0.0063288609377923424
Standard_GA,rastrigin,50,128,200,0.9,0.8,0.2,1.0,3140.6457312011717,412.48819637229144,31688.11025592948,1.2103570039907936,0.00631151553010568
Standard_GA,rastrigin,50,128,200,0.9,0.8,0.4,0.5,3140.6457312011717,412.48819637229144,31864.859341318177,1.2513224059948698,0.006276506601134315
Standard_GA,rastrigin,50,128,200,0.9,0.8,0.4,0.7,3140.6457312011717,412.48819637229144,31894.217539045436,1.2593988169974182,0.006270729161333293
Standard_GA,rastrigin,50,128,200,0.9,0.8,0.4,0.8,3140.6457312011717,412.48819637229144,31977.372716202684,1.2158937009808142,0.006254422518541105
Standard_GA,rastrigin,50,128,200,0.9,0.8,0.4,0.9,3140.6457312011717,412.48819637229144,32265.795869297235,1.2381176319904625,0.006198514389980119
Standard_GA,rastrigin,50,128,200,0.9,0.8,0.4,1.0,3140.6457312011717,412.48819637229144,31675.86668213776,1.2151640810188837,0.006313955100486055
Standard_GA,rastrigin,50,128,200,0.9,0.8,0.3,0.5,3140.6457312011717,412.48819637229144,31930.061972527867,1.2382010480214376,0.006263689690676984
Standard_GA,rastrigin,50,128,200,0.9,0.8,0.3,0.7,3140.6457312011717,412.48819637229144,31725.95787642823,1.229159984010039,0.006303986179991625
Standard_GA,rastrigin,50,128,200,0.9,0.8,0.3,0.8,3140.6457312011717,412.48819637229144,31949.30886883151,1.2139632090111263,0.006259916319977492
Standard_GA,rastrigin,50,128,200,0.9,0.8,0.3,0.9,3140.6457312011717,412.48819637229144,31463.401297956654,1.2240726389863994,0.006356591841613408
Standard_GA,rastrigin,50,128,200,0.9,0.8,0.3,1.0,3140.6457312011717,412.48819637229144,31803.050086755473,1.2086166600056458,0.0062887049969867805
Standard_GA,rastrigin,50,128,200,0.9,0.8,0.6,0.5,3140.6457312011717,412.48819637229144,31440.34194274832,1.2507687399920542,0.006361253969953395
Standard_GA,rastrigin,50,128,200,0.9,0.8,0.6,0.7,3140.6457312011717,412.48819637229144,31867.602148765767,1.2064012749760877,0.006275966389512178
Standard_GA,rastrigin,50,128,200,0.9,0.8,0.6,0.8,3140.6457312011717,412.48819637229144,31699.889192548784,1.2028434960229788,0.006309170318709221
Standard_GA,rastrigin,50,128,200,0.9,0.8,0.6,0.9,3140.6457312011717,412.48819637229144,31444.14871267363,1.2081274380034301,0.006360483847965952
Standard_GA,rastrigin,50,128,200,0.9,0.8,0.6,1.0,3140.6457312011717,412.48819637229144,31648.925909000467,1.2464044330117758,0.006319329779944383
Standard_GA,rastrigin,50,128,200,0.9,0.8,0.7,0.5,3140.6457312011717,412.48819637229144,31883.800682932615,1.3112032279896084,0.006272777890844736
Standard_GA,rastrigin,50,128,200,0.9,0.8,0.7,0.7,3140.6457312011717,412.48819637229144,31748.95859678708,1.3004441130033229,0.006299419220013079
Standard_GA,rastrigin,50,128,200,0.9,0.8,0.7,0.8,3140.6457312011717,412.48819637229144,31786.142122125766,1.3025120820093434,0.006292050140327774
Standard_GA,rastrigin,50,128,200,0.9,0.8,0.7,0.9,3140.6457312011717,412.48819637229144,32120.854485770993,1.2883928439987358,0.006226484419603367
Standard_GA,rastrigin,50,128,200,0.9,0.8,0.7,1.0,3140.6457312011717,412.48819637229144,32182.849404373475,1.2626821150188334,0.006214490130660124
Standard_GA,rastrigin,50,128,200,0.9,1.0,0.5,0.5,3140.6457312011717,412.48819637229144,32468.969164099668,1.0406172109942418,0.006159727430494968
Standard_GA,rastrigin,50,128,200,0.9,1.0,0.5,0.7,3140.6457312011717,412.48819637229144,32530.13121933218,1.0019436839793343,0.006148146118794102
Standard_GA,rastrigin,50,128,200,0.9,1.0,0.5,0.8,3140.6457312011717,412.48819637229144,32189.988818726462,1.036457315000007,0.006213111819524783
Standard_GA,rastrigin,50,128,200,0.9,1.0,0.5,0.9,3140.6457312011717,412.48819637229144,32121.489025949882,1.0550109640171286,0.00622636141924886
Standard_GA,rastrigin,50,128,200,0.9,1.0,0.5,1.0,3140.6457312011717,412.48819637229144,32683.932465980994,1.0315233169822022,0.006119214700011071
Standard_GA,rastrigin,50,128,200,0.9,1.0,0.2,0.5,3140.6457312011717,412.48819637229144,31972.09276432637,1.2379371020069811,0.006255455389618874
Standard_GA,rastrigin,50,128,200,0.9,1.0,0.2,0.7,3140.6457312011717,412.48819637229144,31600.796088791925,1.2180188070051372,0.006328954480704851
Standard_GA,rastrigin,50,128,200,0.9,1.0,0.2,0.8,3140.6457312011717,412.48819637229144,31776.011341950252,1.2430751990177669,0.006294056162296328
Standard_GA,rastrigin,50,128,200,0.9,1.0,0.2,0.9,3140.6457312011717,412.48819637229144,31736.9373010807,1.1916071299929172,0.006301805309776682
Standard_GA,rastrigin,50,128,200,0.9,1.0,0.2,1.0,3140.6457312011717,412.48819637229144,31827.437235195815,1.209171906026313,0.0062838864003424534
Standard_GA,rastrigin,50,128,200,0.9,1.0,0.4,0.5,3140.6457312011717,412.48819637229144,31980.035558379008,1.2522596759954467,0.006253901739255525
Standard_GA,rastrigin,50,128,200,0.9,1.0,0.4,0.7,3140.6457312011717,412.48819637229144,32196.74093318168,1.1989613919868134,0.006211808841617312
Standard_GA,rastrigin,50,128,200,0.9,1.0,0.4,0.8,3140.6457312011717,412.48819637229144,32054.564709033544,1.252568110008724,0.0062393609713763
Standard_GA,rastrigin,50,128,200,0.9,1.0,0.4,0.9,3140.6457312011717,412.48819637229144,31723.694472344814,1.184232174011413,0.006304435953206848
Standard_GA,rastrigin,50,128,200,0.9,1.0,0.4,1.0,3140.6457312011717,412.48819637229144,32245.635800716806,1.2239992230024654,0.006202389719837811
Standard_GA,rastrigin,50,128,200,0.9,1.0,0.3,0.5,3140.6457312011717,412.48819637229144,32032.760690052968,1.214675492985407,0.0062436079717008396
Standard_GA,rastrigin,50,128,200,0.9,1.0,0.3,0.7,3140.6457312011717,412.48819637229144,31926.730969316104,1.1972980100254063,0.006264343198563438
Standard_GA,rastrigin,50,128,200,0.9,1.0,0.3,0.8,3140.6457312011717,412.48819637229144,32199.81235227168,1.207384612003807,0.0062112163205165416
Standard_GA,rastrigin,50,128,200,0.9,1.0,0.3,0.9,3140.6457312011717,412.48819637229144,32136.295529572737,1.201008980977349,0.006223492680292111
Standard_GA,rastrigin,50,128,200,0.9,1.0,0.3,1.0,3140.6457312011717,412.48819637229144,32330.02677289004,1.183289759006584,0.006186199640505947
Standard_GA,rastrigin,50,128,200,0.9,1.0,0.6,0.5,3140.6457312011717,412.48819637229144,31731.502647491583,1.2591385540144984,0.006302884619799443
Standard_GA,rastrigin,50,128,200,0.9,1.0,0.6,0.7,3140.6457312011717,412.48819637229144,31658.472066683393,1.234651477978332,0.0063174242767854594
Standard_GA,rastrigin,50,128,200,0.9,1.0,0.6,0.8,3140.6457312011717,412.48819637229144,31300.247411915727,1.225096930982545,0.006389725850021932
Standard_GA,rastrigin,50,128,200,0.9,1.0,0.6,0.9,3140.6457312011717,412.48819637229144,31563.644331885433,1.2373706549988128,0.006336403930326924
Standard_GA,rastrigin,50,128,200,0.9,1.0,0.6,1.0,3140.6457312011717,412.48819637229144,31347.47330664695,1.236955575994216,0.006380099539237563
Standard_GA,rastrigin,50,128,200,0.9,1.0,0.7,0.5,3140.6457312011717,412.48819637229144,31486.906892914827,1.2986604509933386,0.006351846520847176
Standard_GA,rastrigin,50,128,200,0.9,1.0,0.7,0.7,3140.6457312011717,412.48819637229144,31891.46305460951,1.3134019630088005,0.006271270767902024
Standard_GA,rastrigin,50,128,200,0.9,1.0,0.7,0.8,3140.6457312011717,412.48819637229144,32051.938284626623,1.3003690229961649,0.006239872241858393
Standard_GA,rastrigin,50,128,200,0.9,1.0,0.7,0.9,3140.6457312011717,412.48819637229144,31797.7609586698,1.297664341982454,0.006289751038129907
Standard_GA,rastrigin,50,128,200,0.9,1.0,0.7,1.0,3140.6457312011717,412.48819637229144,31704.612942250795,1.2983812550082803,0.006308230299619026
Standard_GA,rastrigin,50,128,200,1.0,0.5,0.5,0.5,3140.6457312011717,412.48819637229144,32315.455873872757,1.0423058759770356,0.006188988971116487
Standard_GA,rastrigin,50,128,200,1.0,0.5,0.5,0.7,3140.6457312011717,412.48819637229144,32291.664363277705,1.0211195010051597,0.006193548828887288
Standard_GA,rastrigin,50,128,200,1.0,0.5,0.5,0.8,3140.6457312011717,412.48819637229144,32414.258170724508,1.0513171819911804,0.006170124238124118
Standard_GA,rastrigin,50,128,200,1.0,0.5,0.5,0.9,3140.6457312011717,412.48819637229144,32580.995347808075,1.0272950340004172,0.006138547882437706
Standard_GA,rastrigin,50,128,200,1.0,0.5,0.5,1.0,3140.6457312011717,412.48819637229144,32360.780562734617,1.017548934003571,0.00618032063881401
Standard_GA,rastrigin,50,128,200,1.0,0.5,0.2,0.5,3140.6457312011717,412.48819637229144,31764.290021266752,1.2202236510056537,0.0062963787280023095
Standard_GA,rastrigin,50,128,200,1.0,0.5,0.2,0.7,3140.6457312011717,412.48819637229144,31982.446913568732,1.206353756977478,0.00625343021878507
Standard_GA,rastrigin,50,128,200,1.0,0.5,0.2,0.8,3140.6457312011717,412.48819637229144,31829.288225786375,1.2109057939960621,0.006283520969154779
Standard_GA,rastrigin,50,128,200,1.0,0.5,0.2,0.9,3140.6457312011717,412.48819637229144,31981.4464454448,1.204838147998089,0.0062536258433829066
Standard_GA,rastrigin,50,128,200,1.0,0.5,0.2,1.0,3140.6457312011717,412.48819637229144,32153.550597559366,1.2046434990188573,0.006220152869063895
Standard_GA,rastrigin,50,128,200,1.0,0.5,0.4,0.5,3140.6457312011717,412.48819637229144,31680.753211003244,1.2392659549950622,0.006312981218216009
Standard_GA,rastrigin,50,128,200,1.0,0.5,0.4,0.7,3140.6457312011717,412.48819637229144,31720.694063064682,1.2384201080130879,0.006305032279633451
Standard_GA,rastrigin,50,128,200,1.0,0.5,0.4,0.8,3140.6457312011717,412.48819637229144,32318.995521447112,1.2432449789776001,0.00618831113941269
Standard_GA,rastrigin,50,128,200,1.0,0.5,0.4,0.9,3140.6457312011717,412.48819637229144,31607.684009261586,1.2535664000024553,0.006327575280156452
Standard_GA,rastrigin,50,128,200,1.0,0.5,0.4,1.0,3140.6457312011717,412.48819637229144,31701.372908716326,1.2682675660180394,0.006308875031245407
Standard_GA,rastrigin,50,128,200,1.0,0.5,0.3,0.5,3140.6457312011717,412.48819637229144,31867.856239723907,1.2024952019855846,0.006275916349550243
Standard_GA,rastrigin,50,128,200,1.0,0.5,0.3,0.7,3140.6457312011717,412.48819637229144,31790.057240869523,1.1904356699960772,0.006291275240073446
Standard_GA,rastrigin,50,128,200,1.0,0.5,0.3,0.8,3140.6457312011717,412.48819637229144,31473.329930636202,1.2099222649994772,0.006354586579836905
Standard_GA,rastrigin,50,128,200,1.0,0.5,0.3,0.9,3140.6457312011717,412.48819637229144,31947.30091102851,1.1782434239867143,0.006260309769422747
Standard_GA,rastrigin,50,128,200,1.0,0.5,0.3,1.0,3140.6457312011717,412.48819637229144,31446.702072884596,1.2655992140062153,0.006359967399330344
Standard_GA,rastrigin,50,128,200,1.0,0.5,0.6,0.5,3140.6457312011717,412.48819637229144,31778.156078992368,1.2467880480107851,0.0062936313706450165
Standard_GA,rastrigin,50,128,200,1.0,0.5,0.6,0.7,3140.6457312011717,412.48819637229144,31632.48998582991,1.2113566419866402,0.006322613240045029
Standard_GA,rastrigin,50,128,200,1.0,0.5,0.6,0.8,3140.6457312011717,412.48819637229144,31823.132629103246,1.2283669949974865,0.006284736400120891
Standard_GA,rastrigin,50,128,200,1.0,0.5,0.6,0.9,3140.6457312011717,412.48819637229144,31663.472469915076,1.2114618019841146,0.006316426607663743
Standard_GA,rastrigin,50,128,200,1.0,0.5,0.6,1.0,3140.6457312011717,412.48819637229144,31934.61975885173,1.211049556004582,0.006262795721704606
Standard_GA,rastrigin,50,128,200,1.0,0.5,0.7,0.5,3140.6457312011717,412.48819637229144,32018.128653388114,1.410926649987232,0.006246461252158042
Standard_GA,rastrigin,50,128,200,1.0,0.5,0.7,0.7,3140.6457312011717,412.48819637229144,32006.191897219353,1.2638978269824293,0.0062487908790353685
Standard_GA,rastrigin,50,128,200,1.0,0.5,0.7,0.8,3140.6457312011717,412.48819637229144,31772.75874752612,1.2915195300010964,0.006294700488215312
Standard_GA,rastrigin,50,128,200,1.0,0.5,0.7,0.9,3140.6457312011717,412.48819637229144,31967.704432413524,1.2815821609983686,0.0062563141004648055
Standard_GA,rastrigin,50,128,200,1.0,0.5,0.7,1.0,3140.6457312011717,412.48819637229144,31746.174945501607,2.474266142002307,0.006299971582193393
Standard_GA,rastrigin,50,128,200,1.0,0.8,0.5,0.5,3140.6457312011717,412.48819637229144,32175.34517798733,1.032733936997829,0.0062159395305207
Standard_GA,rastrigin,50,128,200,1.0,0.8,0.5,0.7,3140.6457312011717,412.48819637229144,32799.491651585064,1.0312359899980947,0.006097655479679815
Standard_GA,rastrigin,50,128,200,1.0,0.8,0.5,0.8,3140.6457312011717,412.48819637229144,32575.590148545714,1.0499038060079329,0.006139566438796464
Standard_GA,rastrigin,50,128,200,1.0,0.8,0.5,0.9,3140.6457312011717,412.48819637229144,32602.615800608055,1.0551882839936297,0.006134477099112701
Standard_GA,rastrigin,50,128,200,1.0,0.8,0.5,1.0,3140.6457312011717,412.48819637229144,32473.571019482057,1.0535666070063598,0.006158854530658573
Standard_GA,rastrigin,50,128,200,1.0,0.8,0.2,0.5,3140.6457312011717,412.48819637229144,32061.974116465513,1.2239353790064342,0.006237919077393599
Standard_GA,rastrigin,50,128,200,1.0,0.8,0.2,0.7,3140.6457312011717,412.48819637229144,32138.05991610261,1.2078257240063976,0.006223151009180583
Standard_GA,rastrigin,50,128,200,1.0,0.8,0.2,0.8,3140.6457312011717,412.48819637229144,31744.204580647372,1.205020155000966,0.006300362621841487
Standard_GA,rastrigin,50,128,200,1.0,0.8,0.2,0.9,3140.6457312011717,412.48819637229144,32123.34935481704,1.1993454530020244,0.006226000837923493
Standard_GA,rastrigin,50,128,200,1.0,0.8,0.2,1.0,3140.6457312011717,412.48819637229144,32249.575223975087,1.1988826289889403,0.006201632071461063
Standard_GA,rastrigin,50,128,200,1.0,0.8,0.4,0.5,3140.6457312011717,412.48819637229144,32106.49544891547,1.233006499009207,0.006229269099712838
Standard_GA,rastrigin,50,128,200,1.0,0.8,0.4,0.7,3140.6457312011717,412.48819637229144,32322.636324567207,1.2667352060088888,0.006187614091613796
Standard_GA,rastrigin,50,128,200,1.0,0.8,0.4,0.8,3140.6457312011717,412.48819637229144,32173.605264252976,1.2638701150135603,0.006216275681799744
Standard_GA,rastrigin,50,128,200,1.0,0.8,0.4,0.9,3140.6457312011717,412.48819637229144,32022.06792526246,1.2041712279897183,0.006245692828670144
Standard_GA,rastrigin,50,128,200,1.0,0.8,0.4,1.0,3140.6457312011717,412.48819637229144,32188.87790300945,1.201551169011509,0.006213326248980593
Standard_GA,rastrigin,50,128,200,1.0,0.8,0.3,0.5,3140.6457312011717,412.48819637229144,31995.063848886257,1.1793382800242398,0.006250964240753092
Standard_GA,rastrigin,50,128,200,1.0,0.8,0.3,0.7,3140.6457312011717,412.48819637229144,31889.709046208558,1.199822533002589,0.006271615702426061
Standard_GA,rastrigin,50,128,200,1.0,0.8,0.3,0.8,3140.6457312011717,412.48819637229144,32243.64374899427,1.205812161002541,0.006202772911055945
Standard_GA,rastrigin,50,128,200,1.0,0.8,0.3,0.9,3140.6457312011717,412.48819637229144,31617.08888113325,1.2165121419820935,0.006325693069084082
Standard_GA,rastrigin,50,128,200,1.0,0.8,0.3,1.0,3140.6457312011717,412.48819637229144,31860.13681252314,1.2137180530116893,0.006277436948148534
Standard_GA,rastrigin,50,128,200,1.0,0.8,0.6,0.5,3140.6457312011717,412.48819637229144,31769.791167012885,1.2121736720146146,0.006295288469118532
Standard_GA,rastrigin,50,128,200,1.0,0.8,0.6,0.7,3140.6457312011717,412.48819637229144,31864.207933851787,1.2244374340225477,0.0062766349132289175
Standard_GA,rastrigin,50,128,200,1.0,0.8,0.6,0.8,3140.6457312011717,412.48819637229144,31775.46994621143,1.2356864649918862,0.006294163401471451
Standard_GA,rastrigin,50,128,200,1.0,0.8,0.6,0.9,3140.6457312011717,412.48819637229144,31899.34537160596,1.22451877000276,0.006269721139105968
Standard_GA,rastrigin,50,128,200,1.0,0.8,0.6,1.0,3140.6457312011717,412.48819637229144,32070.5837615937,1.1884777670202311,0.006236244450265076
Standard_GA,rastrigin,50,128,200,1.0,0.8,0.7,0.5,3140.6457312011717,412.48819637229144,31999.387498002943,1.3572641180071514,0.006250119631586131
Standard_GA,rastrigin,50,128,200,1.0,0.8,0.7,0.7,3140.6457312011717,412.48819637229144,31868.025631513512,1.2736717470106669,0.006275882990448736
Standard_GA,rastrigin,50,128,200,1.0,0.8,0.7,0.8,3140.6457312011717,412.48819637229144,31811.84884277444,1.3125410770007875,0.006286965620529372
Standard_GA,rastrigin,50,128,200,1.0,0.8,0.7,0.9,3140.6457312011717,412.48819637229144,31929.370655024217,1.2872680130240042,0.0062638253087061455
Standard_GA,rastrigin,50,128,200,1.0,0.8,0.7,1.0,3140.6457312011717,412.48819637229144,31570.703445220417,1.4088452430150937,0.006334987129666843
Standard_GA,rastrigin,50,128,200,1.0,1.0,0.5,0.5,3140.6457312011717,412.48819637229144,32625.357747118618,1.0500952119764406,0.006130200978950597
Standard_GA,rastrigin,50,128,200,1.0,1.0,0.5,0.7,3140.6457312011717,412.48819637229144,32099.044090820666,1.04234663801617,0.006230715140118264
Standard_GA,rastrigin,50,128,200,1.0,1.0,0.5,0.8,3140.6457312011717,412.48819637229144,32644.258951757092,1.0328107549867127,0.006126651559025049
Standard_GA,rastrigin,50,128,200,1.0,1.0,0.5,0.9,3140.6457312011717,412.48819637229144,32653.909910500413,1.026882966980338,0.006124840809206944
Standard_GA,rastrigin,50,128,200,1.0,1.0,0.5,1.0,3140.6457312011717,412.48819637229144,32099.912386055283,1.0639949289907236,0.006230546600709204
Standard_GA,rastrigin,50,128,200,1.0,1.0,0.2,0.5,3140.6457312011717,412.48819637229144,31434.070648468743,1.2263836289930623,0.006362523080024402
Standard_GA,rastrigin,50,128,200,1.0,1.0,0.2,0.7,3140.6457312011717,412.48819637229144,31615.46659195231,1.2309000499953981,0.006326017660321668
Standard_GA,rastrigin,50,128,200,1.0,1.0,0.2,0.8,3140.6457312011717,412.48819637229144,31829.02467012964,1.21515303599881,0.006283572998945601
Standard_GA,rastrigin,50,128,200,1.0,1.0,0.2,0.9,3140.6457312011717,412.48819637229144,32302.647173168538,1.1940425889915787,0.006191443039570004
Standard_GA,rastrigin,50,128,200,1.0,1.0,0.2,1.0,3140.6457312011717,412.48819637229144,32139.302283699257,1.2447228179953527,0.006222910448850598
Standard_GA,rastrigin,50,128,200,1.0,1.0,0.4,0.5,3140.6457312011717,412.48819637229144,32090.19091022828,1.234482111001853,0.006232434096746147
Standard_GA,rastrigin,50,128,200,1.0,1.0,0.4,0.7,3140.6457312011717,412.48819637229144,31504.914739319916,1.2931489839975256,0.006348215878533665
Standard_GA,rastrigin,50,128,200,1.0,1.0,0.4,0.8,3140.6457312011717,412.48819637229144,31641.956330435023,1.2595158990006894,0.0063207216997398065
Standard_GA,rastrigin,50,128,200,1.0,1.0,0.4,0.9,3140.6457312011717,412.48819637229144,31770.709261337848,1.2767142119992059,0.006295106550969649
Standard_GA,rastrigin,50,128,200,1.0,1.0,0.4,1.0,3140.6457312011717,412.48819637229144,31975.46131109317,1.2242213150020689,0.006254796390712727
Standard_GA,rastrigin,50,128,200,1.0,1.0,0.3,0.5,3140.6457312011717,412.48819637229144,31793.06402967819,1.216503476985963,0.006290680250676814
Standard_GA,rastrigin,50,128,200,1.0,1.0,0.3,0.7,3140.6457312011717,412.48819637229144,31734.987307619176,1.204436528001679,0.006302192531584296
Standard_GA,rastrigin,50,128,200,1.0,1.0,0.3,0.8,3140.6457312011717,412.48819637229144,31435.83737098392,1.2120720070088282,0.006362165500468109
Standard_GA,rastrigin,50,128,200,1.0,1.0,0.3,0.9,3140.6457312011717,412.48819637229144,31262.432092615563,1.233623528998578,0.006397454919933807
Standard_GA,rastrigin,50,128,200,1.0,1.0,0.3,1.0,3140.6457312011717,412.48819637229144,31520.534109822762,1.2309777640039101,0.006345070147071965
Standard_GA,rastrigin,50,128,200,1.0,1.0,0.6,0.5,3140.6457312011717,412.48819637229144,31975.108935440137,1.2156930979981553,0.006254865320515819
Standard_GA,rastrigin,50,128,200,1.0,1.0,0.6,0.7,3140.6457312011717,412.48819637229144,31933.553424501217,1.2127365570049733,0.006263004850770812
Standard_GA,rastrigin,50,128,200,1.0,1.0,0.6,0.8,3140.6457312011717,412.48819637229144,31769.606563411922,1.2475761099776719,0.006295325049140956
Standard_GA,rastrigin,50,128,200,1.0,1.0,0.6,0.9,3140.6457312011717,412.48819637229144,31750.8547961535,1.209588467987487,0.0062990430110949095
Standard_GA,rastrigin,50,128,200,1.0,1.0,0.6,1.0,3140.6457312011717,412.48819637229144,31952.802738210477,1.2139341259899084,0.006259231831354555
Standard_GA,rastrigin,50,128,200,1.0,1.0,0.7,0.5,3140.6457312011717,412.48819637229144,32007.200130758458,1.265421696996782,0.006248594040807802
Standard_GA,rastrigin,50,128,200,1.0,1.0,0.7,0.7,3140.6457312011717,412.48819637229144,32315.584525591647,1.2864576769934501,0.0061889643321046605
Standard_GA,rastrigin,50,128,200,1.0,1.0,0.7,0.8,3140.6457312011717,412.48819637229144,31780.818320614067,1.3195892740041018,0.0062931041605770585
Standard_GA,rastrigin,50,128,200,1.0,1.0,0.7,0.9,3140.6457312011717,412.48819637229144,32216.096870607842,1.3868221279990394,0.006208076689217705
Standard_GA,rastrigin,50,128,200,1.0,1.0,0.7,1.0,3140.6457312011717,412.48819637229144,31872.125674557654,1.3255171019991394,0.006275075658340939
Standard_GA,ellipsoidal_rotated,50,128,200,0.8,0.5,0.5,0.5,11833542.065,2607768.59556575,33219.542736974254,1.5916056809946895,0.006020552467671223
Standard_GA,ellipsoidal_rotated,50,128,200,0.8,0.5,0.5,0.7,11833542.065,2607768.59556575,33423.47159057194,1.0050875410088338,0.005983818869863171
Standard_GA,ellipsoidal_rotated,50,128,200,0.8,0.5,0.5,0.8,11833542.065,2607768.59556575,33557.98625773815,1.0060550770140253,0.005959833181404975
Standard_GA,ellipsoidal_rotated,50,128,200,0.8,0.5,0.5,0.9,11833542.065,2607768.59556575,33395.22246844317,1.0186975629767403,0.005988880600780249
Standard_GA,ellipsoidal_rotated,50,128,200,0.8,0.5,0.5,1.0,11833542.065,2607768.59556575,33412.85235698764,1.0012867729819845,0.0059857206401648
Standard_GA,ellipsoidal_rotated,50,128,200,0.8,0.5,0.2,0.5,11833542.065,2607768.59556575,36704.86776445763,1.157513536978513,0.005448868561070412
Standard_GA,ellipsoidal_rotated,50,128,200,0.8,0.5,0.2,0.7,11833542.065,2607768.59556575,36215.25285033865,1.1410117040213663,0.005522534961346537
Standard_GA,ellipsoidal_rotated,50,128,200,0.8,0.5,0.2,0.8,11833542.065,2607768.59556575,36798.43570869159,1.163380388985388,0.0054350136397988535
Standard_GA,ellipsoidal_rotated,50,128,200,0.8,0.5,0.2,0.9,11833542.065,2607768.59556575,35895.28544670158,1.1563957920006942,0.0055717623501550404
Standard_GA,ellipsoidal_rotated,50,128,200,0.8,0.5,0.2,1.0,11833542.065,2607768.59556575,36325.85620211079,1.176047800021479,0.005505720192450099
Standard_GA,ellipsoidal_rotated,50,128,200,0.8,0.5,0.4,0.5,11833542.065,2607768.59556575,35673.26280543269,1.1792068990180269,0.005606439789116849
Standard_GA,ellipsoidal_rotated,50,128,200,0.8,0.5,0.4,0.7,11833542.065,2607768.59556575,36466.646353404845,1.1832111760159023,0.005484463749744464
Standard_GA,ellipsoidal_rotated,50,128,200,0.8,0.5,0.4,0.8,11833542.065,2607768.59556575,36146.663131207846,1.181816127995262,0.00553301418927731
Standard_GA,ellipsoidal_rotated,50,128,200,0.8,0.5,0.4,0.9,11833542.065,2607768.59556575,35891.58236930539,1.190714280004613,0.00557233721105149
Standard_GA,ellipsoidal_rotated,50,128,200,0.8,0.5,0.4,1.0,11833542.065,2607768.59556575,36588.121201963506,1.1459645869908854,0.005466254987404682
Standard_GA,ellipsoidal_rotated,50,128,200,0.8,0.5,0.3,0.5,11833542.065,2607768.59556575,36316.18682958049,1.1551093260059133,0.005507186118920799
Standard_GA,ellipsoidal_rotated,50,128,200,0.8,0.5,0.3,0.7,11833542.065,2607768.59556575,36318.273854989195,1.1654706050176173,0.0055068696491071024
Standard_GA,ellipsoidal_rotated,50,128,200,0.8,0.5,0.3,0.8,11833542.065,2607768.59556575,36707.95916144988,1.1918234140030108,0.005448409679229371
Standard_GA,ellipsoidal_rotated,50,128,200,0.8,0.5,0.3,0.9,11833542.065,2607768.59556575,36354.52055382496,1.1851036720036063,0.005501379111956339
Standard_GA,ellipsoidal_rotated,50,128,200,0.8,0.5,0.3,1.0,11833542.065,2607768.59556575,37171.42697221512,1.1346850970003288,0.005380476787977386
Standard_GA,ellipsoidal_rotated,50,128,200,0.8,0.5,0.6,0.5,11833542.065,2607768.59556575,36456.0646373821,1.1673930560064036,0.0054860556669882495
Standard_GA,ellipsoidal_rotated,50,128,200,0.8,0.5,0.6,0.7,11833542.065,2607768.59556575,35952.961183161875,1.1911340950173326,0.0055628241295926275
Standard_GA,ellipsoidal_rotated,50,128,200,0.8,0.5,0.6,0.8,11833542.065,2607768.59556575,36756.895108899145,1.1703059690189548,0.005441155990120024
Standard_GA,ellipsoidal_rotated,50,128,200,0.8,0.5,0.6,0.9,11833542.065,2607768.59556575,36482.64367742386,1.174142522009788,0.005482058859779499
Standard_GA,ellipsoidal_rotated,50,128,200,0.8,0.5,0.6,1.0,11833542.065,2607768.59556575,36613.01767930945,1.1552868730213959,0.00546253798995167
Standard_GA,ellipsoidal_rotated,50,128,200,0.8,0.5,0.7,0.5,11833542.065,2607768.59556575,36476.93784460883,1.214555696991738,0.005482916379987728
Standard_GA,ellipsoidal_rotated,50,128,200,0.8,0.5,0.7,0.7,11833542.065,2607768.59556575,36854.17398984152,1.2279074329999276,0.005426793720980641
Standard_GA,ellipsoidal_rotated,50,128,200,0.8,0.5,0.7,0.8,11833542.065,2607768.59556575,36447.39673029185,1.246029025001917,0.0054873603588202965
Standard_GA,ellipsoidal_rotated,50,128,200,0.8,0.5,0.7,0.9,11833542.065,2607768.59556575,36383.87320836919,1.2205369749863166,0.005496940879675094
Standard_GA,ellipsoidal_rotated,50,128,200,0.8,0.5,0.7,1.0,11833542.065,2607768.59556575,36263.70004781035,1.222810292005306,0.005515157023037318
Standard_GA,ellipsoidal_rotated,50,128,200,0.8,0.8,0.5,0.5,11833542.065,2607768.59556575,33001.79313626114,1.0165057720150799,0.006060276760545094
Standard_GA,ellipsoidal_rotated,50,128,200,0.8,0.8,0.5,0.7,11833542.065,2607768.59556575,33329.311767518775,1.0071374109829776,0.006000723969191313
Standard_GA,ellipsoidal_rotated,50,128,200,0.8,0.8,0.5,0.8,11833542.065,2607768.59556575,33212.28097873832,1.0018388069875073,0.006021868842071854
Standard_GA,ellipsoidal_rotated,50,128,200,0.8,0.8,0.5,0.9,11833542.065,2607768.59556575,33476.38209139944,1.0181350609927904,0.005974361251282971
Standard_GA,ellipsoidal_rotated,50,128,200,0.8,0.8,0.5,1.0,11833542.065,2607768.59556575,33169.1933148402,0.9862611220160034,0.0060296914097853005
Standard_GA,ellipsoidal_rotated,50,128,200,0.8,0.8,0.2,0.5,11833542.065,2607768.59556575,36461.7821307544,1.1423173689981923,0.005485195410437882
Standard_GA,ellipsoidal_rotated,50,128,200,0.8,0.8,0.2,0.7,11833542.065,2607768.59556575,36195.91050665514,1.1451305779919494,0.005525486089463811
Standard_GA,ellipsoidal_rotated,50,128,200,0.8,0.8,0.2,0.8,11833542.065,2607768.59556575,36108.66840216239,1.170948672981467,0.0055388362088706344
Standard_GA,ellipsoidal_rotated,50,128,200,0.8,0.8,0.2,0.9,11833542.065,2607768.59556575,36098.192968671894,1.2768085470015649,0.005540443538920954
Standard_GA,ellipsoidal_rotated,50,128,200,0.8,0.8,0.2,1.0,11833542.065,2607768.59556575,35782.82740576159,1.201043656008551,0.005589273249206599
Standard_GA,ellipsoidal_rotated,50,128,200,0.8,0.8,0.4,0.5,11833542.065,2607768.59556575,35724.9725896865,1.2021675209980458,0.005598324799211696
Standard_GA,ellipsoidal_rotated,50,128,200,0.8,0.8,0.4,0.7,11833542.065,2607768.59556575,35962.269124796825,1.1982204759842716,0.005561384330503643
Standard_GA,ellipsoidal_rotated,50,128,200,0.8,0.8,0.4,0.8,11833542.065,2607768.59556575,36230.63862436526,1.1939009050256573,0.005520189750823193
Standard_GA,ellipsoidal_rotated,50,128,200,0.8,0.8,0.4,0.9,11833542.065,2607768.59556575,36641.325842849874,1.152359008003259,0.005458317770971916
Standard_GA,ellipsoidal_rotated,50,128,200,0.8,0.8,0.4,1.0,11833542.065,2607768.59556575,36800.1354219309,1.170585469022626,0.005434762609074824
Standard_GA,ellipsoidal_rotated,50,128,200,0.8,0.8,0.3,0.5,11833542.065,2607768.59556575,36315.25603289403,1.1455545049975626,0.005507327273662667
Standard_GA,ellipsoidal_rotated,50,128,200,0.8,0.8,0.3,0.7,11833542.065,2607768.59556575,36206.92863162185,1.1978917350061238,0.005523804629629012
Standard_GA,ellipsoidal_rotated,50,128,200,0.8,0.8,0.3,0.8,11833542.065,2607768.59556575,36301.668753821876,1.1621454400010407,0.005509388600185048
Standard_GA,ellipsoidal_rotated,50,128,200,0.8,0.8,0.3,0.9,11833542.065,2607768.59556575,36266.656814332826,1.140387680992717,0.005514707380498294
Standard_GA,ellipsoidal_rotated,50,128,200,0.8,0.8,0.3,1.0,11833542.065,2607768.59556575,35744.640569797346,1.1558849359862506,0.005595244400610682
Standard_GA,ellipsoidal_rotated,50,128,200,0.8,0.8,0.6,0.5,11833542.065,2607768.59556575,35785.898528309466,1.1925850459956564,0.0055887935814098455
Standard_GA,ellipsoidal_rotated,50,128,200,0.8,0.8,0.6,0.7,11833542.065,2607768.59556575,35763.61152004666,1.171668123017298,0.005592276380921249
Standard_GA,ellipsoidal_rotated,50,128,200,0.8,0.8,0.6,0.8,11833542.065,2607768.59556575,36040.182998579796,1.1856963199970778,0.005549361389421392
Standard_GA,ellipsoidal_rotated,50,128,200,0.8,0.8,0.6,0.9,11833542.065,2607768.59556575,35908.24203094477,1.1587541530025192,0.005569751920120325
Standard_GA,ellipsoidal_rotated,50,128,200,0.8,0.8,0.6,1.0,11833542.065,2607768.59556575,35928.77731393496,1.172422129980987,0.005566568498907145
Standard_GA,ellipsoidal_rotated,50,128,200,0.8,0.8,0.7,0.5,11833542.065,2607768.59556575,36209.95337682715,1.2150592309772037,0.005523343206732534
Standard_GA,ellipsoidal_rotated,50,128,200,0.8,0.8,0.7,0.7,11833542.065,2607768.59556575,35889.62344388511,1.247103725996567,0.005572641360049602
Standard_GA,ellipsoidal_rotated,50,128,200,0.8,0.8,0.7,0.8,11833542.065,2607768.59556575,36206.101448032925,1.2426664730010089,0.0055239308293676005
Standard_GA,ellipsoidal_rotated,50,128,200,0.8,0.8,0.7,0.9,11833542.065,2607768.59556575,35970.00916952393,1.213273511006264,0.005560187629016582
Standard_GA,ellipsoidal_rotated,50,128,200,0.8,0.8,0.7,1.0,11833542.065,2607768.59556575,35907.61558331842,1.2257784809917212,0.005569849090534262
Standard_GA,ellipsoidal_rotated,50,128,200,0.8,1.0,0.5,0.5,11833542.065,2607768.59556575,33271.32124423378,1.036053327989066,0.006011182980437298
Standard_GA,ellipsoidal_rotated,50,128,200,0.8,1.0,0.5,0.7,11833542.065,2607768.59556575,33243.09743935942,0.9700642590178177,0.006016286549856887
Standard_GA,ellipsoidal_rotated,50,128,200,0.8,1.0,0.5,0.8,11833542.065,2607768.59556575,33072.707772030524,1.0278807080176193,0.0060472822902374905
Standard_GA,ellipsoidal_rotated,50,128,200,0.8,1.0,0.5,0.9,11833542.065,2607768.59556575,33141.20745815784,1.0134761009830981,0.006034783139766659
Standard_GA,ellipsoidal_rotated,50,128,200,0.8,1.0,0.5,1.0,11833542.065,2607768.59556575,32966.4649343097,0.9923263759992551,0.006066771199111826
Standard_GA,ellipsoidal_rotated,50,128,200,0.8,1.0,0.2,0.5,11833542.065,2607768.59556575,36279.18303371705,1.1709084049798548,0.005512803301389795
Standard_GA,ellipsoidal_rotated,50,128,200,0.8,1.0,0.2,0.7,11833542.065,2607768.59556575,36881.89750559533,1.1548290190112311,0.00542271448939573
Standard_GA,ellipsoidal_rotated,50,128,200,0.8,1.0,0.2,0.8,11833542.065,2607768.59556575,35866.98188849378,1.1452886500046588,0.005576159171178006
Standard_GA,ellipsoidal_rotated,50,128,200,0.8,1.0,0.2,0.9,11833542.065,2607768.59556575,36055.39583543009,1.1511274359945673,0.00554701994988136
Standard_GA,ellipsoidal_rotated,50,128,200,0.8,1.0,0.2,1.0,11833542.065,2607768.59556575,36745.03545682275,1.1310164270107634,0.005442912151629571
Standard_GA,ellipsoidal_rotated,50,128,200,0.8,1.0,0.4,0.5,11833542.065,2607768.59556575,36791.72602399493,1.183442119974643,0.005436004819930531
Standard_GA,ellipsoidal_rotated,50,128,200,0.8,1.0,0.4,0.7,11833542.065,2607768.59556575,35900.11464071632,1.1598200790176634,0.0055710128505597825
Standard_GA,ellipsoidal_rotated,50,128,200,0.8,1.0,0.4,0.8,11833542.065,2607768.59556575,35839.15939834014,1.1707731630012859,0.0055804880292271266
Standard_GA,ellipsoidal_rotated,50,128,200,0.8,1.0,0.4,0.9,11833542.065,2607768.59556575,36039.10806793913,1.171639653010061,0.005549526909017004
Standard_GA,ellipsoidal_rotated,50,128,200,0.8,1.0,0.4,1.0,11833542.065,2607768.59556575,36407.47943728049,1.17787611001404,0.0054933767206966876
Standard_GA,ellipsoidal_rotated,50,128,200,0.8,1.0,0.3,0.5,11833542.065,2607768.59556575,36193.83515844998,1.1100016590207815,0.005525802919873968
Standard_GA,ellipsoidal_rotated,50,128,200,0.8,1.0,0.3,0.7,11833542.065,2607768.59556575,36642.61210255326,1.1499129889998585,0.005458126168523449
Standard_GA,ellipsoidal_rotated,50,128,200,0.8,1.0,0.3,0.8,11833542.065,2607768.59556575,36893.545481581175,1.1235599310020916,0.005421002437942662
Standard_GA,ellipsoidal_rotated,50,128,200,0.8,1.0,0.3,0.9,11833542.065,2607768.59556575,36571.864246186815,1.1491532390064094,0.005468684851657599
Standard_GA,ellipsoidal_rotated,50,128,200,0.8,1.0,0.3,1.0,11833542.065,2607768.59556575,36018.31475394646,1.1943701829877682,0.00555273064179346
Standard_GA,ellipsoidal_rotated,50,128,200,0.8,1.0,0.6,0.5,11833542.065,2607768.59556575,35603.06049096149,1.146761305979453,0.005617494598554913
Standard_GA,ellipsoidal_rotated,50,128,200,0.8,1.0,0.6,0.7,11833542.065,2607768.59556575,36405.59526903911,1.1291199479892384,0.005493661029904615
Standard_GA,ellipsoidal_rotated,50,128,200,0.8,1.0,0.6,0.8,11833542.065,2607768.59556575,36176.47872151743,1.135398297017673,0.005528454041632358
Standard_GA,ellipsoidal_rotated,50,128,200,0.8,1.0,0.6,0.9,11833542.065,2607768.59556575,36434.13621833502,1.1484237599943299,0.005489357530022971
Standard_GA,ellipsoidal_rotated,50,128,200,0.8,1.0,0.6,1.0,11833542.065,2607768.59556575,36633.724626635885,1.1451296680024825,0.005459450329944957
Standard_GA,ellipsoidal_rotated,50,128,200,0.8,1.0,0.7,0.5,11833542.065,2607768.59556575,36039.52861729335,1.2211416540085338,0.00554946215095697
Standard_GA,ellipsoidal_rotated,50,128,200,0.8,1.0,0.7,0.7,11833542.065,2607768.59556575,36292.98441693226,1.228140038001584,0.005510706909699365
Standard_GA,ellipsoidal_rotated,50,128,200,0.8,1.0,0.7,0.8,11833542.065,2607768.59556575,36749.556480413194,1.200342272000853,0.0054422425507800656
Standard_GA,ellipsoidal_rotated,50,128,200,0.8,1.0,0.7,0.9,11833542.065,2607768.59556575,36632.853129874435,1.1853005749871954,0.005459580210444983
Standard_GA,ellipsoidal_rotated,50,128,200,0.8,1.0,0.7,1.0,11833542.065,2607768.59556575,36667.39962521553,1.2131585280003492,0.005454436421568971
Standard_GA,ellipsoidal_rotated,50,128,200,0.9,0.5,0.5,0.5,11833542.065,2607768.59556575,33441.78196133416,1.0250457469956018,0.005980542550969403
Standard_GA,ellipsoidal_rotated,50,128,200,0.9,0.5,0.5,0.7,11833542.065,2607768.59556575,33177.33389027944,0.9954273310140707,0.006028211931115948
Standard_GA,ellipsoidal_rotated,50,128,200,0.9,0.5,0.5,0.8,11833542.065,2607768.59556575,33620.836139164,0.9919687719957437,0.005948692030506209
Standard_GA,ellipsoidal_rotated,50,128,200,0.9,0.5,0.5,0.9,11833542.065,2607768.59556575,32936.56453717239,1.005620275012916,0.006072278721549082
Standard_GA,ellipsoidal_rotated,50,128,200,0.9,0.5,0.5,1.0,11833542.065,2607768.59556575,33148.49638407607,1.0061423569859471,0.006033456168952398
Standard_GA,ellipsoidal_rotated,50,128,200,0.9,0.5,0.2,0.5,11833542.065,2607768.59556575,36928.16643631913,1.145090606994927,0.005415920130908489
Standard_GA,ellipsoidal_rotated,50,128,200,0.9,0.5,0.2,0.7,11833542.065,2607768.59556575,36371.75401546996,1.1475095200003125,0.0054987724791863
Standard_GA,ellipsoidal_rotated,50,128,200,0.9,0.5,0.2,0.8,11833542.065,2607768.59556575,36246.7178401142,1.1304083129798528,0.005517740968498401
Standard_GA,ellipsoidal_rotated,50,128,200,0.9,0.5,0.2,0.9,11833542.065,2607768.59556575,36035.930258631815,1.1736685009964276,0.005550016291090287
Standard_GA,ellipsoidal_rotated,50,128,200,0.9,0.5,0.2,1.0,11833542.065,2607768.59556575,36467.09835679071,1.1429367589880712,0.0054843957707635125
Standard_GA,ellipsoidal_rotated,50,128,200,0.9,0.5,0.4,0.5,11833542.065,2607768.59556575,36711.829505038804,1.1740987270022742,0.005447835280792787
Standard_GA,ellipsoidal_rotated,50,128,200,0.9,0.5,0.4,0.7,11833542.065,2607768.59556575,35621.011396228525,1.1534389209991787,0.005614663710002787
Standard_GA,ellipsoidal_rotated,50,128,200,0.9,0.5,0.4,0.8,11833542.065,2607768.59556575,35873.752425255225,1.2033951439952943,0.0055751067696837705
Standard_GA,ellipsoidal_rotated,50,128,200,0.9,0.5,0.4,0.9,11833542.065,2607768.59556575,36241.87952743627,1.1780228099960368,0.005518477590230759
Standard_GA,ellipsoidal_rotated,50,128,200,0.9,0.5,0.4,1.0,11833542.065,2607768.59556575,36165.442380784014,1.179720918997191,0.005530141119088512
Standard_GA,ellipsoidal_rotated,50,128,200,0.9,0.5,0.3,0.5,11833542.065,2607768.59556575,36817.443628733876,1.1776936090027448,0.005432207678968553
Standard_GA,ellipsoidal_rotated,50,128,200,0.9,0.5,0.3,0.7,11833542.065,2607768.59556575,36726.73746333696,1.131182908982737,0.005445623919076752
Standard_GA,ellipsoidal_rotated,50,128,200,0.9,0.5,0.3,0.8,11833542.065,2607768.59556575,36579.11428864167,1.1754511370090768,0.005467600949050393
Standard_GA,ellipsoidal_rotated,50,128,200,0.9,0.5,0.3,0.9,11833542.065,2607768.59556575,36818.71339330516,1.1504362060222775,0.005432020338776056
Standard_GA,ellipsoidal_rotated,50,128,200,0.9,0.5,0.3,1.0,11833542.065,2607768.59556575,36166.447732883615,1.169688130990835,0.00552998739265604
Standard_GA,ellipsoidal_rotated,50,128,200,0.9,0.5,0.6,0.5,11833542.065,2607768.59556575,36474.25241993545,1.1354587879905012,0.00548332006088458
Standard_GA,ellipsoidal_rotated,50,128,200,0.9,0.5,0.6,0.7,11833542.065,2607768.59556575,36353.5960991525,1.1405551110219676,0.005501519009412732
Standard_GA,ellipsoidal_rotated,50,128,200,0.9,0.5,0.6,0.8,11833542.065,2607768.59556575,36515.25792812758,1.1472627210023347,0.0054771624616114425
Standard_GA,ellipsoidal_rotated,50,128,200,0.9,0.5,0.6,0.9,11833542.065,2607768.59556575,36113.94355745245,1.1593558469903655,0.005538027152360883
Standard_GA,ellipsoidal_rotated,50,128,200,0.9,0.5,0.6,1.0,11833542.065,2607768.59556575,35699.53843072691,1.1722581680223811,0.005602313329291064
Standard_GA,ellipsoidal_rotated,50,128,200,0.9,0.5,0.7,0.5,11833542.065,2607768.59556575,36435.63975223196,1.220490850013448,0.005489131009089761
Standard_GA,ellipsoidal_rotated,50,128,200,0.9,0.5,0.7,0.7,11833542.065,2607768.59556575,36291.82863419339,1.2378488309914246,0.005510882408707403
Standard_GA,ellipsoidal_rotated,50,128,200,0.9,0.5,0.7,0.8,11833542.065,2607768.59556575,35525.80752965006,1.243564949982101,0.005629710171488114
Standard_GA,ellipsoidal_rotated,50,128,200,0.9,0.5,0.7,0.9,11833542.065,2607768.59556575,36299.56722491826,1.2428401990036946,0.005509707560995594
Standard_GA,ellipsoidal_rotated,50,128,200,0.9,0.5,0.7,1.0,11833542.065,2607768.59556575,36014.29001623455,1.2125592830125242,0.005553351181151811
Standard_GA,ellipsoidal_rotated,50,128,200,0.9,0.8,0.5,0.5,11833542.065,2607768.59556575,33241.972871620936,1.026420907001011,0.006016490079346113
Standard_GA,ellipsoidal_rotated,50,128,200,0.9,0.8,0.5,0.7,11833542.065,2607768.59556575,33012.41438447067,1.0108637009980157,0.0060583269575727175
Standard_GA,ellipsoidal_rotated,50,128,200,0.9,0.8,0.5,0.8,11833542.065,2607768.59556575,33263.72284956947,1.0006962660118006,0.006012556108180434
Standard_GA,ellipsoidal_rotated,50,128,200,0.9,0.8,0.5,0.9,11833542.065,2607768.59556575,32902.872731004274,1.0192219369928353,0.0060784965992206706
Standard_GA,ellipsoidal_rotated,50,128,200,0.9,0.8,0.5,1.0,11833542.065,2607768.59556575,33397.390750077415,1.0195505150186364,0.005988491780590266
Standard_GA,ellipsoidal_rotated,50,128,200,0.9,0.8,0.2,0.5,11833542.065,2607768.59556575,36266.33134277101,1.1381022040150128,0.005514756872144062
Standard_GA,ellipsoidal_rotated,50,128,200,0.9,0.8,0.2,0.7,11833542.065,2607768.59556575,36266.32320280312,1.139243964018533,0.005514758109929971
Standard_GA,ellipsoidal_rotated,50,128,200,0.9,0.8,0.2,0.8,11833542.065,2607768.59556575,35863.8866554615,1.1659671220113523,0.00557664042164106
Standard_GA,ellipsoidal_rotated,50,128,200,0.9,0.8,0.2,0.9,11833542.065,2607768.59556575,36685.31139658275,2.636860845988849,0.005451773267996032
Standard_GA,ellipsoidal_rotated,50,128,200,0.9,0.8,0.2,1.0,11833542.065,2607768.59556575,36146.44427470356,1.1448474620119669,0.005533047690114472
Standard_GA,ellipsoidal_rotated,50,128,200,0.9,0.8,0.4,0.5,11833542.065,2607768.59556575,36281.453730427354,1.1841690849978477,0.0055124582792632285
Standard_GA,ellipsoidal_rotated,50,128,200,0.9,0.8,0.4,0.7,11833542.065,2607768.59556575,36978.97485253062,1.1859499140118714,0.005408478758472484
Standard_GA,ellipsoidal_rotated,50,128,200,0.9,0.8,0.4,0.8,11833542.065,2607768.59556575,36775.147120270216,1.1704073989822064,0.005438455469557084
Standard_GA,ellipsoidal_rotated,50,128,200,0.9,0.8,0.4,0.9,11833542.065,2607768.59556575,37004.47380489202,1.211295285000233,0.0054047518971492535
Standard_GA,ellipsoidal_rotated,50,128,200,0.9,0.8,0.4,1.0,11833542.065,2607768.59556575,36886.90507832666,1.1936958680162206,0.005421978330123239
Standard_GA,ellipsoidal_rotated,50,128,200,0.9,0.8,0.3,0.5,11833542.065,2607768.59556575,36583.26611431737,1.158294955996098,0.005466980432393029
Standard_GA,ellipsoidal_rotated,50,128,200,0.9,0.8,0.3,0.7,11833542.065,2607768.59556575,36511.28874237699,1.1662927200086415,0.005477757890475914
Standard_GA,ellipsoidal_rotated,50,128,200,0.9,0.8,0.3,0.8,11833542.065,2607768.59556575,36615.269959369434,1.14683124498697,0.0054622019780799745
Standard_GA,ellipsoidal_rotated,50,128,200,0.9,0.8,0.3,0.9,11833542.065,2607768.59556575,36473.88452058138,1.1619308919762261,0.0054833753692219035
Standard_GA,ellipsoidal_rotated,50,128,200,0.9,0.8,0.3,1.0,11833542.065,2607768.59556575,36105.24830698468,1.1549126600148156,0.005539360879047308
Standard_GA,ellipsoidal_rotated,50,128,200,0.9,0.8,0.6,0.5,11833542.065,2607768.59556575,36203.68197860226,1.1675215949944686,0.005524299990211148
Standard_GA,ellipsoidal_rotated,50,128,200,0.9,0.8,0.6,0.7,11833542.065,2607768.59556575,36015.26131926013,1.1826809750054963,0.005553201411676128
Standard_GA,ellipsoidal_rotated,50,128,200,0.9,0.8,0.6,0.8,11833542.065,2607768.59556575,36316.32080955155,1.1758659810002428,0.005507165801536758
Standard_GA,ellipsoidal_rotated,50,128,200,0.9,0.8,0.6,0.9,11833542.065,2607768.59556575,36126.447578753025,1.189954272005707,0.005536110340326559
Standard_GA,ellipsoidal_rotated,50,128,200,0.9,0.8,0.6,1.0,11833542.065,2607768.59556575,35946.45907732848,1.1601247780199628,0.0055638303502928465
Standard_GA,ellipsoidal_rotated,50,128,200,0.9,0.8,0.7,0.5,11833542.065,2607768.59556575,36217.74149183943,1.228850367013365,0.005522155489597935
Standard_GA,ellipsoidal_rotated,50,128,200,0.9,0.8,0.7,0.7,11833542.065,2607768.59556575,36817.45725312285,1.225061197008472,0.005432205668766983
Standard_GA,ellipsoidal_rotated,50,128,200,0.9,0.8,0.7,0.8,11833542.065,2607768.59556575,36527.303130789864,1.225063535006484,0.00547535631863866
Standard_GA,ellipsoidal_rotated,50,128,200,0.9,0.8,0.7,0.9,11833542.065,2607768.59556575,36588.73385485387,1.227444980002474,0.005466163458768278
Standard_GA,ellipsoidal_rotated,50,128,200,0.9,0.8,0.7,1.0,11833542.065,2607768.59556575,36165.80579522297,1.219006802974036,0.005530085549107753
Standard_GA,ellipsoidal_rotated,50,128,200,0.9,1.0,0.5,0.5,11833542.065,2607768.59556575,32857.0469917571,1.007937429996673,0.006086974281352013
Standard_GA,ellipsoidal_rotated,50,128,200,0.9,1.0,0.5,0.7,11833542.065,2607768.59556575,33276.580408035756,0.9939689899911173,0.006010232949047349
Standard_GA,ellipsoidal_rotated,50,128,200,0.9,1.0,0.5,0.8,11833542.065,2607768.59556575,33113.92203539233,1.0074128150008619,0.006039755719248205
Standard_GA,ellipsoidal_rotated,50,128,200,0.9,1.0,0.5,0.9,11833542.065,2607768.59556575,33359.64292091377,0.9851303010073025,0.0059952680091373625
Standard_GA,ellipsoidal_rotated,50,128,200,0.9,1.0,0.5,1.0,11833542.065,2607768.59556575,33119.94335748685,1.019026099005714,0.0060386576704331675
Standard_GA,ellipsoidal_rotated,50,128,200,0.9,1.0,0.2,0.5,11833542.065,2607768.59556575,35952.129385260654,1.1434701069956645,0.005562952832551673
Standard_GA,ellipsoidal_rotated,50,128,200,0.9,1.0,0.2,0.7,11833542.065,2607768.59556575,36312.169741703095,1.1629432089976035,0.005507795359590091
